Target,Prediction,Prediction_SRPPHAT,Prediction_MUSIC,T60,SNR,Signal Type
37.0,31.94553052811921,49.020349973526955,37.03848599469172,"tensor([[0.5000]], dtype=torch.float64)",tensor([-255]),['s']
14.0,67.86080867501212,14.04374522656862,14.180328143778858,"tensor([[0.5000]], dtype=torch.float64)",tensor([-255]),['n']
51.0,51.06965491348202,51.11144082165215,51.58452799612284,"tensor([[0.5000]], dtype=torch.float64)",tensor([-255]),['s']
65.0,63.842789800598844,64.82651186388922,64.67634796019603,"tensor([[0.5000]], dtype=torch.float64)",tensor([-255]),['s']
15.0,68.51901111406134,15.243530529974395,15.208734940151109,"tensor([[0.5000]], dtype=torch.float64)",tensor([-255]),['s']
8.0,5.74818820732412,8.063796545340525,8.107007997588287,"tensor([[0.5000]], dtype=torch.float64)",tensor([-255]),['s']
41.0,38.999052962398046,41.255487579046935,41.201881033436294,"tensor([[0.5000]], dtype=torch.float64)",tensor([-255]),['n']
59.0,60.825894079075574,58.446952456741215,58.04522783531606,"tensor([[0.5000]], dtype=torch.float64)",tensor([-255]),['s']
57.0,57.06539941272112,56.62774384667014,56.18340782353879,"tensor([[0.5000]], dtype=torch.float64)",tensor([-255]),['n']
27.0,24.95435380634557,26.41189565804423,26.077427222263456,"tensor([[0.5000]], dtype=torch.float64)",tensor([-255]),['s']
49.0,48.920652495363676,49.498069702260885,50.1558198836589,"tensor([[0.5000]], dtype=torch.float64)",tensor([-255]),['s']
4.0,6.266483942027222,3.9970019218530273,4.8269794604864185,"tensor([[0.5000]], dtype=torch.float64)",tensor([-255]),['n']
25.0,23.04989696769909,25.301866427725745,24.548023765035204,"tensor([[0.5000]], dtype=torch.float64)",tensor([-255]),['s']
36.0,34.197666419389535,36.39244377314802,36.95445351811162,"tensor([[0.5000]], dtype=torch.float64)",tensor([-255]),['s']
18.0,17.08645951958097,17.960298484341816,17.98424234487544,"tensor([[0.5000]], dtype=torch.float64)",tensor([-255]),['n']
8.0,9.976832284330563,8.00530963037898,8.746353807804566,"tensor([[0.5000]], dtype=torch.float64)",tensor([-255]),['s']
43.0,43.94784887516707,43.42867951763675,43.946538519613554,"tensor([[0.5000]], dtype=torch.float64)",tensor([-255]),['n']
11.0,9.865362051489381,11.3903878164482,11.236793882697917,"tensor([[0.5000]], dtype=torch.float64)",tensor([-255]),['n']
22.0,22.87084752063044,21.910941994511703,21.899441834926108,"tensor([[0.5000]], dtype=torch.float64)",tensor([-255]),['s']
42.0,38.193214790807176,42.52381674378677,42.84046059952847,"tensor([[0.5000]], dtype=torch.float64)",tensor([-255]),['s']
17.0,17.160082261222154,16.994842619644636,17.00180313135245,"tensor([[0.5000]], dtype=torch.float64)",tensor([-255]),['n']
68.0,67.54534664398705,67.79061612646387,67.40761319814384,"tensor([[0.5000]], dtype=torch.float64)",tensor([-255]),['n']
57.0,57.95838241596129,56.824094160340955,56.55676400954122,"tensor([[0.5000]], dtype=torch.float64)",tensor([-255]),['n']
2.0,69.07860711432512,1.5471065727449247,0.4264702832584862,"tensor([[0.5000]], dtype=torch.float64)",tensor([-255]),['n']
22.0,23.64590700750108,22.697928510847774,22.139162656055262,"tensor([[0.5000]], dtype=torch.float64)",tensor([-255]),['s']
26.0,35.78786088736212,25.692655406215685,25.711143661394296,"tensor([[0.5000]], dtype=torch.float64)",tensor([-255]),['s']
37.0,35.006674143272406,36.802257225129644,36.8289734975225,"tensor([[0.5000]], dtype=torch.float64)",tensor([-255]),['n']
3.0,5.067023892876293,3.2017519791125757,3.0518740203025287,"tensor([[0.5000]], dtype=torch.float64)",tensor([-255]),['s']
10.0,9.011786446004159,9.970201272299128,10.719180428111034,"tensor([[0.5000]], dtype=torch.float64)",tensor([-255]),['s']
43.0,44.805479183904296,44.20829086119057,43.86029419018605,"tensor([[0.5000]], dtype=torch.float64)",tensor([-255]),['s']
38.0,36.16494862385963,38.11496453721449,38.1865944860409,"tensor([[0.5000]], dtype=torch.float64)",tensor([-255]),['n']
70.0,68.42719022918618,69.31994428237039,69.50049231220379,"tensor([[0.5000]], dtype=torch.float64)",tensor([-255]),['n']
28.0,26.751873104086382,28.200765372337518,28.158102762968234,"tensor([[0.5000]], dtype=torch.float64)",tensor([-255]),['s']
9.0,9.792576148709637,9.215861326877402,9.777546522101064,"tensor([[0.5000]], dtype=torch.float64)",tensor([-255]),['s']
28.0,27.249410841763762,28.627119816682285,27.46606689388287,"tensor([[0.5000]], dtype=torch.float64)",tensor([-255]),['n']
61.0,27.320792843314113,60.47895764199086,60.1673208848075,"tensor([[0.5000]], dtype=torch.float64)",tensor([-255]),['s']
16.0,67.97362877782223,16.335849896637527,16.12784212901216,"tensor([[0.5000]], dtype=torch.float64)",tensor([-255]),['n']
40.0,35.28297684382729,40.37756861660184,41.3874278116237,"tensor([[0.5000]], dtype=torch.float64)",tensor([-255]),['n']
33.0,29.90258726613878,33.24996707663469,33.16250706295509,"tensor([[0.5000]], dtype=torch.float64)",tensor([-255]),['s']
49.0,49.016860633987356,49.564276193688414,49.28678079238935,"tensor([[0.5000]], dtype=torch.float64)",tensor([-255]),['s']
4.0,1.5198415594206574,3.881051339057976,4.524526936018119,"tensor([[0.5000]], dtype=torch.float64)",tensor([-255]),['s']
38.0,39.63926778670451,38.530068510708645,38.51498285553285,"tensor([[0.5000]], dtype=torch.float64)",tensor([-255]),['s']
6.0,70.09005061207317,8.622836381630204,7.730351109002925,"tensor([[0.5000]], dtype=torch.float64)",tensor([-255]),['s']
69.0,66.07400425321157,68.86704827635411,68.90018420694457,"tensor([[0.5000]], dtype=torch.float64)",tensor([-255]),['s']
58.0,56.257547397476465,57.77496957654432,58.09427209365469,"tensor([[0.5000]], dtype=torch.float64)",tensor([-255]),['s']
38.0,37.44494881546591,37.4434198962323,37.20656269127619,"tensor([[0.5000]], dtype=torch.float64)",tensor([-255]),['n']
71.0,3.498097636052049,0.0,0.0,"tensor([[0.5000]], dtype=torch.float64)",tensor([-255]),['s']
56.0,58.98741522892997,55.67929596770994,55.49173121786392,"tensor([[0.5000]], dtype=torch.float64)",tensor([-255]),['s']
48.0,43.93226555346163,48.690991131732,48.38922999177903,"tensor([[0.5000]], dtype=torch.float64)",tensor([-255]),['s']
36.0,37.49790703288639,36.02642087918928,36.583316278593806,"tensor([[0.5000]], dtype=torch.float64)",tensor([-255]),['n']
18.0,11.222140100042534,18.03890469631262,18.05160936142648,"tensor([[0.5000]], dtype=torch.float64)",tensor([-255]),['n']
63.0,63.31559347222306,62.672730589978535,62.66200687108943,"tensor([[0.5000]], dtype=torch.float64)",tensor([-255]),['n']
4.0,8.127643089698697,3.9204987199691566,4.094909140100748,"tensor([[0.5000]], dtype=torch.float64)",tensor([-255]),['n']
1.0,4.582175771822049,0.7634044369504687,1.8274106003043533,"tensor([[0.5000]], dtype=torch.float64)",tensor([-255]),['n']
48.0,32.17853177392511,48.60899592222452,48.82379535652819,"tensor([[0.5000]], dtype=torch.float64)",tensor([-255]),['s']
65.0,65.2767924643195,64.14298726309035,64.15699220299337,"tensor([[0.5000]], dtype=torch.float64)",tensor([-255]),['n']
32.0,29.92391279356662,31.457666747930066,32.02578345522865,"tensor([[0.5000]], dtype=torch.float64)",tensor([-255]),['s']
15.0,16.383141260535986,15.001067041944184,15.009659195271896,"tensor([[0.5000]], dtype=torch.float64)",tensor([-255]),['n']
69.0,67.0972294718422,68.75173305073913,67.98092081180728,"tensor([[0.5000]], dtype=torch.float64)",tensor([-255]),['n']
32.0,32.23188124580805,31.947052238112796,31.623921728642607,"tensor([[0.5000]], dtype=torch.float64)",tensor([-255]),['s']
12.0,11.865084098004195,11.819269938451546,11.777748137004389,"tensor([[0.5000]], dtype=torch.float64)",tensor([-255]),['s']
26.0,27.91877535194491,26.140290148908026,25.99686208189758,"tensor([[0.5000]], dtype=torch.float64)",tensor([-255]),['n']
19.0,20.109162298445312,19.114753672055407,19.035106628590402,"tensor([[0.5000]], dtype=torch.float64)",tensor([-255]),['n']
12.0,69.1435326601719,11.832180977570598,11.962890553728583,"tensor([[0.5000]], dtype=torch.float64)",tensor([-255]),['n']
19.0,17.912773727176923,18.930776121509407,18.998609789346023,"tensor([[0.5000]], dtype=torch.float64)",tensor([-255]),['s']
31.0,30.69011878528793,31.174163752275895,30.588921441444693,"tensor([[0.5000]], dtype=torch.float64)",tensor([-255]),['s']
15.0,19.868431559550878,15.026476833271763,15.071570982344397,"tensor([[0.5000]], dtype=torch.float64)",tensor([-255]),['n']
58.0,56.79191330086948,57.66451681016902,57.53002266966515,"tensor([[0.5000]], dtype=torch.float64)",tensor([-255]),['s']
24.0,25.63964180307648,24.164650790458264,23.663949176097855,"tensor([[0.5000]], dtype=torch.float64)",tensor([-255]),['s']
64.0,63.83613863626147,63.87759912864415,63.04173903001192,"tensor([[0.5000]], dtype=torch.float64)",tensor([-255]),['n']
17.0,19.459019082891672,17.10461758863129,16.917150724103124,"tensor([[0.5000]], dtype=torch.float64)",tensor([-255]),['s']
55.0,6.606187136454368,54.84526050415652,54.91521193837032,"tensor([[0.5000]], dtype=torch.float64)",tensor([-255]),['s']
46.0,44.962348366383466,47.084969359416704,46.99006298019569,"tensor([[0.5000]], dtype=torch.float64)",tensor([-255]),['n']
64.0,61.93632458612117,63.617167197492975,62.95552616814185,"tensor([[0.5000]], dtype=torch.float64)",tensor([-255]),['s']
20.0,31.912607046347915,19.48083242702957,19.79958306452557,"tensor([[0.5000]], dtype=torch.float64)",tensor([-255]),['s']
44.0,44.19597142628582,47.83003622250446,46.30610527148519,"tensor([[0.5000]], dtype=torch.float64)",tensor([-255]),['s']
28.0,28.49215775989873,28.01752711014515,27.597504728990632,"tensor([[0.5000]], dtype=torch.float64)",tensor([-255]),['n']
49.0,46.95414067182483,49.13618342085078,49.22643395434146,"tensor([[0.5000]], dtype=torch.float64)",tensor([-255]),['n']
31.0,26.380520742668867,31.115974176916843,31.085968197796277,"tensor([[0.5000]], dtype=torch.float64)",tensor([-255]),['n']
59.0,7.301405939644246,58.80969716002145,58.758524714383945,"tensor([[0.5000]], dtype=torch.float64)",tensor([-255]),['n']
60.0,59.99088753961429,59.15857199196993,58.96759560334945,"tensor([[0.5000]], dtype=torch.float64)",tensor([-255]),['s']
54.0,55.34795838340224,53.97318614186179,54.02165088927891,"tensor([[0.5000]], dtype=torch.float64)",tensor([-255]),['s']
54.0,55.482767923505975,54.03266725038164,54.010422868766405,"tensor([[0.5000]], dtype=torch.float64)",tensor([-255]),['n']
14.0,13.849637485293554,13.75912600016071,13.965407195856624,"tensor([[0.5000]], dtype=torch.float64)",tensor([-255]),['s']
35.0,37.214910614295775,34.9213178962144,34.40695632154497,"tensor([[0.5000]], dtype=torch.float64)",tensor([-255]),['n']
66.0,65.23472252036593,65.9282130180676,65.89098249235471,"tensor([[0.5000]], dtype=torch.float64)",tensor([-255]),['n']
32.0,28.166201644990107,31.964823417614575,31.3504210997385,"tensor([[0.5000]], dtype=torch.float64)",tensor([-255]),['n']
59.0,60.014510039815335,58.73527664708757,58.73267639283927,"tensor([[0.5000]], dtype=torch.float64)",tensor([-255]),['s']
5.0,71.0,4.445150949060866,4.611811503236594,"tensor([[0.5000]], dtype=torch.float64)",tensor([-255]),['n']
43.0,12.193394961588178,43.75703197728597,43.882271508731385,"tensor([[0.5000]], dtype=torch.float64)",tensor([-255]),['n']
13.0,26.83331192604809,12.803685364044693,12.906093063079332,"tensor([[0.5000]], dtype=torch.float64)",tensor([-255]),['n']
71.0,2.223329870937839,71.0,71.0,"tensor([[0.5000]], dtype=torch.float64)",tensor([-255]),['n']
49.0,49.473664640633274,49.720078157750805,49.685885483235936,"tensor([[0.5000]], dtype=torch.float64)",tensor([-255]),['n']
47.0,46.584726588146225,47.651794637067425,47.4907177873252,"tensor([[0.5000]], dtype=torch.float64)",tensor([-255]),['s']
43.0,46.26159993089473,43.452293876281715,43.51212926252439,"tensor([[0.5000]], dtype=torch.float64)",tensor([-255]),['n']
6.0,6.111022536600304,6.6676820617563095,8.150803919761117,"tensor([[0.5000]], dtype=torch.float64)",tensor([-255]),['n']
36.0,45.876949745332944,36.0699104057649,36.00044311411333,"tensor([[0.5000]], dtype=torch.float64)",tensor([-255]),['n']
47.0,47.904666076108924,47.469439022360596,47.27537244424786,"tensor([[0.5000]], dtype=torch.float64)",tensor([-255]),['s']
15.0,15.414548256052488,14.634976480364529,14.966218758795987,"tensor([[0.5000]], dtype=torch.float64)",tensor([-255]),['s']
11.0,8.865362248878348,11.294386398594165,13.180546869661633,"tensor([[0.5000]], dtype=torch.float64)",tensor([-255]),['n']
63.0,61.82207480055892,61.92968593585106,62.155968042809555,"tensor([[0.5000]], dtype=torch.float64)",tensor([-255]),['s']
33.0,33.32087694872328,33.211863694217435,32.55602680923778,"tensor([[0.5000]], dtype=torch.float64)",tensor([-255]),['n']
47.0,45.555195850337,47.90160618735485,48.09586374023035,"tensor([[0.5000]], dtype=torch.float64)",tensor([-255]),['s']
17.0,15.916237646964795,17.158332179130138,17.027808985696886,"tensor([[0.5000]], dtype=torch.float64)",tensor([-255]),['n']
52.0,51.68784726199341,52.17854704931168,52.21804474455277,"tensor([[0.5000]], dtype=torch.float64)",tensor([-255]),['n']
21.0,23.257580233614718,21.29015607476712,21.148068794962658,"tensor([[0.5000]], dtype=torch.float64)",tensor([-255]),['s']
31.0,27.867353143595757,30.96789241228038,30.87384591866419,"tensor([[0.5000]], dtype=torch.float64)",tensor([-255]),['n']
63.0,63.01304655481756,60.92272499839003,61.57290613177773,"tensor([[0.5000]], dtype=torch.float64)",tensor([-255]),['s']
42.0,43.760332766375214,42.59473494363057,42.81575682368406,"tensor([[0.5000]], dtype=torch.float64)",tensor([-255]),['s']
48.0,35.63125773470311,48.72951961682987,48.937266219689796,"tensor([[0.5000]], dtype=torch.float64)",tensor([-255]),['n']
3.0,4.478699479395015,3.3960819727363454,4.856930627696258,"tensor([[0.5000]], dtype=torch.float64)",tensor([-255]),['s']
58.0,29.052445708389246,58.279264264947194,58.004373505591225,"tensor([[0.5000]], dtype=torch.float64)",tensor([-255]),['s']
44.0,45.161887789176255,45.476065823626485,45.32527278816387,"tensor([[0.5000]], dtype=torch.float64)",tensor([-255]),['n']
36.0,41.8055059609287,35.93601790336135,35.54775637355734,"tensor([[0.5000]], dtype=torch.float64)",tensor([-255]),['n']
23.0,36.91021320425478,22.73062091351199,22.280307577507298,"tensor([[0.5000]], dtype=torch.float64)",tensor([-255]),['s']
37.0,38.959837166523926,36.97006801932453,35.71179866806073,"tensor([[0.5000]], dtype=torch.float64)",tensor([-255]),['n']
56.0,55.12050470041401,56.5947050461225,55.903062199936954,"tensor([[0.5000]], dtype=torch.float64)",tensor([-255]),['s']
70.0,63.61889224848653,69.83102108632262,69.73820025923571,"tensor([[0.5000]], dtype=torch.float64)",tensor([-255]),['s']
26.0,25.00145098959444,25.864807081333314,25.87221763169712,"tensor([[0.5000]], dtype=torch.float64)",tensor([-255]),['s']
35.0,33.63775709501619,35.22054061419291,35.25209670707261,"tensor([[0.5000]], dtype=torch.float64)",tensor([-255]),['n']
1.0,2.109722743955438,1.0381345347137567,0.9922261886738225,"tensor([[0.5000]], dtype=torch.float64)",tensor([-255]),['n']
59.0,58.99515035231704,58.234659925537166,58.015027623923054,"tensor([[0.5000]], dtype=torch.float64)",tensor([-255]),['s']
68.0,62.58413408044429,68.30750204169223,68.20136048204185,"tensor([[0.5000]], dtype=torch.float64)",tensor([-255]),['n']
64.0,63.95295245874411,63.24477544028417,62.29771114740276,"tensor([[0.5000]], dtype=torch.float64)",tensor([-255]),['n']
12.0,14.480626751241651,12.011305419607366,12.010075409889046,"tensor([[0.5000]], dtype=torch.float64)",tensor([-255]),['s']
23.0,40.79688732919043,23.54253976502696,23.01253798874873,"tensor([[0.5000]], dtype=torch.float64)",tensor([-255]),['s']
8.0,8.491571768410552,8.238688438709001,8.722995473043353,"tensor([[0.5000]], dtype=torch.float64)",tensor([-255]),['n']
45.0,42.11557638131214,45.407927849103935,47.29109449895348,"tensor([[0.5000]], dtype=torch.float64)",tensor([-255]),['n']
16.0,15.70082669971261,16.295103489729556,16.198726803081605,"tensor([[0.5000]], dtype=torch.float64)",tensor([-255]),['n']
51.0,49.08451205671166,51.24780064707613,51.15486451625501,"tensor([[0.5000]], dtype=torch.float64)",tensor([-255]),['n']
18.0,63.57598629550134,18.318511362070943,18.240594543758586,"tensor([[0.5000]], dtype=torch.float64)",tensor([-255]),['n']
33.0,31.88193959781491,33.12082453042782,33.06708805069724,"tensor([[0.5000]], dtype=torch.float64)",tensor([-255]),['n']
62.0,60.176509988773944,61.34940812337449,60.92909243013553,"tensor([[0.5000]], dtype=torch.float64)",tensor([-255]),['n']
4.0,4.020459363284056,3.8856902320480504,4.615556116066763,"tensor([[0.5000]], dtype=torch.float64)",tensor([-255]),['s']
32.0,39.55451564675093,32.023928517396214,31.950242542194793,"tensor([[0.5000]], dtype=torch.float64)",tensor([-255]),['n']
9.0,7.032575351351671,10.88465026157859,10.184379541796625,"tensor([[0.5000]], dtype=torch.float64)",tensor([-255]),['s']
37.0,40.20641971794444,37.13778983893356,37.1094211551074,"tensor([[0.5000]], dtype=torch.float64)",tensor([-255]),['n']
47.0,48.56944709563749,47.474924262626814,47.85027124592898,"tensor([[0.5000]], dtype=torch.float64)",tensor([-255]),['n']
43.0,41.80843248584177,43.700613132040864,43.8812172395047,"tensor([[0.5000]], dtype=torch.float64)",tensor([-255]),['n']
25.0,26.377961281882236,24.67768664751442,23.15099700029253,"tensor([[0.5000]], dtype=torch.float64)",tensor([-255]),['s']
64.0,63.57757831019673,63.449050992330214,62.8741326349536,"tensor([[0.5000]], dtype=torch.float64)",tensor([-255]),['n']
49.0,47.98600166253641,49.53720141283025,49.81748778468784,"tensor([[0.5000]], dtype=torch.float64)",tensor([-255]),['n']
44.0,42.706194122711224,44.43540078721521,44.80088555943949,"tensor([[0.5000]], dtype=torch.float64)",tensor([-255]),['n']
42.0,41.36592935253367,42.91764437834647,43.59564352442924,"tensor([[0.5000]], dtype=torch.float64)",tensor([-255]),['n']
68.0,64.47495692314085,67.7330626776433,67.72282104568498,"tensor([[0.5000]], dtype=torch.float64)",tensor([-255]),['s']
67.0,65.23380185949549,66.67979449300152,66.31168896603681,"tensor([[0.5000]], dtype=torch.float64)",tensor([-255]),['n']
58.0,60.83734997356388,57.900202145173125,57.72838733914786,"tensor([[0.5000]], dtype=torch.float64)",tensor([-255]),['n']
36.0,36.92526245406708,36.479042243753725,36.04794497296823,"tensor([[0.5000]], dtype=torch.float64)",tensor([-255]),['s']
9.0,10.426167835600653,8.693558792599582,10.898117153743557,"tensor([[0.5000]], dtype=torch.float64)",tensor([-255]),['s']
48.0,48.91628706242953,48.729045104589,48.878961677370135,"tensor([[0.5000]], dtype=torch.float64)",tensor([-255]),['n']
36.0,26.356529725258397,36.18640411119736,36.27876214602798,"tensor([[0.5000]], dtype=torch.float64)",tensor([-255]),['n']
70.0,64.6250008855598,69.77052357658037,69.80422978699238,"tensor([[0.5000]], dtype=torch.float64)",tensor([-255]),['n']
22.0,59.0667590247225,21.72781860782562,21.539957120345814,"tensor([[0.5000]], dtype=torch.float64)",tensor([-255]),['n']
64.0,69.23449280026492,62.943000759468426,63.10113106140093,"tensor([[0.5000]], dtype=torch.float64)",tensor([-255]),['n']
19.0,41.081383320705704,19.29241332095404,19.287467161737748,"tensor([[0.5000]], dtype=torch.float64)",tensor([-255]),['s']
65.0,65.90137740239342,64.60814165878534,64.75600830731413,"tensor([[0.5000]], dtype=torch.float64)",tensor([-255]),['n']
71.0,5.0002475307274405,70.86654932600032,70.98804223940971,"tensor([[0.5000]], dtype=torch.float64)",tensor([-255]),['n']
7.0,10.93998320619318,6.46464904502886,6.869286422222145,"tensor([[0.5000]], dtype=torch.float64)",tensor([-255]),['n']
9.0,7.079414077771009,9.821158947296441,9.17394176408828,"tensor([[0.5000]], dtype=torch.float64)",tensor([-255]),['n']
68.0,2.184914645305033,67.82331757256219,67.87177970362123,"tensor([[0.5000]], dtype=torch.float64)",tensor([-255]),['n']
5.0,4.510681615093863,4.723162132892276,4.868472316873084,"tensor([[0.5000]], dtype=torch.float64)",tensor([-255]),['s']
26.0,25.541159194384864,25.1699501737189,25.195637617607666,"tensor([[0.5000]], dtype=torch.float64)",tensor([-255]),['n']
29.0,28.397604281566966,28.76921735865556,28.931890286006833,"tensor([[0.5000]], dtype=torch.float64)",tensor([-255]),['s']
49.0,50.34119795989018,49.360794759008385,49.80501877302635,"tensor([[0.5000]], dtype=torch.float64)",tensor([-255]),['n']
68.0,27.497679964868198,68.29329385971145,68.40450618471037,"tensor([[0.5000]], dtype=torch.float64)",tensor([-255]),['s']
13.0,10.9258201297101,13.062965732755384,13.086535302619001,"tensor([[0.5000]], dtype=torch.float64)",tensor([-255]),['n']
34.0,27.253408270813487,34.183321140130154,34.03334024676219,"tensor([[0.5000]], dtype=torch.float64)",tensor([-255]),['s']
52.0,48.964415336638694,50.96911918415995,52.00140234422151,"tensor([[0.5000]], dtype=torch.float64)",tensor([-255]),['s']
18.0,17.28464634087243,18.17164386119038,18.107400998075224,"tensor([[0.5000]], dtype=torch.float64)",tensor([-255]),['s']
29.0,32.151981358572854,29.006387803479605,28.838330046386343,"tensor([[0.5000]], dtype=torch.float64)",tensor([-255]),['s']
20.0,19.21681059976697,19.709596963994166,19.813290197663044,"tensor([[0.5000]], dtype=torch.float64)",tensor([-255]),['n']
1.0,6.710721098222049,0.6166092436528632,0.8383431010225415,"tensor([[0.5000]], dtype=torch.float64)",tensor([-255]),['n']
43.0,32.49579066340218,43.32305638064571,43.34401060874013,"tensor([[0.5000]], dtype=torch.float64)",tensor([-255]),['s']
66.0,64.59637939057077,65.4329877001879,64.81006974734031,"tensor([[0.5000]], dtype=torch.float64)",tensor([-255]),['s']
49.0,50.31031907634561,49.74668255440745,49.904156046956885,"tensor([[0.5000]], dtype=torch.float64)",tensor([-255]),['n']
63.0,65.47461162009873,62.53168236109839,62.68296971702669,"tensor([[0.5000]], dtype=torch.float64)",tensor([-255]),['s']
55.0,55.18241674338402,54.87546363538811,54.91473560519414,"tensor([[0.5000]], dtype=torch.float64)",tensor([-255]),['s']
62.0,60.41099548303768,61.3362333331724,60.960229497645415,"tensor([[0.5000]], dtype=torch.float64)",tensor([-255]),['s']
68.0,67.49240200595409,67.27559818532185,67.71166648145982,"tensor([[0.5000]], dtype=torch.float64)",tensor([-255]),['s']
22.0,23.982777531058836,22.334187862348262,21.699873578936327,"tensor([[0.5000]], dtype=torch.float64)",tensor([-255]),['s']
31.0,27.54742065905142,30.850144826063598,28.991882247572313,"tensor([[0.5000]], dtype=torch.float64)",tensor([-255]),['n']
61.0,61.577896988016775,60.174230334336556,60.03704398671369,"tensor([[0.5000]], dtype=torch.float64)",tensor([-255]),['n']
10.0,5.027548720878208,10.122214627678618,12.567100595871011,"tensor([[0.5000]], dtype=torch.float64)",tensor([-255]),['n']
0.0,6.103862669895676,0.32961118485621427,0.6187030715627118,"tensor([[0.5000]], dtype=torch.float64)",tensor([-255]),['s']
61.0,63.8302334103503,59.42503468263585,59.8268966567916,"tensor([[0.5000]], dtype=torch.float64)",tensor([-255]),['s']
65.0,66.40429879205266,64.52147110887155,64.08255394380323,"tensor([[0.5000]], dtype=torch.float64)",tensor([-255]),['n']
25.0,33.88387063115293,24.974880519274688,24.950120526737628,"tensor([[0.5000]], dtype=torch.float64)",tensor([-255]),['s']
22.0,21.095382965321278,21.834913732004285,21.862388591656593,"tensor([[0.5000]], dtype=torch.float64)",tensor([-255]),['n']
18.0,41.444277124296875,18.05975130086622,18.079537144930867,"tensor([[0.5000]], dtype=torch.float64)",tensor([-255]),['n']
37.0,38.16323052125867,37.58033358150364,42.83138861168315,"tensor([[0.5000]], dtype=torch.float64)",tensor([-255]),['n']
21.0,21.22421450655626,20.94145882588948,20.863266926658405,"tensor([[0.5000]], dtype=torch.float64)",tensor([-255]),['s']
65.0,63.345756388570194,63.83056605605897,63.71854636715302,"tensor([[0.5000]], dtype=torch.float64)",tensor([-255]),['s']
42.0,41.977076678616825,42.91733286716554,42.95368400679956,"tensor([[0.5000]], dtype=torch.float64)",tensor([-255]),['s']
33.0,29.948781926494412,33.336105505934015,32.71489672153175,"tensor([[0.5000]], dtype=torch.float64)",tensor([-255]),['n']
50.0,48.82847869369595,50.52409375026814,50.5524808443336,"tensor([[0.5000]], dtype=torch.float64)",tensor([-255]),['s']
61.0,59.30933895363896,60.42118137092266,60.150575567477794,"tensor([[0.5000]], dtype=torch.float64)",tensor([-255]),['s']
27.0,26.170752353488023,26.185216796307778,27.072085371450438,"tensor([[0.5000]], dtype=torch.float64)",tensor([-255]),['s']
33.0,28.319150128996377,33.01248162760505,33.000136806853334,"tensor([[0.5000]], dtype=torch.float64)",tensor([-255]),['n']
9.0,8.749447470927898,9.689963164190644,9.771145999080733,"tensor([[0.5000]], dtype=torch.float64)",tensor([-255]),['n']
28.0,27.25923234453432,28.087224554677594,27.377566170571917,"tensor([[0.5000]], dtype=torch.float64)",tensor([-255]),['n']
1.0,69.57909372653756,0.7619741198202872,1.1257482635742004,"tensor([[0.5000]], dtype=torch.float64)",tensor([-255]),['n']
62.0,60.62910975039884,61.414278704051625,60.241278849963834,"tensor([[0.5000]], dtype=torch.float64)",tensor([-255]),['n']
4.0,7.827821030237008,4.031274355834052,4.227599376994648,"tensor([[0.5000]], dtype=torch.float64)",tensor([-255]),['n']
54.0,53.03013337629879,54.220153291339685,54.080118863413546,"tensor([[0.5000]], dtype=torch.float64)",tensor([-255]),['n']
63.0,62.029064133906786,61.93054198076737,62.02185373979118,"tensor([[0.5000]], dtype=torch.float64)",tensor([-255]),['s']
36.0,35.6000133268537,35.64987771918721,35.24080373614395,"tensor([[0.5000]], dtype=torch.float64)",tensor([-255]),['n']
7.0,6.207265035500698,6.970853263280876,7.249362390248109,"tensor([[0.5000]], dtype=torch.float64)",tensor([-255]),['n']
66.0,65.97872184929727,65.82268412091221,65.69645870129284,"tensor([[0.5000]], dtype=torch.float64)",tensor([-255]),['n']
9.0,8.300429523862098,8.749855019520988,9.226228761711406,"tensor([[0.5000]], dtype=torch.float64)",tensor([-255]),['n']
53.0,19.152378698024513,53.19578594584877,53.04974290210207,"tensor([[0.5000]], dtype=torch.float64)",tensor([-255]),['s']
48.0,49.2893325687811,48.20006698113444,48.40197949765566,"tensor([[0.5000]], dtype=torch.float64)",tensor([-255]),['s']
37.0,31.034570523146407,36.856421028799794,36.550781969140246,"tensor([[0.5000]], dtype=torch.float64)",tensor([-255]),['n']
19.0,19.74909385433178,18.685607649112086,18.771196904598746,"tensor([[0.5000]], dtype=torch.float64)",tensor([-255]),['n']
38.0,35.93534390401206,37.13122003410328,40.78267307839182,"tensor([[0.5000]], dtype=torch.float64)",tensor([-255]),['n']
9.0,69.85779954226926,8.8817330250308,8.973677358277214,"tensor([[0.5000]], dtype=torch.float64)",tensor([-255]),['n']
5.0,10.600251553378067,5.406593401938092,5.323258559397856,"tensor([[0.5000]], dtype=torch.float64)",tensor([-255]),['s']
52.0,53.08799737912918,52.20168383797244,52.05035736154702,"tensor([[0.5000]], dtype=torch.float64)",tensor([-255]),['n']
47.0,49.04498100576541,47.621022304293945,47.8783846820581,"tensor([[0.5000]], dtype=torch.float64)",tensor([-255]),['s']
19.0,61.59547753044719,19.098589892693045,19.02777546518482,"tensor([[0.5000]], dtype=torch.float64)",tensor([-255]),['n']
67.0,66.09358675314323,66.41273332398849,66.32663495613899,"tensor([[0.5000]], dtype=torch.float64)",tensor([-255]),['n']
50.0,51.09981673823981,50.15642682307602,50.26358157044837,"tensor([[0.5000]], dtype=torch.float64)",tensor([-255]),['n']
45.0,39.829642486154754,45.48128362581842,45.70483149133768,"tensor([[0.5000]], dtype=torch.float64)",tensor([-255]),['n']
42.0,39.99249168223065,42.45060845722447,42.599185611049734,"tensor([[0.5000]], dtype=torch.float64)",tensor([-255]),['n']
25.0,25.60574195875727,24.768864956627485,24.812822159778264,"tensor([[0.5000]], dtype=torch.float64)",tensor([-255]),['n']
15.0,67.43703984845347,15.410702182537435,15.401058310276735,"tensor([[0.5000]], dtype=torch.float64)",tensor([-255]),['s']
7.0,6.171934591257545,6.899755939003839,7.049283031738719,"tensor([[0.5000]], dtype=torch.float64)",tensor([-255]),['s']
29.0,30.45873529063455,29.28054123064501,28.204810425310637,"tensor([[0.5000]], dtype=torch.float64)",tensor([-255]),['n']
58.0,57.1753034597763,57.75759554543514,57.86446870630962,"tensor([[0.5000]], dtype=torch.float64)",tensor([-255]),['n']
50.0,31.83521380792811,50.531491959529305,50.57805389620478,"tensor([[0.5000]], dtype=torch.float64)",tensor([-255]),['n']
32.0,29.080883025582366,32.06468220781888,31.861766155430978,"tensor([[0.5000]], dtype=torch.float64)",tensor([-255]),['s']
47.0,48.27443383795835,47.412556579637055,48.02485554741891,"tensor([[0.5000]], dtype=torch.float64)",tensor([-255]),['s']
53.0,53.432284621299985,53.43677843372268,53.243605595555145,"tensor([[0.5000]], dtype=torch.float64)",tensor([-255]),['s']
29.0,32.89454849984057,29.236926524165526,28.852023919841688,"tensor([[0.5000]], dtype=torch.float64)",tensor([-255]),['n']
8.0,46.81301342305705,8.552582962840457,8.096127019596091,"tensor([[0.5000]], dtype=torch.float64)",tensor([-255]),['s']
51.0,52.143533733668136,51.187658267593335,51.16887093284883,"tensor([[0.5000]], dtype=torch.float64)",tensor([-255]),['s']
25.0,28.07996069501923,24.971761835981685,24.762309220075572,"tensor([[0.5000]], dtype=torch.float64)",tensor([-255]),['n']
70.0,69.28353621637737,57.81792820531526,69.57948459215612,"tensor([[0.5000]], dtype=torch.float64)",tensor([-255]),['s']
68.0,64.76238762783382,67.8251868736404,67.7409977727631,"tensor([[0.5000]], dtype=torch.float64)",tensor([-255]),['s']
60.0,59.12958225841018,59.44159987753468,59.11260678626263,"tensor([[0.5000]], dtype=torch.float64)",tensor([-255]),['s']
52.0,48.71357070458341,52.00252363077072,52.098052566861774,"tensor([[0.5000]], dtype=torch.float64)",tensor([-255]),['s']
47.0,45.06999490473427,47.54980315782371,47.87411769997116,"tensor([[0.5000]], dtype=torch.float64)",tensor([-255]),['n']
30.0,29.417040363556012,30.37621932099435,30.488191987693135,"tensor([[0.5000]], dtype=torch.float64)",tensor([-255]),['s']
13.0,12.044627207325806,13.397382786022321,13.352860444351878,"tensor([[0.5000]], dtype=torch.float64)",tensor([-255]),['n']
28.0,30.433425534459072,28.067487940015095,27.313295495082887,"tensor([[0.5000]], dtype=torch.float64)",tensor([-255]),['n']
33.0,31.828572399187756,32.353987919015964,32.88246303511296,"tensor([[0.5000]], dtype=torch.float64)",tensor([-255]),['s']
40.0,35.737875481421355,40.20859196452981,40.56367462281502,"tensor([[0.5000]], dtype=torch.float64)",tensor([-255]),['n']
42.0,44.902678022395264,42.193357739767194,42.261664288341606,"tensor([[0.5000]], dtype=torch.float64)",tensor([-255]),['n']
42.0,34.47578955882737,42.353886548273195,42.369463390407226,"tensor([[0.5000]], dtype=torch.float64)",tensor([-255]),['n']
48.0,47.63486436832436,48.65083987016229,49.187762324953134,"tensor([[0.5000]], dtype=torch.float64)",tensor([-255]),['s']
4.0,8.26350655025075,3.960129287149281,4.498147937632698,"tensor([[0.5000]], dtype=torch.float64)",tensor([-255]),['n']
11.0,62.20271101750123,10.962995298500818,11.01398896706968,"tensor([[0.5000]], dtype=torch.float64)",tensor([-255]),['n']
35.0,32.31570056162335,35.12117662848314,34.91775844895794,"tensor([[0.5000]], dtype=torch.float64)",tensor([-255]),['s']
1.0,5.214529981089706,0.9672342320174314,0.9861895626273892,"tensor([[0.5000]], dtype=torch.float64)",tensor([-255]),['n']
4.0,6.033598371151764,4.8481595043157135,4.896832116454446,"tensor([[0.5000]], dtype=torch.float64)",tensor([-255]),['s']
0.0,69.98740252563746,0.0,0.19896981559092072,"tensor([[0.5000]], dtype=torch.float64)",tensor([-255]),['n']
31.0,36.708410347564225,26.647985222503255,28.65938060942765,"tensor([[0.5000]], dtype=torch.float64)",tensor([-255]),['s']
13.0,7.703035767010667,12.877399937313784,12.775240650438727,"tensor([[0.5000]], dtype=torch.float64)",tensor([-255]),['s']
62.0,66.88978322889335,61.71268009293884,60.95010940079259,"tensor([[0.5000]], dtype=torch.float64)",tensor([-255]),['n']
12.0,11.89767218700829,11.875540137224057,11.92040296077069,"tensor([[0.5000]], dtype=torch.float64)",tensor([-255]),['n']
57.0,8.859305948387014,56.485049501376864,56.51024471437996,"tensor([[0.5000]], dtype=torch.float64)",tensor([-255]),['n']
33.0,32.18011490540931,24.660758841999666,31.632523937061485,"tensor([[0.5000]], dtype=torch.float64)",tensor([-255]),['s']
0.0,1.2623445593703533,0.0,0.0,"tensor([[0.5000]], dtype=torch.float64)",tensor([-255]),['s']
61.0,59.34865338027982,60.094256176273774,59.97728449000607,"tensor([[0.5000]], dtype=torch.float64)",tensor([-255]),['s']
28.0,30.475445273816025,28.291661187133226,28.22933331520202,"tensor([[0.5000]], dtype=torch.float64)",tensor([-255]),['s']
66.0,65.15081573526271,65.56737360238067,65.86944702074129,"tensor([[0.5000]], dtype=torch.float64)",tensor([-255]),['n']
65.0,63.996803003528825,64.7369158576252,64.66780335332335,"tensor([[0.5000]], dtype=torch.float64)",tensor([-255]),['n']
31.0,32.277893737945924,30.950852928957694,30.588236824485044,"tensor([[0.5000]], dtype=torch.float64)",tensor([-255]),['s']
12.0,10.807117567545854,12.293057320359818,12.425460564855364,"tensor([[0.5000]], dtype=torch.float64)",tensor([-255]),['n']
67.0,64.3591787147428,66.66520448998973,66.13658981823258,"tensor([[0.5000]], dtype=torch.float64)",tensor([-255]),['s']
5.0,7.571954140017784,4.9326627223263255,6.607747393568519,"tensor([[0.5000]], dtype=torch.float64)",tensor([-255]),['n']
18.0,18.924413299661374,18.21069914774723,18.08712499054375,"tensor([[0.5000]], dtype=torch.float64)",tensor([-255]),['n']
27.0,29.941490401829498,27.142697193765382,26.98257835577864,"tensor([[0.5000]], dtype=torch.float64)",tensor([-255]),['n']
23.0,25.245998040675538,22.759489009696676,22.640104655137684,"tensor([[0.5000]], dtype=torch.float64)",tensor([-255]),['n']
54.0,52.869755979065154,54.60684476382542,54.150597530378825,"tensor([[0.5000]], dtype=torch.float64)",tensor([-255]),['s']
26.0,26.653377065298372,26.20565452496674,26.10228458964549,"tensor([[0.5000]], dtype=torch.float64)",tensor([-255]),['n']
2.0,3.7196924175318156,2.9761543431247697,2.8603379717874273,"tensor([[0.5000]], dtype=torch.float64)",tensor([-255]),['s']
12.0,11.064556189753768,12.0576030479876,12.118061421883493,"tensor([[0.5000]], dtype=torch.float64)",tensor([-255]),['s']
12.0,30.01937393349927,12.079791671735457,12.729098842377727,"tensor([[0.5000]], dtype=torch.float64)",tensor([-255]),['n']
56.0,57.62132729610598,55.837527855041536,55.85086410055564,"tensor([[0.5000]], dtype=torch.float64)",tensor([-255]),['s']
70.0,7.040834901779675,69.96815771744686,68.4721623316644,"tensor([[0.5000]], dtype=torch.float64)",tensor([-255]),['n']
1.0,68.9029426610547,1.0025780728923481,0.9806605078844699,"tensor([[0.5000]], dtype=torch.float64)",tensor([-255]),['n']
1.0,70.81736963999838,12.56313648392366,2.189171263170142,"tensor([[0.5000]], dtype=torch.float64)",tensor([-255]),['s']
38.0,37.01082635411928,38.403986836880016,38.31147929257746,"tensor([[0.5000]], dtype=torch.float64)",tensor([-255]),['s']
50.0,50.48125843442652,50.40942463851277,50.64190175834011,"tensor([[0.5000]], dtype=torch.float64)",tensor([-255]),['n']
2.0,4.292408409879247,1.8499815935283328,1.8435751969001128,"tensor([[0.5000]], dtype=torch.float64)",tensor([-255]),['n']
64.0,65.33005445047377,60.48782305157983,63.211927023048446,"tensor([[0.5000]], dtype=torch.float64)",tensor([-255]),['s']
57.0,56.81586902330559,56.858363172791584,56.95564942633479,"tensor([[0.5000]], dtype=torch.float64)",tensor([-255]),['n']
10.0,10.616351488497479,9.61519489447469,9.962637169621788,"tensor([[0.5000]], dtype=torch.float64)",tensor([-255]),['n']
48.0,49.233128953129764,48.79600825593974,48.902786066708394,"tensor([[0.5000]], dtype=torch.float64)",tensor([-255]),['s']
48.0,35.97639575678789,48.53540402131254,48.24654615876779,"tensor([[0.5000]], dtype=torch.float64)",tensor([-255]),['s']
12.0,9.6676476683072,12.942295921833002,13.14119311054562,"tensor([[0.5000]], dtype=torch.float64)",tensor([-255]),['s']
65.0,59.62682655860692,64.39831458730262,64.1165858743677,"tensor([[0.5000]], dtype=torch.float64)",tensor([-255]),['n']
35.0,30.590147308925204,35.013630688269764,35.38074375527311,"tensor([[0.5000]], dtype=torch.float64)",tensor([-255]),['s']
45.0,47.83997599894373,45.774608262029105,45.5748329991913,"tensor([[0.5000]], dtype=torch.float64)",tensor([-255]),['s']
3.0,1.9327729822795734,3.020897943443276,2.9168073965992076,"tensor([[0.5000]], dtype=torch.float64)",tensor([-255]),['s']
8.0,7.298968800302889,7.71143532874105,7.770947055368874,"tensor([[0.5000]], dtype=torch.float64)",tensor([-255]),['s']
54.0,52.75952678978979,54.04710511936887,53.977187399811335,"tensor([[0.5000]], dtype=torch.float64)",tensor([-255]),['s']
43.0,44.49060032854122,43.73847235736304,44.00753619046416,"tensor([[0.5000]], dtype=torch.float64)",tensor([-255]),['s']
19.0,16.78745368720125,19.06920519266864,19.033513963869577,"tensor([[0.5000]], dtype=torch.float64)",tensor([-255]),['s']
6.0,68.36586599745151,6.006200272626788,6.014612330981233,"tensor([[0.5000]], dtype=torch.float64)",tensor([-255]),['n']
48.0,40.6788141744326,48.24925151577114,48.92020586939764,"tensor([[0.5000]], dtype=torch.float64)",tensor([-255]),['n']
58.0,61.63860989458236,57.41274623092681,57.36016100441246,"tensor([[0.5000]], dtype=torch.float64)",tensor([-255]),['s']
8.0,8.012660324923504,10.959493486958744,10.04294957215016,"tensor([[0.5000]], dtype=torch.float64)",tensor([-255]),['n']
53.0,51.91118187516493,53.06894017900482,52.98920065979777,"tensor([[0.5000]], dtype=torch.float64)",tensor([-255]),['n']
43.0,40.79548344257103,43.525823874708195,44.14899079149322,"tensor([[0.5000]], dtype=torch.float64)",tensor([-255]),['s']
33.0,39.23246391202663,33.264889864819004,31.33672837898651,"tensor([[0.5000]], dtype=torch.float64)",tensor([-255]),['n']
5.0,4.715902900916992,4.955953580822712,5.207237897210988,"tensor([[0.5000]], dtype=torch.float64)",tensor([-255]),['s']
19.0,40.875775522342394,19.05213612501888,18.95551384906062,"tensor([[0.5000]], dtype=torch.float64)",tensor([-255]),['s']
71.0,66.83258835940755,0.5419384896299614,0.0,"tensor([[0.5000]], dtype=torch.float64)",tensor([-255]),['s']
0.0,0.8718442665731919,0.0,0.0,"tensor([[0.5000]], dtype=torch.float64)",tensor([-255]),['s']
69.0,64.40869253254613,69.08037635735501,69.02163261655012,"tensor([[0.5000]], dtype=torch.float64)",tensor([-255]),['n']
21.0,23.101391792299633,21.074280007539258,21.04126643118696,"tensor([[0.5000]], dtype=torch.float64)",tensor([-255]),['n']
50.0,50.13209809740037,50.30032921338997,50.544574334385715,"tensor([[0.5000]], dtype=torch.float64)",tensor([-255]),['n']
3.0,65.09209369692162,2.3410457014403274,2.3148811110336442,"tensor([[0.5000]], dtype=torch.float64)",tensor([-255]),['s']
20.0,21.564340870240127,20.210995343463125,19.94422451205005,"tensor([[0.5000]], dtype=torch.float64)",tensor([-255]),['s']
35.0,40.03274063968027,34.88899519632713,34.09178071887446,"tensor([[0.5000]], dtype=torch.float64)",tensor([-255]),['s']
21.0,61.82931329578054,20.71144875041709,20.41723676910289,"tensor([[0.5000]], dtype=torch.float64)",tensor([-255]),['n']
10.0,12.055419301805662,9.275131165220806,9.280540175576514,"tensor([[0.5000]], dtype=torch.float64)",tensor([-255]),['s']
59.0,57.03160417258983,58.46795029057612,58.03430966314994,"tensor([[0.5000]], dtype=torch.float64)",tensor([-255]),['s']
17.0,16.61195252938022,16.59553308783508,16.691336482953833,"tensor([[0.5000]], dtype=torch.float64)",tensor([-255]),['n']
19.0,19.12146031490846,18.87467771262688,19.056770678486913,"tensor([[0.5000]], dtype=torch.float64)",tensor([-255]),['s']
46.0,46.83908833411364,47.155107594302144,46.763308139568146,"tensor([[0.5000]], dtype=torch.float64)",tensor([-255]),['s']
63.0,64.05839005099435,60.956446715313824,61.57782303447554,"tensor([[0.5000]], dtype=torch.float64)",tensor([-255]),['n']
56.0,57.17185041368711,55.93720412068961,55.830700911210826,"tensor([[0.5000]], dtype=torch.float64)",tensor([-255]),['n']
44.0,44.46063845633036,45.28324947243689,45.28310163387008,"tensor([[0.5000]], dtype=torch.float64)",tensor([-255]),['s']
40.0,35.11645106243468,40.45612140338466,41.535949720256184,"tensor([[0.5000]], dtype=torch.float64)",tensor([-255]),['n']
54.0,51.55526500154157,54.37189886632965,54.127387403153065,"tensor([[0.5000]], dtype=torch.float64)",tensor([-255]),['s']
62.0,61.1109057947528,62.01750547459713,61.78585356938041,"tensor([[0.5000]], dtype=torch.float64)",tensor([-255]),['s']
47.0,45.78662648480538,48.36942888858526,48.276074423622994,"tensor([[0.5000]], dtype=torch.float64)",tensor([-255]),['s']
65.0,62.67761753155534,64.12647586537052,64.02264315032203,"tensor([[0.5000]], dtype=torch.float64)",tensor([-255]),['s']
5.0,6.7065343715865,5.5545936155014495,5.2556769365438,"tensor([[0.5000]], dtype=torch.float64)",tensor([-255]),['s']
25.0,27.699758644374402,24.921633899362384,24.975102818635396,"tensor([[0.5000]], dtype=torch.float64)",tensor([-255]),['n']
51.0,49.194976664055375,51.58319371252905,51.85286766208321,"tensor([[0.5000]], dtype=torch.float64)",tensor([-255]),['n']
63.0,2.2666972869110484,62.7950989361025,62.71254992559337,"tensor([[0.5000]], dtype=torch.float64)",tensor([-255]),['n']
44.0,45.063312798330784,44.62906076528877,45.16481743910233,"tensor([[0.5000]], dtype=torch.float64)",tensor([-255]),['s']
48.0,37.45313196009353,48.35002402457484,48.512464226202304,"tensor([[0.5000]], dtype=torch.float64)",tensor([-255]),['n']
10.0,9.523214273537459,9.65149446509587,9.342878763140982,"tensor([[0.5000]], dtype=torch.float64)",tensor([-255]),['s']
60.0,49.89048957734167,59.90941524170537,59.58950556186439,"tensor([[0.5000]], dtype=torch.float64)",tensor([-255]),['s']
53.0,44.32075166196981,53.052062329299304,53.00178742890057,"tensor([[0.5000]], dtype=torch.float64)",tensor([-255]),['s']
6.0,6.986290811377743,5.476020015811296,5.9232018440611585,"tensor([[0.5000]], dtype=torch.float64)",tensor([-255]),['n']
53.0,53.336522292085114,52.99238131389697,53.02633972445893,"tensor([[0.5000]], dtype=torch.float64)",tensor([-255]),['s']
62.0,59.1217182872212,61.745523547570954,61.603085928074535,"tensor([[0.5000]], dtype=torch.float64)",tensor([-255]),['s']
30.0,27.4999721920534,26.821733139204884,27.126452152938885,"tensor([[0.5000]], dtype=torch.float64)",tensor([-255]),['s']
60.0,59.81016088806815,59.557471625572376,58.93264090734024,"tensor([[0.5000]], dtype=torch.float64)",tensor([-255]),['n']
20.0,24.772685049844377,19.896272894470837,19.83660043157297,"tensor([[0.5000]], dtype=torch.float64)",tensor([-255]),['s']
17.0,18.813468481129846,16.912837406425293,16.914362755860168,"tensor([[0.5000]], dtype=torch.float64)",tensor([-255]),['n']
3.0,5.227146466242691,3.310600789385466,4.182501991886636,"tensor([[0.5000]], dtype=torch.float64)",tensor([-255]),['s']
11.0,10.77490722317273,10.98629321907776,10.949212897497482,"tensor([[0.5000]], dtype=torch.float64)",tensor([-255]),['s']
26.0,25.150200324453493,26.40962026771796,26.520544327302392,"tensor([[0.5000]], dtype=torch.float64)",tensor([-255]),['s']
6.0,69.53382098766768,6.288536665764658,6.461491325266598,"tensor([[0.5000]], dtype=torch.float64)",tensor([-255]),['s']
38.0,40.07917467759705,45.731238526930056,45.32310048726109,"tensor([[0.5000]], dtype=torch.float64)",tensor([-255]),['s']
31.0,33.28689237484276,31.043019742891175,31.037466800309378,"tensor([[0.5000]], dtype=torch.float64)",tensor([-255]),['n']
66.0,64.9671533860071,64.96950414805471,64.86074552191913,"tensor([[0.5000]], dtype=torch.float64)",tensor([-255]),['s']
39.0,35.977437879542464,39.55201324364553,39.76814467993718,"tensor([[0.5000]], dtype=torch.float64)",tensor([-255]),['n']
38.0,40.2742074814006,38.55185738900264,38.86551652588966,"tensor([[0.5000]], dtype=torch.float64)",tensor([-255]),['n']
50.0,50.13244437437368,50.35320722334475,50.680248603279026,"tensor([[0.5000]], dtype=torch.float64)",tensor([-255]),['s']
26.0,36.2634061787695,26.508111779199158,26.20000821721166,"tensor([[0.5000]], dtype=torch.float64)",tensor([-255]),['s']
54.0,54.028529706108074,53.760018417787705,53.88735846893428,"tensor([[0.5000]], dtype=torch.float64)",tensor([-255]),['s']
18.0,18.06408441337186,18.14216744299513,18.10041512240516,"tensor([[0.5000]], dtype=torch.float64)",tensor([-255]),['s']
5.0,4.706702995864681,4.789510116219317,5.009338371345024,"tensor([[0.5000]], dtype=torch.float64)",tensor([-255]),['n']
63.0,60.1354536343726,62.29284662661435,61.84963794568065,"tensor([[0.5000]], dtype=torch.float64)",tensor([-255]),['s']
9.0,10.450692983312926,9.153861280032665,9.1201293970438,"tensor([[0.5000]], dtype=torch.float64)",tensor([-255]),['n']
25.0,36.674285703260615,25.17696826227016,24.120530893021645,"tensor([[0.5000]], dtype=torch.float64)",tensor([-255]),['s']
61.0,60.98811938381834,60.15007781352296,60.009818052433516,"tensor([[0.5000]], dtype=torch.float64)",tensor([-255]),['n']
70.0,67.02026639669486,70.09861648012574,69.39371152750329,"tensor([[0.5000]], dtype=torch.float64)",tensor([-255]),['s']
61.0,61.080450251327036,60.669590977785155,60.37359599629481,"tensor([[0.5000]], dtype=torch.float64)",tensor([-255]),['n']
71.0,69.74086083868278,70.68057674968941,70.95033020079683,"tensor([[0.5000]], dtype=torch.float64)",tensor([-255]),['s']
56.0,56.810473116282914,55.79832100512974,55.93234388815288,"tensor([[0.5000]], dtype=torch.float64)",tensor([-255]),['n']
44.0,42.56300300775017,45.09112398070323,45.05860756676883,"tensor([[0.5000]], dtype=torch.float64)",tensor([-255]),['n']
1.0,4.075791931031845,0.8698621856239035,1.188407781428308,"tensor([[0.5000]], dtype=torch.float64)",tensor([-255]),['s']
16.0,16.96890738585492,15.599365678657257,15.895122708178471,"tensor([[0.5000]], dtype=torch.float64)",tensor([-255]),['n']
24.0,42.776354085882105,24.41847713901914,24.41687265597863,"tensor([[0.5000]], dtype=torch.float64)",tensor([-255]),['n']
33.0,36.12158303088279,33.01021271533443,32.32482747007302,"tensor([[0.5000]], dtype=torch.float64)",tensor([-255]),['s']
61.0,41.29292206331934,60.86995788940885,60.87566319197123,"tensor([[0.5000]], dtype=torch.float64)",tensor([-255]),['n']
55.0,56.34408312748884,55.31309632773431,54.28216218629993,"tensor([[0.5000]], dtype=torch.float64)",tensor([-255]),['s']
65.0,65.09298243727022,64.93815127766294,61.27628502751622,"tensor([[0.5000]], dtype=torch.float64)",tensor([-255]),['s']
70.0,21.01958115882203,69.94052132869004,70.01342935934188,"tensor([[0.5000]], dtype=torch.float64)",tensor([-255]),['s']
20.0,41.434260485405,19.783025772732117,19.901749079254678,"tensor([[0.5000]], dtype=torch.float64)",tensor([-255]),['s']
49.0,32.66868490598206,49.332014638999006,50.076083408234695,"tensor([[0.5000]], dtype=torch.float64)",tensor([-255]),['n']
41.0,41.3008453464235,41.80933470211964,41.67008915942241,"tensor([[0.5000]], dtype=torch.float64)",tensor([-255]),['s']
0.0,2.1823558828027734,0.0,0.0,"tensor([[0.5000]], dtype=torch.float64)",tensor([-255]),['n']
39.0,37.598004303099394,38.94779080288299,39.05550983337111,"tensor([[0.5000]], dtype=torch.float64)",tensor([-255]),['n']
29.0,29.603725083165397,29.31943228343354,29.075068445467586,"tensor([[0.5000]], dtype=torch.float64)",tensor([-255]),['n']
7.0,70.04329738577579,6.7829084784610885,7.879314583356301,"tensor([[0.5000]], dtype=torch.float64)",tensor([-255]),['n']
69.0,68.38655043098227,68.78286026887518,68.37748087507897,"tensor([[0.5000]], dtype=torch.float64)",tensor([-255]),['s']
56.0,57.16466733061874,55.69340126164705,55.70351362467224,"tensor([[0.5000]], dtype=torch.float64)",tensor([-255]),['n']
64.0,61.92389750056243,58.47812467401542,61.07755813152973,"tensor([[0.5000]], dtype=torch.float64)",tensor([-255]),['s']
2.0,2.707587908797092,2.013671705028696,2.0064474701307864,"tensor([[0.5000]], dtype=torch.float64)",tensor([-255]),['s']
10.0,10.034997418264894,10.122682483137453,10.137769186700176,"tensor([[0.5000]], dtype=torch.float64)",tensor([-255]),['s']
24.0,24.12357090362373,23.881563655689874,23.814898992303846,"tensor([[0.5000]], dtype=torch.float64)",tensor([-255]),['n']
13.0,14.918852698321665,13.050715446610704,13.822850798029414,"tensor([[0.5000]], dtype=torch.float64)",tensor([-255]),['n']
57.0,28.748031056626765,57.76199543034161,56.26591968074467,"tensor([[0.5000]], dtype=torch.float64)",tensor([-255]),['s']
31.0,39.21461922064469,25.3260426725363,25.980634251258806,"tensor([[0.5000]], dtype=torch.float64)",tensor([-255]),['s']
57.0,59.8902173140234,58.76957709380617,56.79806464057058,"tensor([[0.5000]], dtype=torch.float64)",tensor([-255]),['s']
43.0,41.85238437343068,46.85995417664318,44.83867026018091,"tensor([[0.5000]], dtype=torch.float64)",tensor([-255]),['n']
41.0,41.51920529704072,41.15963038258692,41.013223042209745,"tensor([[0.5000]], dtype=torch.float64)",tensor([-255]),['n']
22.0,22.25796330708556,22.44836317375556,22.08513404499661,"tensor([[0.5000]], dtype=torch.float64)",tensor([-255]),['s']
37.0,39.69679285910715,36.945626018628275,35.42467139905734,"tensor([[0.5000]], dtype=torch.float64)",tensor([-255]),['n']
49.0,50.736991395663466,49.49995758970635,49.2885613841669,"tensor([[0.5000]], dtype=torch.float64)",tensor([-255]),['n']
2.0,68.7605154653615,1.9390568401043522,2.1929504184404074,"tensor([[0.5000]], dtype=torch.float64)",tensor([-255]),['n']
35.0,39.98226429464766,35.466909714520014,35.350332775477746,"tensor([[0.5000]], dtype=torch.float64)",tensor([-255]),['s']
5.0,5.639857485928734,10.23629867145216,9.873388025175537,"tensor([[0.5000]], dtype=torch.float64)",tensor([-255]),['s']
9.0,9.714184307102354,8.737620104310816,8.745804885585116,"tensor([[0.5000]], dtype=torch.float64)",tensor([-255]),['s']
67.0,68.62836278529397,66.55169735960106,66.21093442196438,"tensor([[0.5000]], dtype=torch.float64)",tensor([-255]),['s']
58.0,58.78361059564978,57.54216108259708,57.806252867298355,"tensor([[0.5000]], dtype=torch.float64)",tensor([-255]),['s']
39.0,45.128889106226396,39.601915869767524,40.17482279051177,"tensor([[0.5000]], dtype=torch.float64)",tensor([-255]),['n']
59.0,61.86488723633931,58.2217125537457,58.04592471075405,"tensor([[0.5000]], dtype=torch.float64)",tensor([-255]),['s']
32.0,32.18288724032901,32.02538960015467,31.603717008882494,"tensor([[0.5000]], dtype=torch.float64)",tensor([-255]),['n']
30.0,32.94773960571577,30.31210954195981,30.328831511622997,"tensor([[0.5000]], dtype=torch.float64)",tensor([-255]),['s']
1.0,6.722292091126738,0.6313792425825913,1.6934401522218379,"tensor([[0.5000]], dtype=torch.float64)",tensor([-255]),['s']
59.0,59.080025568498655,58.83017479627388,58.802533785450976,"tensor([[0.5000]], dtype=torch.float64)",tensor([-255]),['s']
37.0,38.00400266865905,36.43677351199562,36.77039414176225,"tensor([[0.5000]], dtype=torch.float64)",tensor([-255]),['s']
36.0,26.37613084966669,35.899961748122614,36.19943639978719,"tensor([[0.5000]], dtype=torch.float64)",tensor([-255]),['s']
67.0,64.24055731361508,66.61189959394757,66.66652339336947,"tensor([[0.5000]], dtype=torch.float64)",tensor([-255]),['n']
54.0,59.13915363452608,53.99528788344847,53.95084262695582,"tensor([[0.5000]], dtype=torch.float64)",tensor([-255]),['s']
61.0,59.02754933783109,60.64054732878989,59.805033786953295,"tensor([[0.5000]], dtype=torch.float64)",tensor([-255]),['s']
58.0,60.555046878170856,57.30466436446605,56.842758216444345,"tensor([[0.5000]], dtype=torch.float64)",tensor([-255]),['n']
54.0,27.742648125651776,53.99912489363592,54.009714455731924,"tensor([[0.5000]], dtype=torch.float64)",tensor([-255]),['n']
16.0,16.06425424556644,16.364129535413095,16.115021582712643,"tensor([[0.5000]], dtype=torch.float64)",tensor([-255]),['n']
28.0,27.57507263717997,27.661947958873277,27.816735126869833,"tensor([[0.5000]], dtype=torch.float64)",tensor([-255]),['n']
53.0,28.438503682164985,53.16458116670782,53.071782923734126,"tensor([[0.5000]], dtype=torch.float64)",tensor([-255]),['s']
25.0,22.13984423505185,25.032293340736956,24.992222699058686,"tensor([[0.5000]], dtype=torch.float64)",tensor([-255]),['n']
29.0,26.979400216682947,28.932146641156947,28.86286874285882,"tensor([[0.5000]], dtype=torch.float64)",tensor([-255]),['n']
25.0,24.88615300784045,25.084806050601976,24.311584718132984,"tensor([[0.5000]], dtype=torch.float64)",tensor([-255]),['n']
34.0,34.80564684327874,33.336612806042574,32.05373255536581,"tensor([[0.5000]], dtype=torch.float64)",tensor([-255]),['n']
16.0,12.165628679707059,16.074912173784416,16.11179280382637,"tensor([[0.5000]], dtype=torch.float64)",tensor([-255]),['n']
11.0,9.743679046444978,11.289437520991733,11.040059696617414,"tensor([[0.5000]], dtype=torch.float64)",tensor([-255]),['n']
16.0,15.049866524075558,16.042504326892438,16.251980393830067,"tensor([[0.5000]], dtype=torch.float64)",tensor([-255]),['n']
7.0,6.176789677020849,6.998382917529375,7.050596719005027,"tensor([[0.5000]], dtype=torch.float64)",tensor([-255]),['n']
37.0,35.51724966040294,36.97521927550662,36.46017668693474,"tensor([[0.5000]], dtype=torch.float64)",tensor([-255]),['s']
53.0,50.80829881754224,53.20482154176895,53.12622941423915,"tensor([[0.5000]], dtype=torch.float64)",tensor([-255]),['n']
68.0,2.9465947694679824,68.38175149325185,67.53861507783037,"tensor([[0.5000]], dtype=torch.float64)",tensor([-255]),['n']
61.0,1.7756155596212295,60.42173872075109,59.60264409283479,"tensor([[0.5000]], dtype=torch.float64)",tensor([-255]),['s']
26.0,27.303851732265045,24.285061126347035,25.939260379862183,"tensor([[0.5000]], dtype=torch.float64)",tensor([-255]),['s']
33.0,39.40397195353636,52.769691134057744,32.653187302744506,"tensor([[0.5000]], dtype=torch.float64)",tensor([-255]),['s']
17.0,14.450529945018133,16.896503922151904,17.032023232913872,"tensor([[0.5000]], dtype=torch.float64)",tensor([-255]),['n']
18.0,24.815418421568705,17.970775205049303,17.88423492387192,"tensor([[0.5000]], dtype=torch.float64)",tensor([-255]),['s']
59.0,59.137035073412136,58.37014282172761,58.09114775562669,"tensor([[0.5000]], dtype=torch.float64)",tensor([-255]),['s']
63.0,62.045155018887826,62.41645955398555,62.12125488561627,"tensor([[0.5000]], dtype=torch.float64)",tensor([-255]),['n']
12.0,11.283739505496843,12.390717800119695,13.708008050535991,"tensor([[0.5000]], dtype=torch.float64)",tensor([-255]),['n']
11.0,11.827594995893335,10.527416680333646,11.115059476752235,"tensor([[0.5000]], dtype=torch.float64)",tensor([-255]),['n']
15.0,15.175761367585139,14.968671379640703,15.008524504997999,"tensor([[0.5000]], dtype=torch.float64)",tensor([-255]),['s']
37.0,27.573659371234903,37.01362475235473,37.23415537094405,"tensor([[0.5000]], dtype=torch.float64)",tensor([-255]),['s']
6.0,7.438509476054422,6.035688166800509,6.067507938417899,"tensor([[0.5000]], dtype=torch.float64)",tensor([-255]),['n']
66.0,65.79829036672959,65.43288608929686,64.56354647709526,"tensor([[0.5000]], dtype=torch.float64)",tensor([-255]),['n']
12.0,12.402046018129395,11.447760546725677,11.94621020425594,"tensor([[0.5000]], dtype=torch.float64)",tensor([-255]),['n']
65.0,2.856204508655676,64.2912694658371,63.95158479213948,"tensor([[0.5000]], dtype=torch.float64)",tensor([-255]),['n']
33.0,30.16047049428311,33.237828905701484,33.02553549996286,"tensor([[0.5000]], dtype=torch.float64)",tensor([-255]),['n']
10.0,10.023966308053955,9.864138655851985,9.814400440829658,"tensor([[0.5000]], dtype=torch.float64)",tensor([-255]),['n']
6.0,8.12851781050678,5.732265700540957,5.8059461778583685,"tensor([[0.5000]], dtype=torch.float64)",tensor([-255]),['s']
36.0,36.03347869616703,36.9325829805399,37.406432284794384,"tensor([[0.5000]], dtype=torch.float64)",tensor([-255]),['s']
5.0,58.86684630557306,4.940370622036132,4.922042510808595,"tensor([[0.5000]], dtype=torch.float64)",tensor([-255]),['n']
32.0,33.4210768709617,32.057174872479436,32.07962011070318,"tensor([[0.5000]], dtype=torch.float64)",tensor([-255]),['n']
55.0,56.001723143698754,54.581623005033634,54.985792162705714,"tensor([[0.5000]], dtype=torch.float64)",tensor([-255]),['s']
42.0,43.802887060613536,42.954363325465195,42.79012546087457,"tensor([[0.5000]], dtype=torch.float64)",tensor([-255]),['s']
50.0,47.91625229002297,50.046506153443296,50.735911202140194,"tensor([[0.5000]], dtype=torch.float64)",tensor([-255]),['n']
55.0,28.801824857986297,54.825730023516726,54.90385668825699,"tensor([[0.5000]], dtype=torch.float64)",tensor([-255]),['n']
19.0,16.301678213423315,18.971668350830733,18.972876743586774,"tensor([[0.5000]], dtype=torch.float64)",tensor([-255]),['s']
21.0,22.09556232663553,20.90754869054104,20.949929440684446,"tensor([[0.5000]], dtype=torch.float64)",tensor([-255]),['n']
58.0,25.145445209844937,57.94270541723606,57.32564652425368,"tensor([[0.5000]], dtype=torch.float64)",tensor([-255]),['s']
20.0,21.820524415405995,20.12347737291558,20.058609889037534,"tensor([[0.5000]], dtype=torch.float64)",tensor([-255]),['s']
7.0,7.225613032904555,7.721795415616077,8.604405161140633,"tensor([[0.5000]], dtype=torch.float64)",tensor([-255]),['s']
11.0,4.005160445534578,10.411824786704555,10.83698655170252,"tensor([[0.5000]], dtype=torch.float64)",tensor([-255]),['n']
38.0,40.84397736283978,38.46640436402102,38.5581298752977,"tensor([[0.5000]], dtype=torch.float64)",tensor([-255]),['n']
8.0,9.81972420104535,7.403901956044153,7.412282106510293,"tensor([[0.5000]], dtype=torch.float64)",tensor([-255]),['s']
71.0,9.714247475201171,70.97156618569223,0.0,"tensor([[0.5000]], dtype=torch.float64)",tensor([-255]),['n']
28.0,28.588355935677146,26.896787799359966,26.831058528467004,"tensor([[0.5000]], dtype=torch.float64)",tensor([-255]),['n']
5.0,7.7538044167452265,4.889007130914639,4.931932795529766,"tensor([[0.5000]], dtype=torch.float64)",tensor([-255]),['n']
34.0,32.122786771358435,34.132303562946774,33.84699104845249,"tensor([[0.5000]], dtype=torch.float64)",tensor([-255]),['s']
56.0,57.83804708932634,55.808761724052616,55.463200578241036,"tensor([[0.5000]], dtype=torch.float64)",tensor([-255]),['s']
5.0,10.653926887323433,4.923606107169691,5.165704158713404,"tensor([[0.5000]], dtype=torch.float64)",tensor([-255]),['s']
68.0,65.61959101809431,67.28834564985009,67.46896726358308,"tensor([[0.5000]], dtype=torch.float64)",tensor([-255]),['n']
34.0,33.696605489103035,34.172731709060045,34.06382965732146,"tensor([[0.5000]], dtype=torch.float64)",tensor([-255]),['n']
22.0,23.839050623331005,21.396747391569875,21.45071771038605,"tensor([[0.5000]], dtype=torch.float64)",tensor([-255]),['s']
62.0,63.145872295857004,61.547017177629,60.43202190563425,"tensor([[0.5000]], dtype=torch.float64)",tensor([-255]),['n']
0.0,10.78847245554303,0.0,0.15483356857039665,"tensor([[0.5000]], dtype=torch.float64)",tensor([-255]),['n']
33.0,28.47132809921915,32.59977062344164,32.53487822654197,"tensor([[0.5000]], dtype=torch.float64)",tensor([-255]),['n']
30.0,31.69297703826473,29.17042007324211,29.100630874978393,"tensor([[0.5000]], dtype=torch.float64)",tensor([-255]),['s']
45.0,46.67807565972318,45.596452874191286,45.838729674629825,"tensor([[0.5000]], dtype=torch.float64)",tensor([-255]),['n']
34.0,38.6656816058915,34.45539690139754,34.04320088533734,"tensor([[0.5000]], dtype=torch.float64)",tensor([-255]),['s']
52.0,51.06490901596957,52.401365541856386,52.539732892041606,"tensor([[0.5000]], dtype=torch.float64)",tensor([-255]),['s']
23.0,21.237676712697642,23.169620242254368,23.05987538330509,"tensor([[0.5000]], dtype=torch.float64)",tensor([-255]),['n']
13.0,66.19557908714086,13.30255399329894,13.272705634335754,"tensor([[0.5000]], dtype=torch.float64)",tensor([-255]),['n']
27.0,24.72720984967554,27.253122901887483,27.21223826826017,"tensor([[0.5000]], dtype=torch.float64)",tensor([-255]),['n']
32.0,32.33902342732628,32.18065870053422,31.705623304392137,"tensor([[0.5000]], dtype=torch.float64)",tensor([-255]),['n']
53.0,52.08704091864064,53.625063971145366,53.177967899681235,"tensor([[0.5000]], dtype=torch.float64)",tensor([-255]),['s']
54.0,55.13735999547991,54.00660541896955,53.99245497186995,"tensor([[0.5000]], dtype=torch.float64)",tensor([-255]),['n']
69.0,66.85419018661861,68.06526360782658,67.66065296883717,"tensor([[0.5000]], dtype=torch.float64)",tensor([-255]),['s']
38.0,33.32830023566138,38.14211415469926,38.0066159482372,"tensor([[0.5000]], dtype=torch.float64)",tensor([-255]),['s']
52.0,49.94140815469122,52.25193366204201,52.129677877790485,"tensor([[0.5000]], dtype=torch.float64)",tensor([-255]),['s']
48.0,47.63811841047913,48.55911136147665,48.96879824092585,"tensor([[0.5000]], dtype=torch.float64)",tensor([-255]),['n']
30.0,34.99903236036643,30.350696871613884,30.152160147732477,"tensor([[0.5000]], dtype=torch.float64)",tensor([-255]),['n']
29.0,28.215811868141582,29.04666800089727,28.95823646944367,"tensor([[0.5000]], dtype=torch.float64)",tensor([-255]),['s']
59.0,59.16626766305548,58.547466529635074,58.31651960420906,"tensor([[0.5000]], dtype=torch.float64)",tensor([-255]),['n']
49.0,42.928659988289866,49.78894553643894,49.93954050779194,"tensor([[0.5000]], dtype=torch.float64)",tensor([-255]),['n']
55.0,57.39644618535898,54.99686299233829,54.815961467060454,"tensor([[0.5000]], dtype=torch.float64)",tensor([-255]),['n']
44.0,42.74243584138182,45.880648416528786,44.66641967369694,"tensor([[0.5000]], dtype=torch.float64)",tensor([-255]),['n']
4.0,7.918635634005781,3.5218187597181494,3.7721209307681827,"tensor([[0.5000]], dtype=torch.float64)",tensor([-255]),['n']
59.0,59.02600805020689,58.622160900485085,58.26936824660961,"tensor([[0.5000]], dtype=torch.float64)",tensor([-255]),['s']
44.0,43.6940050900808,45.37346087489788,45.66413939362576,"tensor([[0.5000]], dtype=torch.float64)",tensor([-255]),['s']
17.0,17.072123008025635,17.22965583506077,17.129279884476812,"tensor([[0.5000]], dtype=torch.float64)",tensor([-255]),['n']
1.0,69.70675607158572,0.0,0.08462097051414552,"tensor([[0.5000]], dtype=torch.float64)",tensor([-255]),['s']
38.0,34.48727383629658,37.619674342091365,37.586334944915855,"tensor([[0.5000]], dtype=torch.float64)",tensor([-255]),['n']
40.0,45.81338273809969,40.54529111061321,40.88123005980408,"tensor([[0.5000]], dtype=torch.float64)",tensor([-255]),['s']
60.0,61.41136527231921,59.1886534843418,59.165560528288815,"tensor([[0.5000]], dtype=torch.float64)",tensor([-255]),['s']
53.0,56.026156113999086,53.06096812166437,53.01438955690509,"tensor([[0.5000]], dtype=torch.float64)",tensor([-255]),['n']
31.0,27.934277840427775,30.909058437573712,26.775557537511343,"tensor([[0.5000]], dtype=torch.float64)",tensor([-255]),['n']
9.0,6.491199497504963,9.150745976384478,9.194573347564763,"tensor([[0.5000]], dtype=torch.float64)",tensor([-255]),['n']
58.0,60.395756364483276,57.67106763955078,57.177440310790004,"tensor([[0.5000]], dtype=torch.float64)",tensor([-255]),['n']
46.0,46.75949844853861,46.4765849444422,46.672225383528485,"tensor([[0.5000]], dtype=torch.float64)",tensor([-255]),['s']
26.0,29.86613097673076,26.33986577518088,26.24973625069855,"tensor([[0.5000]], dtype=torch.float64)",tensor([-255]),['s']
52.0,51.076568492303,52.54876810484018,52.71112773029195,"tensor([[0.5000]], dtype=torch.float64)",tensor([-255]),['n']
35.0,34.85322236802725,35.14352584670885,34.368867179404916,"tensor([[0.5000]], dtype=torch.float64)",tensor([-255]),['n']
55.0,55.903740089633175,54.02846115139525,54.775470336501,"tensor([[0.5000]], dtype=torch.float64)",tensor([-255]),['s']
50.0,50.00262518438374,50.400208088372786,50.686420965062084,"tensor([[0.5000]], dtype=torch.float64)",tensor([-255]),['n']
43.0,40.87031566194973,43.56635446060484,43.94767980285678,"tensor([[0.5000]], dtype=torch.float64)",tensor([-255]),['n']
53.0,19.8694859152417,53.20948032389092,53.220016947676065,"tensor([[0.5000]], dtype=torch.float64)",tensor([-255]),['s']
31.0,30.00839166994004,31.294950616140937,29.91095947754046,"tensor([[0.5000]], dtype=torch.float64)",tensor([-255]),['n']
65.0,9.4244827359466,64.63158699094205,64.32697701203217,"tensor([[0.5000]], dtype=torch.float64)",tensor([-255]),['n']
68.0,27.032789511457516,67.78141812272399,67.76978651868312,"tensor([[0.5000]], dtype=torch.float64)",tensor([-255]),['s']
44.0,44.167167320353414,44.78692964854681,44.35280906159597,"tensor([[0.5000]], dtype=torch.float64)",tensor([-255]),['s']
54.0,53.08399533919788,53.7223864737465,53.88981586380227,"tensor([[0.5000]], dtype=torch.float64)",tensor([-255]),['s']
19.0,37.04410640551717,19.0358612929857,19.02815060864876,"tensor([[0.5000]], dtype=torch.float64)",tensor([-255]),['n']
45.0,43.858046445057354,45.72079143320685,45.92183965118814,"tensor([[0.5000]], dtype=torch.float64)",tensor([-255]),['n']
21.0,41.05865257892498,20.84590601981988,20.862912665394518,"tensor([[0.5000]], dtype=torch.float64)",tensor([-255]),['n']
43.0,33.17003745031643,43.73551817027919,44.840401315154,"tensor([[0.5000]], dtype=torch.float64)",tensor([-255]),['n']
28.0,34.89582184841774,27.578457880740547,27.26534836385364,"tensor([[0.5000]], dtype=torch.float64)",tensor([-255]),['s']
63.0,4.717600355848541,62.33547069551947,59.63916377955414,"tensor([[0.5000]], dtype=torch.float64)",tensor([-255]),['s']
41.0,42.03112938629305,41.75500461738826,42.022192945154856,"tensor([[0.5000]], dtype=torch.float64)",tensor([-255]),['n']
4.0,8.042175203440431,3.7396766882722794,3.834009350366382,"tensor([[0.5000]], dtype=torch.float64)",tensor([-255]),['n']
26.0,36.88530297503197,25.357780249872548,25.737844144821896,"tensor([[0.5000]], dtype=torch.float64)",tensor([-255]),['n']
64.0,61.90452879013671,63.76326012128349,63.585309130235856,"tensor([[0.5000]], dtype=torch.float64)",tensor([-255]),['n']
15.0,15.636004773055275,15.144366628381563,15.109364121213316,"tensor([[0.5000]], dtype=torch.float64)",tensor([-255]),['n']
66.0,65.64609680755504,65.1077981118367,64.69630445223412,"tensor([[0.5000]], dtype=torch.float64)",tensor([-255]),['s']
2.0,69.05224237919964,1.5551128402428076,1.5692852081863533,"tensor([[0.5000]], dtype=torch.float64)",tensor([-255]),['n']
19.0,17.12388862090027,19.05726901945312,19.042582373257364,"tensor([[0.5000]], dtype=torch.float64)",tensor([-255]),['s']
55.0,28.526472292588757,54.88247605446864,54.969909913885324,"tensor([[0.5000]], dtype=torch.float64)",tensor([-255]),['n']
32.0,29.957596842365433,31.642327857265652,30.824764908867074,"tensor([[0.5000]], dtype=torch.float64)",tensor([-255]),['s']
31.0,36.25759715781234,31.552331864785177,31.270470060112704,"tensor([[0.5000]], dtype=torch.float64)",tensor([-255]),['n']
31.0,30.025378885258988,31.247152748704984,31.103712044723633,"tensor([[0.5000]], dtype=torch.float64)",tensor([-255]),['n']
40.0,44.90027643861036,40.29126493718237,40.282014426307775,"tensor([[0.5000]], dtype=torch.float64)",tensor([-255]),['n']
4.0,7.909952727975491,3.441789418734103,3.9729442429101964,"tensor([[0.5000]], dtype=torch.float64)",tensor([-255]),['s']
39.0,39.221850551440866,39.060741996910615,38.57793790661403,"tensor([[0.5000]], dtype=torch.float64)",tensor([-255]),['s']
26.0,23.83341746827793,25.81385838801892,25.755955279621254,"tensor([[0.5000]], dtype=torch.float64)",tensor([-255]),['n']
55.0,53.32592001473969,55.07092644190977,54.98440428007431,"tensor([[0.5000]], dtype=torch.float64)",tensor([-255]),['s']
34.0,33.84707427060323,34.20055135659435,33.96925224207131,"tensor([[0.5000]], dtype=torch.float64)",tensor([-255]),['s']
35.0,34.12687880934984,35.059293629652785,35.02081178609615,"tensor([[0.5000]], dtype=torch.float64)",tensor([-255]),['n']
20.0,19.13967470817834,19.82828098471242,19.64312177762365,"tensor([[0.5000]], dtype=torch.float64)",tensor([-255]),['n']
34.0,35.846085948885374,34.09047185122637,33.91656792040242,"tensor([[0.5000]], dtype=torch.float64)",tensor([-255]),['s']
53.0,50.92167321168391,53.02866587318764,52.99906095922366,"tensor([[0.5000]], dtype=torch.float64)",tensor([-255]),['n']
39.0,36.67103147521216,38.98902820506694,38.90560032386969,"tensor([[0.5000]], dtype=torch.float64)",tensor([-255]),['n']
30.0,34.974557609459524,29.920333395707463,27.758638285623352,"tensor([[0.5000]], dtype=torch.float64)",tensor([-255]),['n']
5.0,9.98219947246844,4.64012530946579,4.971633882675363,"tensor([[0.5000]], dtype=torch.float64)",tensor([-255]),['s']
4.0,2.2672838967140327,3.935750186916139,3.4374112245172896,"tensor([[0.5000]], dtype=torch.float64)",tensor([-255]),['s']
33.0,33.78848526879982,32.76536636430655,31.612916060389406,"tensor([[0.5000]], dtype=torch.float64)",tensor([-255]),['n']
7.0,11.172484716037822,7.03073546659078,7.024837225539613,"tensor([[0.5000]], dtype=torch.float64)",tensor([-255]),['n']
2.0,71.0,1.7964236028170923,1.930957594408583,"tensor([[0.5000]], dtype=torch.float64)",tensor([-255]),['n']
45.0,40.33074836729152,46.04729001867795,45.98425711914609,"tensor([[0.5000]], dtype=torch.float64)",tensor([-255]),['s']
0.0,6.884259882009524,0.008264375465887498,0.0,"tensor([[0.5000]], dtype=torch.float64)",tensor([-255]),['s']
44.0,41.08419213963023,44.339597515254084,45.05366880046484,"tensor([[0.5000]], dtype=torch.float64)",tensor([-255]),['s']
47.0,44.78896984869536,47.78040935884962,48.256773729557914,"tensor([[0.5000]], dtype=torch.float64)",tensor([-255]),['s']
43.0,37.16058011789905,43.14468516423969,43.20619589255895,"tensor([[0.5000]], dtype=torch.float64)",tensor([-255]),['s']
57.0,56.922708977367606,56.62981580570443,56.60031536329375,"tensor([[0.5000]], dtype=torch.float64)",tensor([-255]),['n']
60.0,59.911215110772076,59.6291454262269,58.840910023618065,"tensor([[0.5000]], dtype=torch.float64)",tensor([-255]),['n']
35.0,32.85694436951173,34.949259419383594,34.933966661014814,"tensor([[0.5000]], dtype=torch.float64)",tensor([-255]),['s']
35.0,29.92921958321479,34.52944442451772,33.967353345160134,"tensor([[0.5000]], dtype=torch.float64)",tensor([-255]),['n']
47.0,46.82460595875469,48.261469310106754,48.13385811638744,"tensor([[0.5000]], dtype=torch.float64)",tensor([-255]),['s']
35.0,31.368061651512306,35.22167325835578,34.91258516490721,"tensor([[0.5000]], dtype=torch.float64)",tensor([-255]),['s']
0.0,67.64213631015227,58.96071645850386,64.90399647921295,"tensor([[0.5000]], dtype=torch.float64)",tensor([-255]),['s']
52.0,52.150656250868906,52.0738436674929,52.02216969061189,"tensor([[0.5000]], dtype=torch.float64)",tensor([-255]),['n']
8.0,70.70443130111721,7.889106617327855,8.1780029282815,"tensor([[0.5000]], dtype=torch.float64)",tensor([-255]),['n']
45.0,47.09239229874383,45.22744333868356,45.956894539985456,"tensor([[0.5000]], dtype=torch.float64)",tensor([-255]),['n']
70.0,62.09956725843429,69.73523711118824,69.95752834255019,"tensor([[0.5000]], dtype=torch.float64)",tensor([-255]),['s']
4.0,4.3148486880180394,3.6641573115760138,3.594101921648874,"tensor([[0.5000]], dtype=torch.float64)",tensor([-255]),['s']
31.0,28.69147310369783,31.10023261671157,30.954154048607727,"tensor([[0.5000]], dtype=torch.float64)",tensor([-255]),['n']
62.0,63.317481699388566,60.55781219001249,60.97161612431691,"tensor([[0.5000]], dtype=torch.float64)",tensor([-255]),['s']
45.0,33.089936967843244,45.282650212322594,46.56675411172362,"tensor([[0.5000]], dtype=torch.float64)",tensor([-255]),['n']
35.0,34.07288124315998,35.14186537851435,35.752673708475484,"tensor([[0.5000]], dtype=torch.float64)",tensor([-255]),['s']
10.0,11.115534067420198,9.855088439318484,10.895180598144973,"tensor([[0.5000]], dtype=torch.float64)",tensor([-255]),['n']
0.0,2.432344668492948,0.0,0.0,"tensor([[0.5000]], dtype=torch.float64)",tensor([-255]),['n']
36.0,34.277139603714346,36.475566019019844,36.138801715344826,"tensor([[0.5000]], dtype=torch.float64)",tensor([-255]),['n']
6.0,68.19594566013038,5.671126593752337,6.165625118519388,"tensor([[0.5000]], dtype=torch.float64)",tensor([-255]),['n']
38.0,40.69173200640539,37.86494501419636,37.8899966901198,"tensor([[0.5000]], dtype=torch.float64)",tensor([-255]),['n']
63.0,63.40799209547381,62.1881655048133,62.11406645520788,"tensor([[0.5000]], dtype=torch.float64)",tensor([-255]),['s']
61.0,60.761699114979486,60.685320787658966,60.115018506951316,"tensor([[0.5000]], dtype=torch.float64)",tensor([-255]),['s']
36.0,36.28840124315785,35.980848657699006,35.31276953469256,"tensor([[0.5000]], dtype=torch.float64)",tensor([-255]),['s']
63.0,64.24852635628977,58.92956887350968,61.888817990591036,"tensor([[0.5000]], dtype=torch.float64)",tensor([-255]),['s']
57.0,59.14215887457702,56.622945783979574,56.13955764257842,"tensor([[0.5000]], dtype=torch.float64)",tensor([-255]),['n']
67.0,68.06528001333903,66.91987880565092,66.30771907722932,"tensor([[0.5000]], dtype=torch.float64)",tensor([-255]),['n']
37.0,38.000340955492085,36.87156946943867,37.803530646607946,"tensor([[0.5000]], dtype=torch.float64)",tensor([-255]),['s']
64.0,63.68387343204,62.9967875590517,62.686898914786276,"tensor([[0.5000]], dtype=torch.float64)",tensor([-255]),['n']
6.0,4.300380578188307,5.87879953337033,5.945136713734723,"tensor([[0.5000]], dtype=torch.float64)",tensor([-255]),['s']
8.0,5.0329015183555805,8.287702970626649,8.614032784066659,"tensor([[0.5000]], dtype=torch.float64)",tensor([-255]),['s']
11.0,11.319082343165228,10.855056988391437,10.98326773340296,"tensor([[0.5000]], dtype=torch.float64)",tensor([-255]),['s']
8.0,7.538118105661594,7.685850025803391,7.7340023098917,"tensor([[0.5000]], dtype=torch.float64)",tensor([-255]),['s']
14.0,45.8694187643091,14.229364821505385,14.407609338307912,"tensor([[0.5000]], dtype=torch.float64)",tensor([-255]),['n']
69.0,67.75590219338966,68.93174020193025,68.13905525258932,"tensor([[0.5000]], dtype=torch.float64)",tensor([-255]),['s']
13.0,11.951975075404016,13.2161892778485,13.026458039887656,"tensor([[0.5000]], dtype=torch.float64)",tensor([-255]),['s']
53.0,28.195759730659372,53.08210710793208,53.04008577265348,"tensor([[0.5000]], dtype=torch.float64)",tensor([-255]),['n']
43.0,35.74276486754175,43.04751344256336,43.25350225094478,"tensor([[0.5000]], dtype=torch.float64)",tensor([-255]),['s']
65.0,65.1032254787705,64.38865724137949,64.65593597360179,"tensor([[0.5000]], dtype=torch.float64)",tensor([-255]),['n']
4.0,3.934350067231752,3.686253000716761,3.9180373008591136,"tensor([[0.5000]], dtype=torch.float64)",tensor([-255]),['s']
69.0,67.74236814701104,68.76121044229104,68.63283809377624,"tensor([[0.5000]], dtype=torch.float64)",tensor([-255]),['n']
11.0,15.77306441985315,11.23165214799985,11.12954304498788,"tensor([[0.5000]], dtype=torch.float64)",tensor([-255]),['s']
53.0,51.07791049286661,53.0634832732058,53.12159552335291,"tensor([[0.5000]], dtype=torch.float64)",tensor([-255]),['n']
22.0,20.994077674127627,21.967905851783122,21.43391032289929,"tensor([[0.5000]], dtype=torch.float64)",tensor([-255]),['s']
4.0,2.112381602114903,3.761403510870488,3.5751983023652323,"tensor([[0.5000]], dtype=torch.float64)",tensor([-255]),['n']
42.0,44.00633588867276,42.05403796325136,42.2811397570357,"tensor([[0.5000]], dtype=torch.float64)",tensor([-255]),['n']
26.0,26.591111289016673,26.479036241402554,26.137076113988776,"tensor([[0.5000]], dtype=torch.float64)",tensor([-255]),['s']
36.0,34.589508163095005,36.001502665920796,35.89008347180803,"tensor([[0.5000]], dtype=torch.float64)",tensor([-255]),['s']
8.0,7.584861975537157,8.86390716025904,9.39711556507509,"tensor([[0.5000]], dtype=torch.float64)",tensor([-255]),['n']
30.0,30.0334759826788,29.81071406498542,29.133098554353335,"tensor([[0.5000]], dtype=torch.float64)",tensor([-255]),['s']
14.0,15.74385044839213,13.583007806163282,13.89895472960121,"tensor([[0.5000]], dtype=torch.float64)",tensor([-255]),['s']
28.0,36.81471125505175,27.56202022229321,27.476623213032425,"tensor([[0.5000]], dtype=torch.float64)",tensor([-255]),['n']
18.0,15.858177682307259,17.845880258757727,17.833301421856174,"tensor([[0.5000]], dtype=torch.float64)",tensor([-255]),['s']
63.0,62.35834760821945,62.55833135510062,62.05007157415239,"tensor([[0.5000]], dtype=torch.float64)",tensor([-255]),['n']
63.0,61.716400301603706,62.03592951228017,61.975471941525974,"tensor([[0.5000]], dtype=torch.float64)",tensor([-255]),['s']
14.0,66.81571071770391,14.143495066154262,14.101982486341637,"tensor([[0.5000]], dtype=torch.float64)",tensor([-255]),['s']
24.0,35.00302334730152,23.78225786532347,23.213301132179442,"tensor([[0.5000]], dtype=torch.float64)",tensor([-255]),['n']
69.0,70.00577049163326,68.89931322299245,68.23158198452826,"tensor([[0.5000]], dtype=torch.float64)",tensor([-255]),['s']
49.0,45.991856638728734,49.3093261667238,49.08758964092554,"tensor([[0.5000]], dtype=torch.float64)",tensor([-255]),['s']
17.0,20.010428960600727,16.972393317128155,17.064524065827573,"tensor([[0.5000]], dtype=torch.float64)",tensor([-255]),['n']
58.0,58.20169848439235,57.833454018922346,57.242657072928964,"tensor([[0.5000]], dtype=torch.float64)",tensor([-255]),['s']
21.0,25.077246546440115,20.787994854590202,20.895641831599225,"tensor([[0.5000]], dtype=torch.float64)",tensor([-255]),['n']
5.0,7.678917864963575,5.014962373497859,4.873686287273997,"tensor([[0.5000]], dtype=torch.float64)",tensor([-255]),['s']
40.0,37.12203556008206,40.614702061451055,40.223593726568936,"tensor([[0.5000]], dtype=torch.float64)",tensor([-255]),['s']
25.0,28.146282330186445,25.415212392575693,25.030939700606112,"tensor([[0.5000]], dtype=torch.float64)",tensor([-255]),['n']
71.0,61.4933274027773,71.0,71.0,"tensor([[0.5000]], dtype=torch.float64)",tensor([-255]),['n']
45.0,46.543132560873545,45.31667872902737,45.83691095125473,"tensor([[0.5000]], dtype=torch.float64)",tensor([-255]),['s']
23.0,24.427881322972095,23.259759770629774,22.251003507352184,"tensor([[0.5000]], dtype=torch.float64)",tensor([-255]),['n']
46.0,48.97983868947509,46.700923214595925,46.94101786067298,"tensor([[0.5000]], dtype=torch.float64)",tensor([-255]),['s']
25.0,27.04775103914787,25.301299232085167,24.90640462802766,"tensor([[0.5000]], dtype=torch.float64)",tensor([-255]),['s']
41.0,37.25707637864694,41.60047065810256,41.6749991226639,"tensor([[0.5000]], dtype=torch.float64)",tensor([-255]),['n']
43.0,44.46234105228425,43.33303798833145,44.01382055573454,"tensor([[0.5000]], dtype=torch.float64)",tensor([-255]),['n']
56.0,60.278921827888695,55.68352883098577,55.316844637229366,"tensor([[0.5000]], dtype=torch.float64)",tensor([-255]),['n']
31.0,29.419525852774846,30.398219020129332,30.740733935863666,"tensor([[0.5000]], dtype=torch.float64)",tensor([-255]),['s']
4.0,4.326386069087786,4.619741764105573,3.8693159607085263,"tensor([[0.5000]], dtype=torch.float64)",tensor([-255]),['s']
0.0,69.90604810332636,0.44062669830153134,0.7929732901093283,"tensor([[0.5000]], dtype=torch.float64)",tensor([-255]),['n']
10.0,11.87485081713757,9.62309532447622,10.001011491847063,"tensor([[0.5000]], dtype=torch.float64)",tensor([-255]),['s']
61.0,58.96757907691603,60.39381951863005,60.19311569733851,"tensor([[0.5000]], dtype=torch.float64)",tensor([-255]),['n']
69.0,59.131041235611605,68.87272931075319,68.09771368715582,"tensor([[0.5000]], dtype=torch.float64)",tensor([-255]),['s']
39.0,37.48010572181529,39.16423928228353,39.86202946470994,"tensor([[0.5000]], dtype=torch.float64)",tensor([-255]),['n']
9.0,9.717166368916722,8.922193287324788,9.716862883014521,"tensor([[0.5000]], dtype=torch.float64)",tensor([-255]),['n']
8.0,8.143383354966986,7.914278040518248,8.087652314558538,"tensor([[0.5000]], dtype=torch.float64)",tensor([-255]),['s']
36.0,38.953662591937686,35.908440293087786,35.94438471023244,"tensor([[0.5000]], dtype=torch.float64)",tensor([-255]),['s']
37.0,36.99896147780288,37.13900403902884,37.90931427028891,"tensor([[0.5000]], dtype=torch.float64)",tensor([-255]),['n']
33.0,35.18768390288127,32.951829139874285,32.71480984933644,"tensor([[0.5000]], dtype=torch.float64)",tensor([-255]),['n']
14.0,14.390361410298443,13.342465076981227,14.110326927201104,"tensor([[0.5000]], dtype=torch.float64)",tensor([-255]),['s']
55.0,54.77681192320203,54.951056813779566,54.92558605106197,"tensor([[0.5000]], dtype=torch.float64)",tensor([-255]),['n']
52.0,32.15239741406742,52.141424092124936,52.27711854087322,"tensor([[0.5000]], dtype=torch.float64)",tensor([-255]),['n']
43.0,42.50385910988554,43.39791040713983,43.54325882439968,"tensor([[0.5000]], dtype=torch.float64)",tensor([-255]),['n']
65.0,62.82310279357792,64.13274449347912,61.65149269191595,"tensor([[0.5000]], dtype=torch.float64)",tensor([-255]),['n']
5.0,6.687090666516848,4.752016148675862,5.199485838845308,"tensor([[0.5000]], dtype=torch.float64)",tensor([-255]),['n']
11.0,11.991879861464358,10.377965778754637,10.466896083554323,"tensor([[0.5000]], dtype=torch.float64)",tensor([-255]),['n']
68.0,69.8064566584584,59.18756139807077,67.21399073027312,"tensor([[0.5000]], dtype=torch.float64)",tensor([-255]),['s']
67.0,63.809873175431626,66.89552236166335,66.92981026935233,"tensor([[0.5000]], dtype=torch.float64)",tensor([-255]),['s']
11.0,11.891972759387501,10.49047225273215,11.880693513229568,"tensor([[0.5000]], dtype=torch.float64)",tensor([-255]),['s']
49.0,45.70472289745156,50.14427429782177,49.979180206359366,"tensor([[0.5000]], dtype=torch.float64)",tensor([-255]),['s']
8.0,6.394814370612805,10.857466656178113,10.062182373215638,"tensor([[0.5000]], dtype=torch.float64)",tensor([-255]),['s']
27.0,28.23289412619416,27.067887825087123,26.885096502472972,"tensor([[0.5000]], dtype=torch.float64)",tensor([-255]),['s']
17.0,16.787160332902047,17.151666826789945,17.041750156830073,"tensor([[0.5000]], dtype=torch.float64)",tensor([-255]),['n']
32.0,33.04825749657529,32.57334384647672,30.395404015835396,"tensor([[0.5000]], dtype=torch.float64)",tensor([-255]),['s']
42.0,42.90791436174433,42.11911409039344,42.217045797650336,"tensor([[0.5000]], dtype=torch.float64)",tensor([-255]),['n']
42.0,40.84684635800743,42.46394364787858,42.84484117186256,"tensor([[0.5000]], dtype=torch.float64)",tensor([-255]),['s']
48.0,8.221010968053793,48.31309952737537,48.19063192783705,"tensor([[0.5000]], dtype=torch.float64)",tensor([-255]),['n']
23.0,23.794695591796696,22.74451299928548,22.103405567717214,"tensor([[0.5000]], dtype=torch.float64)",tensor([-255]),['n']
60.0,60.27495419906457,59.40466684609134,58.93486680493472,"tensor([[0.5000]], dtype=torch.float64)",tensor([-255]),['n']
3.0,71.0,2.9388667980838283,3.0089088247652667,"tensor([[0.5000]], dtype=torch.float64)",tensor([-255]),['s']
61.0,59.86981537465577,60.304563774732806,60.097135296461325,"tensor([[0.5000]], dtype=torch.float64)",tensor([-255]),['n']
16.0,16.91681570068061,16.28897454593311,16.14119744682825,"tensor([[0.5000]], dtype=torch.float64)",tensor([-255]),['n']
38.0,42.48342189134427,38.19469531938451,38.95158125417245,"tensor([[0.5000]], dtype=torch.float64)",tensor([-255]),['n']
39.0,44.52118680409323,39.583817029036176,39.58803314882896,"tensor([[0.5000]], dtype=torch.float64)",tensor([-255]),['n']
6.0,5.785105602054465,5.507886223104414,5.618547551181004,"tensor([[0.5000]], dtype=torch.float64)",tensor([-255]),['s']
22.0,20.68227305196858,22.318516824263398,22.05891592432153,"tensor([[0.5000]], dtype=torch.float64)",tensor([-255]),['s']
64.0,63.913687645727116,62.94955448492019,63.11005669636361,"tensor([[0.5000]], dtype=torch.float64)",tensor([-255]),['s']
14.0,12.14191941505462,13.819890703128232,13.738533404025503,"tensor([[0.5000]], dtype=torch.float64)",tensor([-255]),['s']
51.0,50.084559935059794,51.33815656535164,51.843004287452544,"tensor([[0.5000]], dtype=torch.float64)",tensor([-255]),['s']
55.0,55.1862493368036,54.80647091795253,54.9381114966669,"tensor([[0.5000]], dtype=torch.float64)",tensor([-255]),['n']
23.0,23.858244265440025,22.397059229595303,22.405644040749046,"tensor([[0.5000]], dtype=torch.float64)",tensor([-255]),['s']
41.0,39.80943179060493,24.701719195924024,41.68960862541639,"tensor([[0.5000]], dtype=torch.float64)",tensor([-255]),['s']
49.0,46.57501251246769,50.045797275545596,50.18979670908315,"tensor([[0.5000]], dtype=torch.float64)",tensor([-255]),['n']
66.0,3.5534057520269426,65.99036018002542,62.80788267456445,"tensor([[0.5000]], dtype=torch.float64)",tensor([-255]),['n']
19.0,20.11271437752694,19.35270108888183,19.321113013744405,"tensor([[0.5000]], dtype=torch.float64)",tensor([-255]),['s']
2.0,7.948798005742431,67.35267406650401,68.62443598324693,"tensor([[0.5000]], dtype=torch.float64)",tensor([-255]),['n']
59.0,56.34138024295452,58.677775159846924,58.130153913963504,"tensor([[0.5000]], dtype=torch.float64)",tensor([-255]),['s']
25.0,23.195124086800735,24.649869125126138,24.592780908140792,"tensor([[0.5000]], dtype=torch.float64)",tensor([-255]),['s']
46.0,21.033739286192205,46.49600394265194,46.52576250826035,"tensor([[0.5000]], dtype=torch.float64)",tensor([-255]),['n']
68.0,69.0087040044076,67.50772479358656,67.26824183457424,"tensor([[0.5000]], dtype=torch.float64)",tensor([-255]),['n']
70.0,67.40752961317368,69.82252974564292,69.75889039001657,"tensor([[0.5000]], dtype=torch.float64)",tensor([-255]),['s']
21.0,37.31956523729529,20.75423945510386,20.894884624533844,"tensor([[0.5000]], dtype=torch.float64)",tensor([-255]),['n']
28.0,26.978462124238142,27.76026431871477,27.965556795888606,"tensor([[0.5000]], dtype=torch.float64)",tensor([-255]),['n']
53.0,53.898104321824974,52.9242003116534,52.971100746093455,"tensor([[0.5000]], dtype=torch.float64)",tensor([-255]),['n']
56.0,55.865512488046704,55.77851415397331,55.616427721503186,"tensor([[0.5000]], dtype=torch.float64)",tensor([-255]),['n']
60.0,58.975203044600484,59.83150411496292,58.26042268027576,"tensor([[0.5000]], dtype=torch.float64)",tensor([-255]),['s']
36.0,39.540517871248795,36.03919769009725,36.720712260378754,"tensor([[0.5000]], dtype=torch.float64)",tensor([-255]),['n']
63.0,61.680818092799576,62.32753155457254,62.18173878211145,"tensor([[0.5000]], dtype=torch.float64)",tensor([-255]),['s']
25.0,27.270440714703327,24.596152831205252,24.847906400284156,"tensor([[0.5000]], dtype=torch.float64)",tensor([-255]),['n']
60.0,63.67826883893418,58.888381765622455,59.02490742869825,"tensor([[0.5000]], dtype=torch.float64)",tensor([-255]),['s']
61.0,61.77606818889487,59.906973353679355,59.54036683208298,"tensor([[0.5000]], dtype=torch.float64)",tensor([-255]),['s']
12.0,12.817450664259455,12.338127630015288,12.0765806698298,"tensor([[0.5000]], dtype=torch.float64)",tensor([-255]),['s']
51.0,50.30551158982799,51.61274821094886,51.80786055854392,"tensor([[0.5000]], dtype=torch.float64)",tensor([-255]),['s']
13.0,12.909806703617985,13.111782721395755,13.13899524773321,"tensor([[0.5000]], dtype=torch.float64)",tensor([-255]),['s']
58.0,57.87742696788443,57.73899019713182,57.73784461329322,"tensor([[0.5000]], dtype=torch.float64)",tensor([-255]),['n']
69.0,69.08470314146419,68.83087958296007,68.38909081931398,"tensor([[0.5000]], dtype=torch.float64)",tensor([-255]),['s']
69.0,67.09524566749472,68.92468456297595,68.80899864443155,"tensor([[0.5000]], dtype=torch.float64)",tensor([-255]),['n']
29.0,59.03450070726805,29.24330896773994,29.03006200727178,"tensor([[0.5000]], dtype=torch.float64)",tensor([-255]),['n']
3.0,5.69338992242913,3.0968544766807558,4.179099578845908,"tensor([[0.5000]], dtype=torch.float64)",tensor([-255]),['n']
43.0,45.98611852684709,43.61179118872406,43.86742295875642,"tensor([[0.5000]], dtype=torch.float64)",tensor([-255]),['n']
17.0,17.60810750517026,17.060537651382354,17.030038356359167,"tensor([[0.5000]], dtype=torch.float64)",tensor([-255]),['s']
40.0,38.04898354292753,40.27274627539518,40.11051091175017,"tensor([[0.5000]], dtype=torch.float64)",tensor([-255]),['n']
36.0,58.998193565525675,36.21017098069913,35.5133462572663,"tensor([[0.5000]], dtype=torch.float64)",tensor([-255]),['n']
31.0,33.516971573373965,30.984650259678393,30.929833292532045,"tensor([[0.5000]], dtype=torch.float64)",tensor([-255]),['s']
33.0,33.87753846404157,32.84261854371593,32.030511291281236,"tensor([[0.5000]], dtype=torch.float64)",tensor([-255]),['s']
39.0,42.11044082190684,39.94884686027031,40.39213343990992,"tensor([[0.5000]], dtype=torch.float64)",tensor([-255]),['s']
65.0,63.95460667977245,64.10322299173899,64.21775927604718,"tensor([[0.5000]], dtype=torch.float64)",tensor([-255]),['s']
57.0,57.07522090792549,56.72810701941505,56.442612511523336,"tensor([[0.5000]], dtype=torch.float64)",tensor([-255]),['n']
29.0,31.920756801252267,24.377422623060543,27.16447744449225,"tensor([[0.5000]], dtype=torch.float64)",tensor([-255]),['s']
51.0,32.26342139756437,51.34223016212467,51.31598948407862,"tensor([[0.5000]], dtype=torch.float64)",tensor([-255]),['s']
26.0,23.80417389431647,26.18681957571439,26.03715610090634,"tensor([[0.5000]], dtype=torch.float64)",tensor([-255]),['n']
23.0,22.942702396258102,22.965601884956,22.941793813906685,"tensor([[0.5000]], dtype=torch.float64)",tensor([-255]),['s']
54.0,29.890947659114676,53.818360187539895,53.98868889310816,"tensor([[0.5000]], dtype=torch.float64)",tensor([-255]),['s']
13.0,16.96374186267603,12.987231835501351,12.98961679857303,"tensor([[0.5000]], dtype=torch.float64)",tensor([-255]),['n']
22.0,20.784941811367748,22.00937612353119,21.959227579426074,"tensor([[0.5000]], dtype=torch.float64)",tensor([-255]),['n']
61.0,61.05781717160047,60.45474885106283,59.299369632613406,"tensor([[0.5000]], dtype=torch.float64)",tensor([-255]),['s']
71.0,70.26675344894011,12.395296150538158,0.8859818302238646,"tensor([[0.5000]], dtype=torch.float64)",tensor([-255]),['s']
56.0,58.65613625402937,55.76429568493756,55.728157848723676,"tensor([[0.5000]], dtype=torch.float64)",tensor([-255]),['n']
8.0,10.42258692910265,7.752753063797514,7.80614729202645,"tensor([[0.5000]], dtype=torch.float64)",tensor([-255]),['n']
37.0,34.87570895198293,36.889070627019386,36.37183617747135,"tensor([[0.5000]], dtype=torch.float64)",tensor([-255]),['s']
42.0,43.46539179518115,42.337495158707675,42.18681039923877,"tensor([[0.5000]], dtype=torch.float64)",tensor([-255]),['s']
35.0,32.354026901761934,34.511670926365355,34.81021106395726,"tensor([[0.5000]], dtype=torch.float64)",tensor([-255]),['s']
23.0,40.518513342881135,23.00668448910756,22.860450480151222,"tensor([[0.5000]], dtype=torch.float64)",tensor([-255]),['s']
25.0,25.832433002470164,24.9609492611103,24.358154918954945,"tensor([[0.5000]], dtype=torch.float64)",tensor([-255]),['n']
23.0,20.77715799088991,22.91224114589187,22.92547602569768,"tensor([[0.5000]], dtype=torch.float64)",tensor([-255]),['n']
23.0,26.98865535050706,22.983081171396357,22.8480750944339,"tensor([[0.5000]], dtype=torch.float64)",tensor([-255]),['n']
61.0,58.492531554258775,60.44205699172108,60.54942848443577,"tensor([[0.5000]], dtype=torch.float64)",tensor([-255]),['n']
48.0,50.09678835540173,48.32903741032456,48.655383994179346,"tensor([[0.5000]], dtype=torch.float64)",tensor([-255]),['s']
28.0,32.26049225188764,25.294385923655355,25.83314541281879,"tensor([[0.5000]], dtype=torch.float64)",tensor([-255]),['s']
2.0,1.7378264024821557,2.4709214124049144,4.768590204670972,"tensor([[0.5000]], dtype=torch.float64)",tensor([-255]),['n']
35.0,33.197916118047786,34.87686855998905,35.3802542007313,"tensor([[0.5000]], dtype=torch.float64)",tensor([-255]),['s']
41.0,39.56927622029247,41.91415997510958,42.69214896801209,"tensor([[0.5000]], dtype=torch.float64)",tensor([-255]),['n']
19.0,16.893367409925386,18.78836673602004,18.928999319465593,"tensor([[0.5000]], dtype=torch.float64)",tensor([-255]),['n']
52.0,50.34848548626296,51.959881207821994,52.60147537675937,"tensor([[0.5000]], dtype=torch.float64)",tensor([-255]),['s']
63.0,60.185948053739075,62.32275495083312,62.28467664004173,"tensor([[0.5000]], dtype=torch.float64)",tensor([-255]),['n']
46.0,48.06975843977631,46.839907106559785,47.78171113344319,"tensor([[0.5000]], dtype=torch.float64)",tensor([-255]),['n']
70.0,69.25127358251184,69.55106439250787,69.78324811268236,"tensor([[0.5000]], dtype=torch.float64)",tensor([-255]),['n']
55.0,30.33093921000554,54.91911955591776,54.961673730183534,"tensor([[0.5000]], dtype=torch.float64)",tensor([-255]),['n']
26.0,27.01302394030736,25.703839055818488,25.95646023558924,"tensor([[0.5000]], dtype=torch.float64)",tensor([-255]),['n']
12.0,14.883604423611255,11.719854572367835,11.977287375280346,"tensor([[0.5000]], dtype=torch.float64)",tensor([-255]),['s']
1.0,6.541840859889884,0.8930303477704784,0.8491674132620484,"tensor([[0.5000]], dtype=torch.float64)",tensor([-255]),['n']
41.0,41.935379635465225,41.687867931898126,42.06262503985293,"tensor([[0.5000]], dtype=torch.float64)",tensor([-255]),['n']
56.0,56.20974812427931,55.91227842360047,56.06933039096864,"tensor([[0.5000]], dtype=torch.float64)",tensor([-255]),['s']
20.0,41.211442251844105,19.790461772850453,19.279875194066303,"tensor([[0.5000]], dtype=torch.float64)",tensor([-255]),['n']
5.0,8.307394973345412,4.96303343298187,6.012769363529205,"tensor([[0.5000]], dtype=torch.float64)",tensor([-255]),['s']
70.0,7.15310995700637,70.16706877018909,70.0203330614355,"tensor([[0.5000]], dtype=torch.float64)",tensor([-255]),['s']
27.0,28.42105285867811,26.739477404005445,26.908365964783926,"tensor([[0.5000]], dtype=torch.float64)",tensor([-255]),['n']
30.0,28.142665622657894,29.740112146737115,29.929994159226773,"tensor([[0.5000]], dtype=torch.float64)",tensor([-255]),['s']
19.0,19.466115013792717,18.899912683433527,19.02912871222407,"tensor([[0.5000]], dtype=torch.float64)",tensor([-255]),['s']
9.0,8.819609866177197,9.368857748310687,9.14268665914205,"tensor([[0.5000]], dtype=torch.float64)",tensor([-255]),['s']
65.0,2.9288949454920132,60.944586905327036,61.362602652644185,"tensor([[0.5000]], dtype=torch.float64)",tensor([-255]),['s']
59.0,61.015338632062864,58.618805062552596,58.03708483091405,"tensor([[0.5000]], dtype=torch.float64)",tensor([-255]),['n']
61.0,61.40274711176852,60.74222370760143,60.2837128838137,"tensor([[0.5000]], dtype=torch.float64)",tensor([-255]),['n']
22.0,22.246832826963196,22.46013912823874,22.02402195140708,"tensor([[0.5000]], dtype=torch.float64)",tensor([-255]),['n']
16.0,17.073280545009094,16.186077769800033,16.124958011697387,"tensor([[0.5000]], dtype=torch.float64)",tensor([-255]),['n']
68.0,67.04345277634005,67.50356588231784,67.36890055019657,"tensor([[0.5000]], dtype=torch.float64)",tensor([-255]),['n']
0.0,2.10765949752808,0.0,0.0,"tensor([[0.5000]], dtype=torch.float64)",tensor([-255]),['s']
63.0,59.974607145085514,62.31167324413401,62.26222750814267,"tensor([[0.5000]], dtype=torch.float64)",tensor([-255]),['s']
55.0,52.86469407850275,54.87016046864018,54.97332658044926,"tensor([[0.5000]], dtype=torch.float64)",tensor([-255]),['n']
1.0,68.22767938544142,0.8783497649126393,1.1915488700173358,"tensor([[0.5000]], dtype=torch.float64)",tensor([-255]),['n']
24.0,27.5639494194378,23.390543647643366,23.446082124391882,"tensor([[0.5000]], dtype=torch.float64)",tensor([-255]),['s']
35.0,39.43667444882877,35.05009528930716,34.61553304766806,"tensor([[0.5000]], dtype=torch.float64)",tensor([-255]),['n']
32.0,32.47450336508988,32.03232474187847,31.956478972195693,"tensor([[0.5000]], dtype=torch.float64)",tensor([-255]),['s']
65.0,64.9115528617786,64.5786510087012,64.59219802759549,"tensor([[0.5000]], dtype=torch.float64)",tensor([-255]),['s']
37.0,40.87927170187734,37.02731905428421,36.7574349716751,"tensor([[0.5000]], dtype=torch.float64)",tensor([-255]),['n']
53.0,50.952964087133864,53.08199179615015,52.99971406485989,"tensor([[0.5000]], dtype=torch.float64)",tensor([-255]),['s']
68.0,67.084406537344,67.59327162295733,67.65002464341181,"tensor([[0.5000]], dtype=torch.float64)",tensor([-255]),['s']
0.0,3.787013466596044,71.0,0.0,"tensor([[0.5000]], dtype=torch.float64)",tensor([-255]),['n']
8.0,9.572129188160496,8.906241570229014,9.516762615624899,"tensor([[0.5000]], dtype=torch.float64)",tensor([-255]),['n']
29.0,27.164638752846322,28.516782176316106,28.477716345903016,"tensor([[0.5000]], dtype=torch.float64)",tensor([-255]),['s']
64.0,65.22675605465167,63.15382850739388,63.413212763026905,"tensor([[0.5000]], dtype=torch.float64)",tensor([-255]),['s']
8.0,9.562180282987931,7.832829108077838,7.864550159186551,"tensor([[0.5000]], dtype=torch.float64)",tensor([-255]),['n']
60.0,61.226975124581266,59.620265853583405,59.342234128163135,"tensor([[0.5000]], dtype=torch.float64)",tensor([-255]),['n']
56.0,55.97020444406864,55.71356383509216,55.538735892322556,"tensor([[0.5000]], dtype=torch.float64)",tensor([-255]),['n']
26.0,28.03174143556395,25.83230895156158,25.851796139412166,"tensor([[0.5000]], dtype=torch.float64)",tensor([-255]),['n']
10.0,47.45750446332001,11.363748877736509,10.318300621992446,"tensor([[0.5000]], dtype=torch.float64)",tensor([-255]),['s']
39.0,41.49469851687173,39.48054534856114,39.43786800255684,"tensor([[0.5000]], dtype=torch.float64)",tensor([-255]),['s']
43.0,42.679802837269456,43.32707638182866,43.2198601406429,"tensor([[0.5000]], dtype=torch.float64)",tensor([-255]),['s']
16.0,15.426042954990319,15.962067578055217,15.994407956662219,"tensor([[0.5000]], dtype=torch.float64)",tensor([-255]),['n']
11.0,8.605599154206988,10.92699005879197,11.246496883476668,"tensor([[0.5000]], dtype=torch.float64)",tensor([-255]),['n']
58.0,60.3995450092297,57.736201348816635,57.60124436771892,"tensor([[0.5000]], dtype=torch.float64)",tensor([-255]),['n']
50.0,47.55579791141537,50.34043444137753,50.4477684638504,"tensor([[0.5000]], dtype=torch.float64)",tensor([-255]),['n']
33.0,29.160577007996356,33.11970479981788,32.898109820317046,"tensor([[0.5000]], dtype=torch.float64)",tensor([-255]),['s']
15.0,15.129837424790745,14.45544091699352,14.654930859547841,"tensor([[0.5000]], dtype=torch.float64)",tensor([-255]),['s']
62.0,64.04856331197419,60.65803898491407,60.695153110416015,"tensor([[0.5000]], dtype=torch.float64)",tensor([-255]),['n']
46.0,44.94756607146412,46.668175606260974,46.451639079473146,"tensor([[0.5000]], dtype=torch.float64)",tensor([-255]),['s']
58.0,59.84010358993839,57.22405903369624,57.04331060260477,"tensor([[0.5000]], dtype=torch.float64)",tensor([-255]),['n']
65.0,64.03087061942477,64.21852502583843,64.44577067035777,"tensor([[0.5000]], dtype=torch.float64)",tensor([-255]),['n']
11.0,11.24831066544597,11.005079688220322,11.176750949806507,"tensor([[0.5000]], dtype=torch.float64)",tensor([-255]),['s']
55.0,55.76966526798324,54.716826165849064,54.85302365343898,"tensor([[0.5000]], dtype=torch.float64)",tensor([-255]),['s']
0.0,0.41378796964742914,0.1397949910209682,0.006211054520219803,"tensor([[0.5000]], dtype=torch.float64)",tensor([-255]),['n']
7.0,6.9359751319885365,6.822251033191815,6.793574694840256,"tensor([[0.5000]], dtype=torch.float64)",tensor([-255]),['s']
64.0,62.44203056870498,63.39366491392129,62.92647506723137,"tensor([[0.5000]], dtype=torch.float64)",tensor([-255]),['n']
30.0,29.61839903173138,29.844570947534542,29.818242485761246,"tensor([[0.5000]], dtype=torch.float64)",tensor([-255]),['n']
2.0,5.038872715876389,2.450782909491131,3.2604157152602617,"tensor([[0.5000]], dtype=torch.float64)",tensor([-255]),['s']
61.0,59.99493785452403,60.74480577760218,60.72365380133942,"tensor([[0.5000]], dtype=torch.float64)",tensor([-255]),['s']
32.0,33.00613385497171,32.60119723107566,30.200334000530756,"tensor([[0.5000]], dtype=torch.float64)",tensor([-255]),['s']
54.0,53.669400935899006,53.99539692936682,54.018630213601,"tensor([[0.5000]], dtype=torch.float64)",tensor([-255]),['n']
46.0,38.48729385860001,46.612282556053295,46.50370476113557,"tensor([[0.5000]], dtype=torch.float64)",tensor([-255]),['n']
38.0,43.01381034782152,37.882462377782204,38.182968279394196,"tensor([[0.5000]], dtype=torch.float64)",tensor([-255]),['n']
23.0,25.06879162177262,23.235917073119726,22.942588982940435,"tensor([[0.5000]], dtype=torch.float64)",tensor([-255]),['s']
19.0,41.9064028467136,18.740505355373372,18.918450002856677,"tensor([[0.5000]], dtype=torch.float64)",tensor([-255]),['s']
6.0,7.856684540560849,6.08209116321881,6.133641789768516,"tensor([[0.5000]], dtype=torch.float64)",tensor([-255]),['n']
66.0,62.903248515683856,65.67485827114325,65.66034270550317,"tensor([[0.5000]], dtype=torch.float64)",tensor([-255]),['n']
33.0,33.900326074533524,33.17011238579593,32.99398202797536,"tensor([[0.5000]], dtype=torch.float64)",tensor([-255]),['s']
56.0,55.93371820747565,55.850329528473196,55.90546225588216,"tensor([[0.5000]], dtype=torch.float64)",tensor([-255]),['n']
11.0,11.125122366933363,10.503912720117848,10.850409715437113,"tensor([[0.5000]], dtype=torch.float64)",tensor([-255]),['n']
27.0,25.599341746492165,27.262068641439228,26.513569265342475,"tensor([[0.5000]], dtype=torch.float64)",tensor([-255]),['s']
19.0,19.073735289723686,18.849132820847483,18.931357042939155,"tensor([[0.5000]], dtype=torch.float64)",tensor([-255]),['n']
27.0,25.118367399278725,27.26568482669434,27.0848765557324,"tensor([[0.5000]], dtype=torch.float64)",tensor([-255]),['n']
42.0,44.711566565272804,42.68005365536204,42.8655722726921,"tensor([[0.5000]], dtype=torch.float64)",tensor([-255]),['n']
23.0,24.146942378325985,22.9788292029453,22.973766816534255,"tensor([[0.5000]], dtype=torch.float64)",tensor([-255]),['s']
60.0,60.01352754580745,62.877780705245065,59.17881401897562,"tensor([[0.5000]], dtype=torch.float64)",tensor([-255]),['s']
27.0,28.11857481459598,27.2488130783979,27.28038362712023,"tensor([[0.5000]], dtype=torch.float64)",tensor([-255]),['n']
5.0,8.156716596351856,4.949037369461011,5.300394818487997,"tensor([[0.5000]], dtype=torch.float64)",tensor([-255]),['n']
30.0,34.487769212769265,30.226137748340967,26.845709467813208,"tensor([[0.5000]], dtype=torch.float64)",tensor([-255]),['n']
39.0,39.91086059729739,39.29646758841044,39.37499479799318,"tensor([[0.5000]], dtype=torch.float64)",tensor([-255]),['s']
63.0,60.18339268919434,62.248975133386374,62.25290913762228,"tensor([[0.5000]], dtype=torch.float64)",tensor([-255]),['s']
12.0,9.350723091648923,12.480801188215954,12.515595453575575,"tensor([[0.5000]], dtype=torch.float64)",tensor([-255]),['n']
2.0,66.3577271778707,1.8941032179827835,70.88480623595801,"tensor([[0.5000]], dtype=torch.float64)",tensor([-255]),['s']
37.0,28.92279804542011,37.151644010957966,37.508087179571696,"tensor([[0.5000]], dtype=torch.float64)",tensor([-255]),['n']
64.0,65.20212656976605,62.14909638502205,62.303844805362125,"tensor([[0.5000]], dtype=torch.float64)",tensor([-255]),['s']
30.0,26.365158869519192,29.863411888532266,27.493978065794984,"tensor([[0.5000]], dtype=torch.float64)",tensor([-255]),['n']
31.0,28.87980434419623,30.996924577419456,30.95230384912078,"tensor([[0.5000]], dtype=torch.float64)",tensor([-255]),['n']
40.0,39.54562020513926,40.166743788103034,40.628614320049834,"tensor([[0.5000]], dtype=torch.float64)",tensor([-255]),['n']
16.0,14.18746792406639,15.784142078287822,16.012322760394653,"tensor([[0.5000]], dtype=torch.float64)",tensor([-255]),['s']
20.0,61.919919074624794,19.955734531708096,19.890065956640623,"tensor([[0.5000]], dtype=torch.float64)",tensor([-255]),['s']
21.0,19.87422597345178,21.30315885664545,21.151186500432907,"tensor([[0.5000]], dtype=torch.float64)",tensor([-255]),['s']
69.0,65.06303489798842,68.68485162696892,68.45246387110674,"tensor([[0.5000]], dtype=torch.float64)",tensor([-255]),['n']
12.0,10.43547031835352,11.817968708666303,12.163116759343255,"tensor([[0.5000]], dtype=torch.float64)",tensor([-255]),['s']
51.0,50.17852142782231,51.310118342545465,51.27797514471579,"tensor([[0.5000]], dtype=torch.float64)",tensor([-255]),['s']
57.0,2.086142911318184,56.953174891631754,56.80692299816018,"tensor([[0.5000]], dtype=torch.float64)",tensor([-255]),['n']
12.0,12.822439880363039,12.403309464386412,12.575072587019143,"tensor([[0.5000]], dtype=torch.float64)",tensor([-255]),['s']
69.0,65.41864446824114,68.2464681132682,68.21414158079942,"tensor([[0.5000]], dtype=torch.float64)",tensor([-255]),['s']
53.0,30.008516714167474,53.14721394770043,52.23337750233776,"tensor([[0.5000]], dtype=torch.float64)",tensor([-255]),['s']
54.0,55.33043903633495,54.23042221640314,54.071701967619035,"tensor([[0.5000]], dtype=torch.float64)",tensor([-255]),['s']
44.0,41.741617786463046,45.15399831487698,44.96107302592278,"tensor([[0.5000]], dtype=torch.float64)",tensor([-255]),['n']
55.0,55.22185010751966,54.953650655188916,55.03552248812252,"tensor([[0.5000]], dtype=torch.float64)",tensor([-255]),['n']
29.0,27.18715113930907,29.1372206792565,28.015556421509455,"tensor([[0.5000]], dtype=torch.float64)",tensor([-255]),['n']
49.0,47.72089875958868,49.27998376587659,49.429566250146515,"tensor([[0.5000]], dtype=torch.float64)",tensor([-255]),['s']
41.0,38.78151676250718,41.0734072182471,40.742608702837735,"tensor([[0.5000]], dtype=torch.float64)",tensor([-255]),['n']
66.0,67.90582732967304,65.30850864225827,64.34914604591646,"tensor([[0.5000]], dtype=torch.float64)",tensor([-255]),['s']
58.0,57.98745790301669,57.76020635843791,57.209217021096556,"tensor([[0.5000]], dtype=torch.float64)",tensor([-255]),['s']
1.0,70.51636209147797,0.8978256272635167,0.8028760866353408,"tensor([[0.5000]], dtype=torch.float64)",tensor([-255]),['s']
68.0,66.05595148190422,67.06495191173917,67.79832015877767,"tensor([[0.5000]], dtype=torch.float64)",tensor([-255]),['s']
39.0,35.58975678528876,38.883268330460574,39.20640666163249,"tensor([[0.5000]], dtype=torch.float64)",tensor([-255]),['n']
60.0,62.1249139690547,59.41637725371735,58.41502636108534,"tensor([[0.5000]], dtype=torch.float64)",tensor([-255]),['s']
32.0,29.16376426585267,27.26317171579097,32.02772928382858,"tensor([[0.5000]], dtype=torch.float64)",tensor([-255]),['s']
40.0,23.252552563103617,40.523747288894924,41.046938781413665,"tensor([[0.5000]], dtype=torch.float64)",tensor([-255]),['n']
57.0,56.871986342780545,56.71498602152232,56.70578949876964,"tensor([[0.5000]], dtype=torch.float64)",tensor([-255]),['n']
59.0,58.348601429809904,58.550853131421,58.29309164854454,"tensor([[0.5000]], dtype=torch.float64)",tensor([-255]),['n']
44.0,32.4793918464931,44.857711722231834,45.17152180655048,"tensor([[0.5000]], dtype=torch.float64)",tensor([-255]),['n']
19.0,19.245037690388266,18.708619614639243,18.7796090733781,"tensor([[0.5000]], dtype=torch.float64)",tensor([-255]),['n']
51.0,19.254269627488213,51.1022182659445,51.063347421093944,"tensor([[0.5000]], dtype=torch.float64)",tensor([-255]),['s']
10.0,8.71973620419599,13.856763353920174,10.776700793015944,"tensor([[0.5000]], dtype=torch.float64)",tensor([-255]),['s']
13.0,15.016063324921321,12.997335912032113,13.105257360497395,"tensor([[0.5000]], dtype=torch.float64)",tensor([-255]),['n']
70.0,4.195492355181797,69.66457875876529,69.82000084921957,"tensor([[0.5000]], dtype=torch.float64)",tensor([-255]),['s']
33.0,31.59587299099458,32.59565025092339,32.65380362839654,"tensor([[0.5000]], dtype=torch.float64)",tensor([-255]),['s']
30.0,32.88797115038164,30.045642024784986,29.580231953100334,"tensor([[0.5000]], dtype=torch.float64)",tensor([-255]),['s']
24.0,23.960796279488104,23.80330313856431,23.88464066445209,"tensor([[0.5000]], dtype=torch.float64)",tensor([-255]),['n']
39.0,59.03816886835726,39.419613543977164,39.7551137433258,"tensor([[0.5000]], dtype=torch.float64)",tensor([-255]),['n']
36.0,30.4440531626972,35.360757933282166,35.70303014993022,"tensor([[0.5000]], dtype=torch.float64)",tensor([-255]),['n']
37.0,38.95029197078143,37.28383334555307,37.01706431084524,"tensor([[0.5000]], dtype=torch.float64)",tensor([-255]),['s']
58.0,57.540792481311115,57.72861933386401,57.60374808119571,"tensor([[0.5000]], dtype=torch.float64)",tensor([-255]),['n']
71.0,66.42196795585897,71.0,71.0,"tensor([[0.5000]], dtype=torch.float64)",tensor([-255]),['s']
41.0,37.94044530995386,41.1808724910538,41.24775784169637,"tensor([[0.5000]], dtype=torch.float64)",tensor([-255]),['n']
21.0,22.189268897557774,21.523981678932273,20.973604228044707,"tensor([[0.5000]], dtype=torch.float64)",tensor([-255]),['s']
16.0,12.779799017176071,16.439551390262885,16.204707823832592,"tensor([[0.5000]], dtype=torch.float64)",tensor([-255]),['s']
64.0,43.98759871463761,62.83559748826586,62.935393663396276,"tensor([[0.5000]], dtype=torch.float64)",tensor([-255]),['s']
5.0,5.474564126445878,5.206628550603938,6.011584023592008,"tensor([[0.5000]], dtype=torch.float64)",tensor([-255]),['s']
53.0,7.268910674991311,53.04559950011003,53.25284932844311,"tensor([[0.5000]], dtype=torch.float64)",tensor([-255]),['n']
41.0,43.80473586731194,41.14936868978504,40.766904335257735,"tensor([[0.5000]], dtype=torch.float64)",tensor([-255]),['n']
7.0,7.43104136619241,7.0512892354347345,7.04597420171095,"tensor([[0.5000]], dtype=torch.float64)",tensor([-255]),['s']
53.0,52.057918208399656,53.19189983737641,53.14516140757638,"tensor([[0.5000]], dtype=torch.float64)",tensor([-255]),['n']
68.0,65.13565183381533,67.83297837295825,67.64519484475278,"tensor([[0.5000]], dtype=torch.float64)",tensor([-255]),['s']
26.0,26.127261024777155,26.6048407432061,26.74018812718944,"tensor([[0.5000]], dtype=torch.float64)",tensor([-255]),['n']
14.0,14.612045655191862,14.06754209311364,14.22682617033946,"tensor([[0.5000]], dtype=torch.float64)",tensor([-255]),['s']
13.0,14.454283871924156,12.935145929564904,13.753790119789839,"tensor([[0.5000]], dtype=torch.float64)",tensor([-255]),['n']
58.0,60.85751225663208,57.125085139459706,56.96367162681883,"tensor([[0.5000]], dtype=torch.float64)",tensor([-255]),['s']
51.0,52.977589705806245,51.40485886001189,51.10743796718084,"tensor([[0.5000]], dtype=torch.float64)",tensor([-255]),['s']
63.0,64.55682718270523,62.507885309857926,61.93734013831933,"tensor([[0.5000]], dtype=torch.float64)",tensor([-255]),['n']
62.0,63.48369575311858,61.41662623414654,61.34419475989878,"tensor([[0.5000]], dtype=torch.float64)",tensor([-255]),['n']
32.0,33.31792189794598,31.791097474244733,31.28575431412844,"tensor([[0.5000]], dtype=torch.float64)",tensor([-255]),['n']
0.0,66.46378644875463,0.0,0.06959381310163762,"tensor([[0.5000]], dtype=torch.float64)",tensor([-255]),['n']
1.0,68.36650813910404,1.3559948895176352,1.9059870267249106,"tensor([[0.5000]], dtype=torch.float64)",tensor([-255]),['n']
21.0,22.117410761245658,20.873251470446284,20.79941505955221,"tensor([[0.5000]], dtype=torch.float64)",tensor([-255]),['n']
19.0,25.216239341803274,18.868347044244704,18.939417500013178,"tensor([[0.5000]], dtype=torch.float64)",tensor([-255]),['n']
13.0,13.319833476974036,12.978411449373537,13.373223962365467,"tensor([[0.5000]], dtype=torch.float64)",tensor([-255]),['n']
12.0,11.232128411215324,12.003266532703401,12.013244436680157,"tensor([[0.5000]], dtype=torch.float64)",tensor([-255]),['n']
20.0,22.714435872562515,20.228690073627025,19.99739802931895,"tensor([[0.5000]], dtype=torch.float64)",tensor([-255]),['s']
9.0,6.9214181404533734,8.942136729187586,9.085658470720256,"tensor([[0.5000]], dtype=torch.float64)",tensor([-255]),['s']
46.0,41.96183974738707,46.35009991157942,46.28595209241685,"tensor([[0.5000]], dtype=torch.float64)",tensor([-255]),['s']
61.0,60.029560214437865,60.67391282515233,60.40630379497359,"tensor([[0.5000]], dtype=torch.float64)",tensor([-255]),['n']
9.0,8.819429140551968,8.698758105822892,9.087633904171668,"tensor([[0.5000]], dtype=torch.float64)",tensor([-255]),['n']
30.0,27.373098517214572,30.909099582258953,30.828128339747444,"tensor([[0.5000]], dtype=torch.float64)",tensor([-255]),['s']
29.0,28.03469835052498,28.70361129340062,27.40010462741441,"tensor([[0.5000]], dtype=torch.float64)",tensor([-255]),['s']
28.0,27.32448264652637,26.68394333444699,27.22772200070332,"tensor([[0.5000]], dtype=torch.float64)",tensor([-255]),['s']
70.0,1.5094901808720516,70.38735178717471,70.27659876103188,"tensor([[0.5000]], dtype=torch.float64)",tensor([-255]),['n']
23.0,24.999139328628708,22.757672780681816,22.032074370550397,"tensor([[0.5000]], dtype=torch.float64)",tensor([-255]),['n']
32.0,31.31066500150291,32.540747292581806,32.25595081195533,"tensor([[0.5000]], dtype=torch.float64)",tensor([-255]),['s']
57.0,59.080397100349536,56.55646597191635,56.70635636480185,"tensor([[0.5000]], dtype=torch.float64)",tensor([-255]),['n']
5.0,5.007935501034266,4.620648541007707,4.969794479423146,"tensor([[0.5000]], dtype=torch.float64)",tensor([-255]),['n']
18.0,16.084965212288576,17.954717038537588,17.98448669748857,"tensor([[0.5000]], dtype=torch.float64)",tensor([-255]),['s']
60.0,61.42298751496894,59.10372918746499,59.07964499819365,"tensor([[0.5000]], dtype=torch.float64)",tensor([-255]),['s']
43.0,40.041251487754806,43.457302773890156,43.87962967355415,"tensor([[0.5000]], dtype=torch.float64)",tensor([-255]),['n']
64.0,66.13835149430048,62.848516946672625,62.91237700991938,"tensor([[0.5000]], dtype=torch.float64)",tensor([-255]),['s']
17.0,14.112431239750913,17.1081992790672,16.470577428024693,"tensor([[0.5000]], dtype=torch.float64)",tensor([-255]),['s']
23.0,36.832539549201535,23.0334436850956,22.76438761933659,"tensor([[0.5000]], dtype=torch.float64)",tensor([-255]),['n']
46.0,45.06345722839291,46.5401280746096,47.01901108576034,"tensor([[0.5000]], dtype=torch.float64)",tensor([-255]),['n']
11.0,8.038200114297744,11.35156345084713,11.175063071803617,"tensor([[0.5000]], dtype=torch.float64)",tensor([-255]),['s']
67.0,1.848104381034264,66.31755914391594,66.0783633428536,"tensor([[0.5000]], dtype=torch.float64)",tensor([-255]),['s']
30.0,27.99091540804575,29.822086150378418,27.389232680773453,"tensor([[0.5000]], dtype=torch.float64)",tensor([-255]),['s']
15.0,48.98917362637249,15.149517311863244,15.259870311212339,"tensor([[0.5000]], dtype=torch.float64)",tensor([-255]),['s']
61.0,61.75593236636822,60.19985820611999,59.98589186261894,"tensor([[0.5000]], dtype=torch.float64)",tensor([-255]),['s']
49.0,51.06749585575735,49.07479758828887,49.46014306672768,"tensor([[0.5000]], dtype=torch.float64)",tensor([-255]),['n']
1.0,1.1514370327862395,1.1692685969901975,1.2667044910313392,"tensor([[0.5000]], dtype=torch.float64)",tensor([-255]),['n']
32.0,30.01176574264926,32.177504125871906,31.937192649741537,"tensor([[0.5000]], dtype=torch.float64)",tensor([-255]),['n']
56.0,56.964341294505004,55.692932805964084,55.78685587916211,"tensor([[0.5000]], dtype=torch.float64)",tensor([-255]),['n']
35.0,37.110090109118815,34.957276804322355,35.271792444990375,"tensor([[0.5000]], dtype=torch.float64)",tensor([-255]),['n']
71.0,3.4708365749004813,70.9712127788263,71.0,"tensor([[0.5000]], dtype=torch.float64)",tensor([-255]),['s']
35.0,34.11595862489988,35.095364807427046,34.84144910085952,"tensor([[0.5000]], dtype=torch.float64)",tensor([-255]),['s']
35.0,32.14318869485234,34.08184459395419,34.3603101220059,"tensor([[0.5000]], dtype=torch.float64)",tensor([-255]),['s']
28.0,26.376466998822067,27.60899262131408,27.502726289004087,"tensor([[0.5000]], dtype=torch.float64)",tensor([-255]),['n']
52.0,31.994096742424183,52.63191812222482,52.45504142186344,"tensor([[0.5000]], dtype=torch.float64)",tensor([-255]),['s']
51.0,49.938412794936774,51.31604737717081,51.262514104643174,"tensor([[0.5000]], dtype=torch.float64)",tensor([-255]),['s']
4.0,6.112794196472261,3.8606329896593996,4.181716343478533,"tensor([[0.5000]], dtype=torch.float64)",tensor([-255]),['s']
1.0,69.99519170642166,0.9391590929263418,0.9846598396861939,"tensor([[0.5000]], dtype=torch.float64)",tensor([-255]),['n']
0.0,1.0280058449685554,0.0,0.0,"tensor([[0.5000]], dtype=torch.float64)",tensor([-255]),['n']
60.0,59.56626543330974,59.398688177222304,59.003145400491015,"tensor([[0.5000]], dtype=torch.float64)",tensor([-255]),['s']
64.0,64.00325256659019,62.861213256864445,62.949165290026514,"tensor([[0.5000]], dtype=torch.float64)",tensor([-255]),['n']
4.0,2.1507053184155938,3.833094095314196,4.393202116842086,"tensor([[0.5000]], dtype=torch.float64)",tensor([-255]),['n']
23.0,21.510315398317942,22.987172641991506,22.71997395337046,"tensor([[0.5000]], dtype=torch.float64)",tensor([-255]),['s']
40.0,37.36085204537396,40.01079993822949,39.33459021662329,"tensor([[0.5000]], dtype=torch.float64)",tensor([-255]),['s']
67.0,63.0489818690949,66.39235114502337,66.38716506045267,"tensor([[0.5000]], dtype=torch.float64)",tensor([-255]),['n']
18.0,18.968951792811175,17.804078742239398,17.99130429126862,"tensor([[0.5000]], dtype=torch.float64)",tensor([-255]),['s']
26.0,26.67114971959872,25.635108411651036,24.9927476279202,"tensor([[0.5000]], dtype=torch.float64)",tensor([-255]),['n']
40.0,41.83406487926612,40.3418810843114,40.29085455917427,"tensor([[0.5000]], dtype=torch.float64)",tensor([-255]),['n']
29.0,28.267808432264914,29.864712860313055,29.220698857239043,"tensor([[0.5000]], dtype=torch.float64)",tensor([-255]),['n']
30.0,26.622899458231128,30.329738509249662,30.536882447411983,"tensor([[0.5000]], dtype=torch.float64)",tensor([-255]),['s']
37.0,35.96701666472233,36.952757758174975,37.00808442854662,"tensor([[0.5000]], dtype=torch.float64)",tensor([-255]),['n']
50.0,49.02772839931116,50.5672243517754,50.78076297375886,"tensor([[0.5000]], dtype=torch.float64)",tensor([-255]),['s']
20.0,21.27964255767375,19.72923361827022,19.319728367610786,"tensor([[0.5000]], dtype=torch.float64)",tensor([-255]),['s']
13.0,12.89658080930515,13.20243040723565,13.228997978098736,"tensor([[0.5000]], dtype=torch.float64)",tensor([-255]),['s']
37.0,32.43210143795811,50.297215874133094,38.90559388509546,"tensor([[0.5000]], dtype=torch.float64)",tensor([-255]),['s']
42.0,41.56088101799443,45.699528765221125,44.47885575173658,"tensor([[0.5000]], dtype=torch.float64)",tensor([-255]),['s']
41.0,41.0999872304421,41.01567046685097,41.670957256645124,"tensor([[0.5000]], dtype=torch.float64)",tensor([-255]),['n']
71.0,66.71894838200151,70.90863028130013,0.0,"tensor([[0.5000]], dtype=torch.float64)",tensor([-255]),['s']
39.0,40.067046606029244,39.486297380569404,39.30353785105975,"tensor([[0.5000]], dtype=torch.float64)",tensor([-255]),['n']
27.0,24.95961506633385,26.624957160143584,26.9754198976488,"tensor([[0.5000]], dtype=torch.float64)",tensor([-255]),['s']
71.0,69.70106197329343,71.0,70.9709335635643,"tensor([[0.5000]], dtype=torch.float64)",tensor([-255]),['s']
15.0,15.86129115596479,14.970818967289189,14.97932761825034,"tensor([[0.5000]], dtype=torch.float64)",tensor([-255]),['n']
44.0,36.16635630027472,44.59045607170114,45.050083672003694,"tensor([[0.5000]], dtype=torch.float64)",tensor([-255]),['s']
43.0,40.04079825409315,43.30996786512911,43.460931101424414,"tensor([[0.5000]], dtype=torch.float64)",tensor([-255]),['n']
0.0,2.028466467551262,71.0,71.0,"tensor([[0.5000]], dtype=torch.float64)",tensor([-255]),['s']
36.0,32.41059925019151,35.292359467205564,32.01777798278793,"tensor([[0.5000]], dtype=torch.float64)",tensor([-255]),['n']
60.0,59.235554409927836,59.139798889503155,59.1065156693065,"tensor([[0.5000]], dtype=torch.float64)",tensor([-255]),['s']
68.0,69.21903489577959,67.76895078415295,67.65394218244616,"tensor([[0.5000]], dtype=torch.float64)",tensor([-255]),['s']
32.0,33.984005416997704,32.12967560810275,31.87915266471569,"tensor([[0.5000]], dtype=torch.float64)",tensor([-255]),['n']
15.0,45.74283554526035,14.894552844497774,14.99207601037552,"tensor([[0.5000]], dtype=torch.float64)",tensor([-255]),['s']
25.0,29.738941884076993,24.48902505597649,24.151965954132987,"tensor([[0.5000]], dtype=torch.float64)",tensor([-255]),['s']
3.0,5.83471143991109,2.8857594042155026,3.216187017203189,"tensor([[0.5000]], dtype=torch.float64)",tensor([-255]),['n']
55.0,55.47158516904215,54.71294881873066,54.89738536955107,"tensor([[0.5000]], dtype=torch.float64)",tensor([-255]),['s']
3.0,5.668405575878854,3.102743948489527,2.9040869974484838,"tensor([[0.5000]], dtype=torch.float64)",tensor([-255]),['s']
34.0,35.93763386036528,34.12626070276683,33.711028842110665,"tensor([[0.5000]], dtype=torch.float64)",tensor([-255]),['n']
15.0,15.00551645557814,14.47507132068905,14.597652015920701,"tensor([[0.5000]], dtype=torch.float64)",tensor([-255]),['n']
27.0,29.738294720507543,26.783277014053727,26.73698668947218,"tensor([[0.5000]], dtype=torch.float64)",tensor([-255]),['s']
45.0,41.88552694662542,46.6805938329379,46.86768868151014,"tensor([[0.5000]], dtype=torch.float64)",tensor([-255]),['s']
12.0,14.285582602854678,12.188940367080479,12.7950299441403,"tensor([[0.5000]], dtype=torch.float64)",tensor([-255]),['n']
7.0,8.641823222565064,7.244100110240825,6.902861422185018,"tensor([[0.5000]], dtype=torch.float64)",tensor([-255]),['s']
53.0,50.878785048262685,53.11637314856008,53.13212979768492,"tensor([[0.5000]], dtype=torch.float64)",tensor([-255]),['s']
20.0,19.31114205935353,19.86175360742992,19.99114405732633,"tensor([[0.5000]], dtype=torch.float64)",tensor([-255]),['s']
54.0,28.4601027406081,54.004320946688495,53.995065704379876,"tensor([[0.5000]], dtype=torch.float64)",tensor([-255]),['n']
51.0,52.87519314774781,51.26257359191029,51.20240078632331,"tensor([[0.5000]], dtype=torch.float64)",tensor([-255]),['n']
43.0,36.51697522917503,43.48340824960021,43.639735213018376,"tensor([[0.5000]], dtype=torch.float64)",tensor([-255]),['n']
15.0,14.948012159022657,15.222281095485554,15.130086216947259,"tensor([[0.5000]], dtype=torch.float64)",tensor([-255]),['s']
46.0,43.813125730021504,46.97452943060114,47.04275344147469,"tensor([[0.5000]], dtype=torch.float64)",tensor([-255]),['s']
68.0,69.57154223579954,68.26488427332659,67.9548143925446,"tensor([[0.5000]], dtype=torch.float64)",tensor([-255]),['s']
42.0,41.888940436151216,42.15110681607136,41.80859582803552,"tensor([[0.5000]], dtype=torch.float64)",tensor([-255]),['n']
8.0,5.850670977192325,8.058365930618631,8.058705380112018,"tensor([[0.5000]], dtype=torch.float64)",tensor([-255]),['s']
33.0,35.02414552939459,32.86815709394866,31.79022753881068,"tensor([[0.5000]], dtype=torch.float64)",tensor([-255]),['s']
71.0,66.02534172221746,70.94756030264645,70.77055212304222,"tensor([[0.5000]], dtype=torch.float64)",tensor([-255]),['n']
43.0,42.272750535698755,43.571866367519036,43.85640530762892,"tensor([[0.5000]], dtype=torch.float64)",tensor([-255]),['s']
46.0,46.88596765798882,46.1442846826406,46.15227381829873,"tensor([[0.5000]], dtype=torch.float64)",tensor([-255]),['n']
27.0,27.17356253049116,26.918852848575497,26.378572084686347,"tensor([[0.5000]], dtype=torch.float64)",tensor([-255]),['n']
27.0,40.768189981966614,24.834830888110666,26.106586870715102,"tensor([[0.5000]], dtype=torch.float64)",tensor([-255]),['s']
60.0,59.66628525016589,59.25179721363848,58.989857514709584,"tensor([[0.5000]], dtype=torch.float64)",tensor([-255]),['n']
51.0,29.146301580017813,51.25200097748444,51.33974371930196,"tensor([[0.5000]], dtype=torch.float64)",tensor([-255]),['n']
47.0,46.05311432119363,47.38948297812032,47.63113221821159,"tensor([[0.5000]], dtype=torch.float64)",tensor([-255]),['n']
3.0,5.854399402858338,2.8703993004862336,3.1647554486580805,"tensor([[0.5000]], dtype=torch.float64)",tensor([-255]),['n']
49.0,46.76657316080225,49.58107601535826,49.889592808916206,"tensor([[0.5000]], dtype=torch.float64)",tensor([-255]),['n']
66.0,1.9646689097423446,65.44516935417602,65.43249802965738,"tensor([[0.5000]], dtype=torch.float64)",tensor([-255]),['n']
71.0,66.43672247584462,70.94308813295386,70.8979203763109,"tensor([[0.5000]], dtype=torch.float64)",tensor([-255]),['n']
56.0,56.952393765887294,55.53703694083012,55.808369215924785,"tensor([[0.5000]], dtype=torch.float64)",tensor([-255]),['n']
6.0,6.866318377746908,5.578219066918715,5.930042145893702,"tensor([[0.5000]], dtype=torch.float64)",tensor([-255]),['n']
14.0,15.04004925009198,13.35288597904585,13.828079944395792,"tensor([[0.5000]], dtype=torch.float64)",tensor([-255]),['s']
51.0,50.66586726551928,51.227944368511785,51.269319737468834,"tensor([[0.5000]], dtype=torch.float64)",tensor([-255]),['n']
17.0,16.524393597402202,17.507315124247047,17.004096655084723,"tensor([[0.5000]], dtype=torch.float64)",tensor([-255]),['s']
18.0,16.0662048613909,18.27605190011646,18.085878790163903,"tensor([[0.5000]], dtype=torch.float64)",tensor([-255]),['s']
15.0,56.040021232144895,15.249664342581083,15.523017211566605,"tensor([[0.5000]], dtype=torch.float64)",tensor([-255]),['n']
59.0,57.31627061793258,58.932033982052864,58.196764360242334,"tensor([[0.5000]], dtype=torch.float64)",tensor([-255]),['s']
28.0,31.190815151611098,28.86674712151545,28.710138308364375,"tensor([[0.5000]], dtype=torch.float64)",tensor([-255]),['s']
70.0,68.76612977096408,69.68705719895401,69.46328798829343,"tensor([[0.5000]], dtype=torch.float64)",tensor([-255]),['s']
51.0,50.28004928080286,51.298164217504194,51.403029453635284,"tensor([[0.5000]], dtype=torch.float64)",tensor([-255]),['n']
54.0,54.06593809667083,54.2192493308479,54.11243720737131,"tensor([[0.5000]], dtype=torch.float64)",tensor([-255]),['n']
21.0,23.82136306063051,20.48732013981943,20.771253392276876,"tensor([[0.5000]], dtype=torch.float64)",tensor([-255]),['s']
3.0,47.940134551643325,2.9384660652683308,2.9201044996986494,"tensor([[0.5000]], dtype=torch.float64)",tensor([-255]),['s']
21.0,20.230999541285044,21.146759919839898,21.07739193601355,"tensor([[0.5000]], dtype=torch.float64)",tensor([-255]),['n']
30.0,31.271889451598213,30.4295304676995,30.235522371289207,"tensor([[0.5000]], dtype=torch.float64)",tensor([-255]),['s']
38.0,37.175191258188754,36.835825841790125,36.05346994443212,"tensor([[0.5000]], dtype=torch.float64)",tensor([-255]),['s']
28.0,26.85312566301139,28.71501683792266,28.174943166327314,"tensor([[0.5000]], dtype=torch.float64)",tensor([-255]),['s']
8.0,8.622221925776177,7.351425374733748,7.504413225587998,"tensor([[0.5000]], dtype=torch.float64)",tensor([-255]),['n']
50.0,46.62130282699165,50.09163180939474,50.281089846923734,"tensor([[0.5000]], dtype=torch.float64)",tensor([-255]),['s']
57.0,55.26824822644048,56.79069593453827,56.91577437345069,"tensor([[0.5000]], dtype=torch.float64)",tensor([-255]),['n']
55.0,6.930992910555485,54.986299426614785,54.99446518326504,"tensor([[0.5000]], dtype=torch.float64)",tensor([-255]),['s']
59.0,59.040003189583956,58.56533944689928,58.20712316910131,"tensor([[0.5000]], dtype=torch.float64)",tensor([-255]),['s']
6.0,6.201495782966196,6.122652803650711,7.218711385433384,"tensor([[0.5000]], dtype=torch.float64)",tensor([-255]),['s']
52.0,28.0844208629634,51.90950330847195,52.00676092482548,"tensor([[0.5000]], dtype=torch.float64)",tensor([-255]),['n']
9.0,7.687683891186468,8.896235304172546,9.011234406800256,"tensor([[0.5000]], dtype=torch.float64)",tensor([-255]),['n']
13.0,66.97772103518093,13.168083539232095,13.762297274939188,"tensor([[0.5000]], dtype=torch.float64)",tensor([-255]),['s']
19.0,19.645658612037256,19.058868085098997,19.013966240134785,"tensor([[0.5000]], dtype=torch.float64)",tensor([-255]),['n']
0.0,3.195560693396051,0.02484951151922871,0.0,"tensor([[0.5000]], dtype=torch.float64)",tensor([-255]),['n']
46.0,46.0864148895643,46.86927473628913,46.90389722897826,"tensor([[0.5000]], dtype=torch.float64)",tensor([-255]),['n']
60.0,58.733874943590834,59.55387888937455,59.11848808273362,"tensor([[0.5000]], dtype=torch.float64)",tensor([-255]),['s']
47.0,44.54128218229201,47.42619882494702,47.5485811472242,"tensor([[0.5000]], dtype=torch.float64)",tensor([-255]),['n']
19.0,19.070893725769757,18.900890210138694,18.91451581590595,"tensor([[0.5000]], dtype=torch.float64)",tensor([-255]),['s']
31.0,32.02163135947103,25.418651259451334,30.151037740118323,"tensor([[0.5000]], dtype=torch.float64)",tensor([-255]),['s']
22.0,20.12665359171465,21.864007726623964,21.556679176548947,"tensor([[0.5000]], dtype=torch.float64)",tensor([-255]),['n']
0.0,70.26144940478122,0.0,0.0,"tensor([[0.5000]], dtype=torch.float64)",tensor([-255]),['n']
8.0,10.237520023978606,8.150905784612217,8.092027048092772,"tensor([[0.5000]], dtype=torch.float64)",tensor([-255]),['n']
49.0,50.344910666970705,48.37637406801776,49.749912901857314,"tensor([[0.5000]], dtype=torch.float64)",tensor([-255]),['s']
29.0,29.295687381783132,27.451659396523933,28.115312457064842,"tensor([[0.5000]], dtype=torch.float64)",tensor([-255]),['s']
56.0,55.05958509824214,55.39518060686012,55.33295845000212,"tensor([[0.5000]], dtype=torch.float64)",tensor([-255]),['n']
6.0,3.5873625320593376,5.470652601321365,6.155043685750477,"tensor([[0.5000]], dtype=torch.float64)",tensor([-255]),['s']
66.0,69.59210024672339,65.63412073301593,66.0316823117025,"tensor([[0.5000]], dtype=torch.float64)",tensor([-255]),['s']
26.0,26.245152718817568,25.914864962698008,24.98749098818601,"tensor([[0.5000]], dtype=torch.float64)",tensor([-255]),['n']
57.0,56.42113976051213,56.54499641885124,56.395935114249234,"tensor([[0.5000]], dtype=torch.float64)",tensor([-255]),['s']
49.0,47.90779409659198,49.153037834123616,49.35372536474007,"tensor([[0.5000]], dtype=torch.float64)",tensor([-255]),['n']
59.0,60.326022401993384,58.40514601214191,58.23332432054424,"tensor([[0.5000]], dtype=torch.float64)",tensor([-255]),['n']
40.0,40.88471515823812,40.1630178011498,40.00454528366399,"tensor([[0.5000]], dtype=torch.float64)",tensor([-255]),['s']
19.0,18.92471690587906,18.886148632754313,18.898982886904683,"tensor([[0.5000]], dtype=torch.float64)",tensor([-255]),['n']
34.0,37.517457135501516,34.11801937268812,33.9862678368788,"tensor([[0.5000]], dtype=torch.float64)",tensor([-255]),['n']
50.0,8.123189868032341,50.084265739179095,50.59959556480558,"tensor([[0.5000]], dtype=torch.float64)",tensor([-255]),['n']
3.0,6.296442238905406,3.286396632017855,2.6919554938655463,"tensor([[0.5000]], dtype=torch.float64)",tensor([-255]),['n']
7.0,10.51424404968379,6.498430054519083,7.032178321607285,"tensor([[0.5000]], dtype=torch.float64)",tensor([-255]),['n']
57.0,59.25351840693204,56.88030779264181,56.89190280126454,"tensor([[0.5000]], dtype=torch.float64)",tensor([-255]),['s']
19.0,18.753541551231166,18.809530184007905,18.931993924078323,"tensor([[0.5000]], dtype=torch.float64)",tensor([-255]),['n']
7.0,8.278253162885468,6.713038356138612,6.832958007180999,"tensor([[0.5000]], dtype=torch.float64)",tensor([-255]),['n']
9.0,6.855832664540786,8.779900527544319,8.809786977338518,"tensor([[0.5000]], dtype=torch.float64)",tensor([-255]),['s']
65.0,64.00196010345363,65.11535963216005,64.58900364412608,"tensor([[0.5000]], dtype=torch.float64)",tensor([-255]),['s']
60.0,58.236827369810676,59.81188592652128,59.48130525764622,"tensor([[0.5000]], dtype=torch.float64)",tensor([-255]),['s']
38.0,32.43869642742664,38.46038449558461,39.05480851614081,"tensor([[0.5000]], dtype=torch.float64)",tensor([-255]),['n']
45.0,46.09586926828811,45.73318568883343,46.22617031633283,"tensor([[0.5000]], dtype=torch.float64)",tensor([-255]),['s']
21.0,23.219723441696964,21.10322776916524,21.005333306758626,"tensor([[0.5000]], dtype=torch.float64)",tensor([-255]),['n']
59.0,59.07503952852439,58.58938138224161,58.545877068976104,"tensor([[0.5000]], dtype=torch.float64)",tensor([-255]),['s']
47.0,46.92000920478057,47.1833931467235,48.048323506576146,"tensor([[0.5000]], dtype=torch.float64)",tensor([-255]),['n']
11.0,5.006658199734529,11.026146580679772,11.029875841276393,"tensor([[0.5000]], dtype=torch.float64)",tensor([-255]),['n']
46.0,46.65922706476095,46.139393558976664,46.57658879591198,"tensor([[0.5000]], dtype=torch.float64)",tensor([-255]),['s']
54.0,57.01456147372073,53.961872299305604,53.96177097685802,"tensor([[0.5000]], dtype=torch.float64)",tensor([-255]),['s']
48.0,49.90587382706355,48.22823495293562,48.758869168911694,"tensor([[0.5000]], dtype=torch.float64)",tensor([-255]),['s']
67.0,65.54647391180771,66.71456121993006,66.5876599602449,"tensor([[0.5000]], dtype=torch.float64)",tensor([-255]),['n']
18.0,18.96039144509118,17.412570387152922,17.855413760446524,"tensor([[0.5000]], dtype=torch.float64)",tensor([-255]),['s']
1.0,1.5677140810807855,1.1860649272974984,1.6965770208494853,"tensor([[0.5000]], dtype=torch.float64)",tensor([-255]),['n']
64.0,62.470987344985595,63.40663367991504,62.771829112374576,"tensor([[0.5000]], dtype=torch.float64)",tensor([-255]),['n']
28.0,27.340958680650495,27.659029436882207,27.786897227496652,"tensor([[0.5000]], dtype=torch.float64)",tensor([-255]),['s']
33.0,29.23438364570738,32.90690796817904,32.791786412960214,"tensor([[0.5000]], dtype=torch.float64)",tensor([-255]),['s']
38.0,39.729784683507965,37.88594103512727,38.16189748412441,"tensor([[0.5000]], dtype=torch.float64)",tensor([-255]),['s']
25.0,24.774370070643798,25.228195452459257,24.98182973286874,"tensor([[0.5000]], dtype=torch.float64)",tensor([-255]),['s']
26.0,25.112619197606005,26.186751447090057,26.367177709455035,"tensor([[0.5000]], dtype=torch.float64)",tensor([-255]),['s']
62.0,1.8009471012132359,61.018618748651335,60.9698093127184,"tensor([[0.5000]], dtype=torch.float64)",tensor([-255]),['n']
7.0,56.998269832466804,6.8498436419179605,7.241251545256593,"tensor([[0.5000]], dtype=torch.float64)",tensor([-255]),['n']
50.0,50.1531653502969,50.12902784717345,50.754237437262084,"tensor([[0.5000]], dtype=torch.float64)",tensor([-255]),['n']
63.0,61.191490531549114,61.96213965375589,62.05482903463417,"tensor([[0.5000]], dtype=torch.float64)",tensor([-255]),['s']
32.0,30.156126734663623,32.48437232395897,30.232546961442395,"tensor([[0.5000]], dtype=torch.float64)",tensor([-255]),['n']
4.0,59.93317198734274,3.8769085881235816,3.691446383767839,"tensor([[0.5000]], dtype=torch.float64)",tensor([-255]),['n']
12.0,10.761970585548195,11.93940998237585,11.81807004093642,"tensor([[0.5000]], dtype=torch.float64)",tensor([-255]),['n']
70.0,68.19644899450068,70.02219932828493,69.44497403148982,"tensor([[0.5000]], dtype=torch.float64)",tensor([-255]),['s']
37.0,37.367000408263834,36.59873370076821,36.99299019045101,"tensor([[0.5000]], dtype=torch.float64)",tensor([-255]),['s']
13.0,9.93909786159338,13.103507002933194,13.1523555421343,"tensor([[0.5000]], dtype=torch.float64)",tensor([-255]),['s']
32.0,31.012914131095766,32.141918249456495,31.401719215122025,"tensor([[0.5000]], dtype=torch.float64)",tensor([-255]),['s']
32.0,30.035155049079492,32.0445495812647,32.062600069195454,"tensor([[0.5000]], dtype=torch.float64)",tensor([-255]),['s']
3.0,2.1187515042925433,2.8168569638956567,3.5534394016891744,"tensor([[0.5000]], dtype=torch.float64)",tensor([-255]),['s']
61.0,59.90324961802209,60.34384111897221,59.70359072958874,"tensor([[0.5000]], dtype=torch.float64)",tensor([-255]),['s']
56.0,56.105744881603435,55.198455743320714,55.94629141827267,"tensor([[0.5000]], dtype=torch.float64)",tensor([-255]),['s']
57.0,57.110036014538856,56.54193598430847,56.23739609546717,"tensor([[0.5000]], dtype=torch.float64)",tensor([-255]),['n']
31.0,30.1638398746771,31.03818363886795,30.908419930896965,"tensor([[0.5000]], dtype=torch.float64)",tensor([-255]),['s']
30.0,32.611852579925085,30.10793694208019,29.96056664773792,"tensor([[0.5000]], dtype=torch.float64)",tensor([-255]),['s']
61.0,59.99638865422177,60.77531103691652,60.75488717781661,"tensor([[0.5000]], dtype=torch.float64)",tensor([-255]),['n']
52.0,56.56385301552586,52.199582988232635,52.20020404360015,"tensor([[0.5000]], dtype=torch.float64)",tensor([-255]),['s']
0.0,0.24629378302694543,0.20667905867494765,0.0,"tensor([[0.5000]], dtype=torch.float64)",tensor([-255]),['n']
44.0,40.815248716574246,44.198279890466615,44.24376841479625,"tensor([[0.5000]], dtype=torch.float64)",tensor([-255]),['n']
20.0,20.554847045547938,20.027847703693798,19.97413931020702,"tensor([[0.5000]], dtype=torch.float64)",tensor([-255]),['n']
36.0,41.81904305337594,36.20111187797261,35.81464834733151,"tensor([[0.5000]], dtype=torch.float64)",tensor([-255]),['s']
24.0,23.73214273281221,23.633554528168876,23.30404663092908,"tensor([[0.5000]], dtype=torch.float64)",tensor([-255]),['s']
42.0,39.10924151673608,42.48730867433531,45.73219255108537,"tensor([[0.5000]], dtype=torch.float64)",tensor([-255]),['n']
16.0,19.546658791031206,16.01550726695217,16.00339584988536,"tensor([[0.5000]], dtype=torch.float64)",tensor([-255]),['n']
19.0,16.006394372741806,18.958989909796763,18.992808969719942,"tensor([[0.5000]], dtype=torch.float64)",tensor([-255]),['n']
54.0,54.71321023919057,53.75120321420436,53.933850877197294,"tensor([[0.5000]], dtype=torch.float64)",tensor([-255]),['s']
36.0,40.395313900867265,35.8327139906436,35.832288876705746,"tensor([[0.5000]], dtype=torch.float64)",tensor([-255]),['n']
46.0,47.13985950997642,46.79677849321257,46.81314140128949,"tensor([[0.5000]], dtype=torch.float64)",tensor([-255]),['s']
31.0,58.95493957352507,31.413217186727557,31.380486315722823,"tensor([[0.5000]], dtype=torch.float64)",tensor([-255]),['n']
6.0,5.862417684424784,5.981895148790049,6.680978824313492,"tensor([[0.5000]], dtype=torch.float64)",tensor([-255]),['s']
66.0,64.04081525616044,65.60546755154218,64.02005342825616,"tensor([[0.5000]], dtype=torch.float64)",tensor([-255]),['s']
3.0,5.826802041589773,2.738095693071145,4.007644602295091,"tensor([[0.5000]], dtype=torch.float64)",tensor([-255]),['n']
33.0,33.96877898639476,33.098347791172124,32.99825005858161,"tensor([[0.5000]], dtype=torch.float64)",tensor([-255]),['s']
20.0,21.247006032264274,20.0767982647713,19.944907203283336,"tensor([[0.5000]], dtype=torch.float64)",tensor([-255]),['s']
71.0,4.8559368988454965,58.80967008404751,0.0,"tensor([[0.5000]], dtype=torch.float64)",tensor([-255]),['s']
56.0,57.49798285862281,55.85181628527186,55.905694284711416,"tensor([[0.5000]], dtype=torch.float64)",tensor([-255]),['s']
23.0,40.368702377596975,22.75962639746152,22.863260922255012,"tensor([[0.5000]], dtype=torch.float64)",tensor([-255]),['n']
44.0,44.495230114919366,44.27900380870533,44.236180554018475,"tensor([[0.5000]], dtype=torch.float64)",tensor([-255]),['n']
39.0,38.048151243442454,39.205368619890976,39.29190084031923,"tensor([[0.5000]], dtype=torch.float64)",tensor([-255]),['s']
33.0,32.118640661492805,32.921106666312205,33.08947977353994,"tensor([[0.5000]], dtype=torch.float64)",tensor([-255]),['s']
19.0,36.97913450905254,18.915304109582543,19.023250834509643,"tensor([[0.5000]], dtype=torch.float64)",tensor([-255]),['s']
60.0,35.23243873753307,59.69271671698637,59.120097268351195,"tensor([[0.5000]], dtype=torch.float64)",tensor([-255]),['n']
31.0,28.14959397653434,30.776231876350224,30.777882872311935,"tensor([[0.5000]], dtype=torch.float64)",tensor([-255]),['n']
64.0,2.1811502320800007,63.6234570696294,63.55360914222002,"tensor([[0.5000]], dtype=torch.float64)",tensor([-255]),['s']
47.0,41.84373285664725,47.59414434305243,47.88266658987449,"tensor([[0.5000]], dtype=torch.float64)",tensor([-255]),['n']
45.0,46.08087971556844,45.85275119990251,45.9626271786714,"tensor([[0.5000]], dtype=torch.float64)",tensor([-255]),['s']
45.0,45.988148540146604,46.77248569173927,17.957029524424605,"tensor([[0.5000]], dtype=torch.float64)",tensor([-255]),['s']
22.0,41.50398363866033,21.537386539739888,21.120445690711428,"tensor([[0.5000]], dtype=torch.float64)",tensor([-255]),['n']
5.0,4.075334356479892,5.111801831820759,5.362451052406341,"tensor([[0.5000]], dtype=torch.float64)",tensor([-255]),['s']
53.0,52.07243747903206,53.173008662945634,53.12971951254178,"tensor([[0.5000]], dtype=torch.float64)",tensor([-255]),['n']
34.0,31.45352998274231,33.17443456360877,32.86558265023229,"tensor([[0.5000]], dtype=torch.float64)",tensor([-255]),['s']
33.0,34.74688353193084,32.77394576362408,33.08734947989061,"tensor([[0.5000]], dtype=torch.float64)",tensor([-255]),['s']
68.0,68.64035730395418,67.35164768204736,67.75070568715714,"tensor([[0.5000]], dtype=torch.float64)",tensor([-255]),['s']
1.0,70.84607369516823,0.8057329069431746,0.681685572446326,"tensor([[0.5000]], dtype=torch.float64)",tensor([-255]),['s']
23.0,37.11971238967669,23.106067858679427,23.026105823998368,"tensor([[0.5000]], dtype=torch.float64)",tensor([-255]),['n']
57.0,58.02803714283367,56.466915886603054,56.3564997851822,"tensor([[0.5000]], dtype=torch.float64)",tensor([-255]),['n']
18.0,17.946399745032082,18.01694016810727,17.98666036915202,"tensor([[0.5000]], dtype=torch.float64)",tensor([-255]),['n']
6.0,4.894764281631378,5.567325090784342,5.586578424269757,"tensor([[0.5000]], dtype=torch.float64)",tensor([-255]),['s']
1.0,0.07705796571729695,0.8741572031717941,1.1208896238364412,"tensor([[0.5000]], dtype=torch.float64)",tensor([-255]),['n']
22.0,63.0761894412793,22.299292639859235,22.157764820964974,"tensor([[0.5000]], dtype=torch.float64)",tensor([-255]),['n']
12.0,10.896557716200103,12.165642178007776,12.147120239175146,"tensor([[0.5000]], dtype=torch.float64)",tensor([-255]),['s']
43.0,42.28406179642555,44.23965417168593,44.39142161082914,"tensor([[0.5000]], dtype=torch.float64)",tensor([-255]),['s']
63.0,62.01573509875672,62.05890038387826,62.11156072463249,"tensor([[0.5000]], dtype=torch.float64)",tensor([-255]),['s']
58.0,60.71675847247732,58.2643073412687,57.30144446662753,"tensor([[0.5000]], dtype=torch.float64)",tensor([-255]),['s']
48.0,44.12544608350659,49.1957906841672,48.948149594816066,"tensor([[0.5000]], dtype=torch.float64)",tensor([-255]),['s']
36.0,38.9187911981074,36.18374847978233,35.9410604002593,"tensor([[0.5000]], dtype=torch.float64)",tensor([-255]),['n']
24.0,27.872278544304265,24.25819628944173,23.938445036487376,"tensor([[0.5000]], dtype=torch.float64)",tensor([-255]),['n']
38.0,45.37265861942539,38.373414396107734,38.0685436920574,"tensor([[0.5000]], dtype=torch.float64)",tensor([-255]),['s']
60.0,58.090882934864226,59.450454383949335,59.21680716282873,"tensor([[0.5000]], dtype=torch.float64)",tensor([-255]),['n']
33.0,29.229329185703612,33.1896208735683,33.03477307482221,"tensor([[0.5000]], dtype=torch.float64)",tensor([-255]),['n']
33.0,37.41085825087175,33.206783495704784,33.14005378909008,"tensor([[0.5000]], dtype=torch.float64)",tensor([-255]),['s']
23.0,58.889100755672345,23.30664207982063,23.19030555678052,"tensor([[0.5000]], dtype=torch.float64)",tensor([-255]),['n']
60.0,60.166077841137735,59.32024115544461,59.13820936189974,"tensor([[0.5000]], dtype=torch.float64)",tensor([-255]),['n']
40.0,43.11575964233066,40.140786712541164,40.13267609632751,"tensor([[0.5000]], dtype=torch.float64)",tensor([-255]),['s']
40.0,38.729441054402656,40.33779905989388,40.381553927983724,"tensor([[0.5000]], dtype=torch.float64)",tensor([-255]),['n']
23.0,29.16681133218801,22.286153235572304,22.05335246999002,"tensor([[0.5000]], dtype=torch.float64)",tensor([-255]),['s']
43.0,33.087899929348154,43.67091791810689,43.569489084227115,"tensor([[0.5000]], dtype=torch.float64)",tensor([-255]),['n']
24.0,27.974206802993645,23.20123746086238,23.624449596950562,"tensor([[0.5000]], dtype=torch.float64)",tensor([-255]),['s']
24.0,24.942819171194873,24.072352895973964,23.479048247719874,"tensor([[0.5000]], dtype=torch.float64)",tensor([-255]),['s']
14.0,13.406591180262769,13.881829061463694,14.045912965275903,"tensor([[0.5000]], dtype=torch.float64)",tensor([-255]),['n']
13.0,11.072375883555548,12.897303363514181,13.114841991229412,"tensor([[0.5000]], dtype=torch.float64)",tensor([-255]),['n']
55.0,53.9599502040905,54.86280685864061,54.87684285559981,"tensor([[0.5000]], dtype=torch.float64)",tensor([-255]),['s']
24.0,22.81599587694603,24.045524086490754,23.992089283270897,"tensor([[0.5000]], dtype=torch.float64)",tensor([-255]),['s']
4.0,7.1320979320191205,3.6172221957559976,3.8092623420695544,"tensor([[0.5000]], dtype=torch.float64)",tensor([-255]),['s']
16.0,11.851942061060951,16.159803571528847,16.29854212513469,"tensor([[0.5000]], dtype=torch.float64)",tensor([-255]),['s']
21.0,63.195574988793815,20.642679165767042,20.677880323708443,"tensor([[0.5000]], dtype=torch.float64)",tensor([-255]),['n']
41.0,38.82692792794137,41.12136608992989,41.028510815657285,"tensor([[0.5000]], dtype=torch.float64)",tensor([-255]),['n']
32.0,28.45308031018518,32.04616293274223,32.115929278165176,"tensor([[0.5000]], dtype=torch.float64)",tensor([-255]),['n']
41.0,39.26117643259361,41.2767686362918,41.32622493466725,"tensor([[0.5000]], dtype=torch.float64)",tensor([-255]),['s']
27.0,26.985655505373657,27.126250128353085,26.945038938826404,"tensor([[0.5000]], dtype=torch.float64)",tensor([-255]),['n']
27.0,26.91223564970082,26.950833997761922,26.82181783834404,"tensor([[0.5000]], dtype=torch.float64)",tensor([-255]),['s']
46.0,44.92767015257013,46.30862499810667,46.844526106439396,"tensor([[0.5000]], dtype=torch.float64)",tensor([-255]),['n']
14.0,69.55498735721473,14.30562057257994,14.276540737840374,"tensor([[0.5000]], dtype=torch.float64)",tensor([-255]),['s']
1.0,6.237813093834356,1.1432843508652146,1.0242130717845574,"tensor([[0.5000]], dtype=torch.float64)",tensor([-255]),['s']
62.0,62.07613555226659,61.32681948900579,61.08793879075972,"tensor([[0.5000]], dtype=torch.float64)",tensor([-255]),['s']
27.0,27.960813249763824,27.41987440674007,27.3301563529882,"tensor([[0.5000]], dtype=torch.float64)",tensor([-255]),['s']
50.0,51.494704570976204,50.341435485143606,50.70278327951305,"tensor([[0.5000]], dtype=torch.float64)",tensor([-255]),['n']
24.0,48.297849228352064,23.55885371098929,23.838737865671785,"tensor([[0.5000]], dtype=torch.float64)",tensor([-255]),['n']
44.0,43.79239270491102,45.04192532281109,44.95314843074713,"tensor([[0.5000]], dtype=torch.float64)",tensor([-255]),['s']
36.0,34.89500927679174,36.26099186946235,36.10387815661085,"tensor([[0.5000]], dtype=torch.float64)",tensor([-255]),['s']
57.0,57.589842346296265,57.51274122369008,56.88848987935468,"tensor([[0.5000]], dtype=torch.float64)",tensor([-255]),['s']
1.0,4.518649120585434,1.0098375471477403,1.3695608304916118,"tensor([[0.5000]], dtype=torch.float64)",tensor([-255]),['n']
8.0,7.395627224557667,7.776357082919429,7.737925787671459,"tensor([[0.5000]], dtype=torch.float64)",tensor([-255]),['s']
69.0,68.97130831398007,65.53910136402764,70.7398371557174,"tensor([[0.5000]], dtype=torch.float64)",tensor([-255]),['s']
27.0,27.65365171255064,26.114832312122815,24.4346491434085,"tensor([[0.5000]], dtype=torch.float64)",tensor([-255]),['s']
2.0,1.186920454065027,2.179280191375012,1.8182253591798148,"tensor([[0.5000]], dtype=torch.float64)",tensor([-255]),['s']
24.0,24.63556403877481,24.315401528236123,24.02404190484274,"tensor([[0.5000]], dtype=torch.float64)",tensor([-255]),['n']
46.0,31.14324008028702,46.68465001015155,46.7072093650134,"tensor([[0.5000]], dtype=torch.float64)",tensor([-255]),['s']
51.0,51.86773652925761,51.17687907607315,51.19428569475339,"tensor([[0.5000]], dtype=torch.float64)",tensor([-255]),['s']
60.0,61.90852510437901,59.32098423934786,59.068008632536895,"tensor([[0.5000]], dtype=torch.float64)",tensor([-255]),['s']
8.0,8.772757573312935,7.75213233650065,7.995434842196533,"tensor([[0.5000]], dtype=torch.float64)",tensor([-255]),['s']
31.0,30.76058065233069,31.483705090584287,29.93904408366907,"tensor([[0.5000]], dtype=torch.float64)",tensor([-255]),['s']
21.0,23.192600638169246,21.03025008650011,20.964295721178534,"tensor([[0.5000]], dtype=torch.float64)",tensor([-255]),['n']
12.0,69.21973495940523,12.123711508257793,12.331678930514423,"tensor([[0.5000]], dtype=torch.float64)",tensor([-255]),['n']
65.0,65.85549238107319,64.40234984303393,64.4401294589153,"tensor([[0.5000]], dtype=torch.float64)",tensor([-255]),['n']
39.0,45.95183731379098,39.69691103425351,40.00354908315354,"tensor([[0.5000]], dtype=torch.float64)",tensor([-255]),['s']
11.0,52.29231332621852,11.482375321903048,11.100659233956508,"tensor([[0.5000]], dtype=torch.float64)",tensor([-255]),['s']
17.0,16.998655118296302,17.243404498988657,17.0623482956277,"tensor([[0.5000]], dtype=torch.float64)",tensor([-255]),['s']
25.0,22.50433434648217,25.155058189225358,24.4136473693543,"tensor([[0.5000]], dtype=torch.float64)",tensor([-255]),['s']
7.0,6.853116201497949,6.881630042325011,6.505461111418892,"tensor([[0.5000]], dtype=torch.float64)",tensor([-255]),['s']
61.0,61.30839100687213,60.39169783590874,60.2584818044142,"tensor([[0.5000]], dtype=torch.float64)",tensor([-255]),['s']
31.0,29.75408554145056,30.880277874316373,30.93679101235815,"tensor([[0.5000]], dtype=torch.float64)",tensor([-255]),['s']
20.0,19.798535964171453,20.121945009870387,20.08689467543702,"tensor([[0.5000]], dtype=torch.float64)",tensor([-255]),['n']
28.0,26.892290841006815,28.47812336190215,27.999066617262468,"tensor([[0.5000]], dtype=torch.float64)",tensor([-255]),['n']
43.0,45.57577242109533,44.194760266066844,44.40466423518803,"tensor([[0.5000]], dtype=torch.float64)",tensor([-255]),['s']
6.0,3.492017057189626,6.114571423582785,6.112786822365253,"tensor([[0.5000]], dtype=torch.float64)",tensor([-255]),['n']
58.0,57.065014198597076,57.854376952887755,57.86270480306812,"tensor([[0.5000]], dtype=torch.float64)",tensor([-255]),['n']
1.0,0.9060422525134633,1.010425052902963,2.9172181279518163,"tensor([[0.5000]], dtype=torch.float64)",tensor([-255]),['s']
41.0,38.656950004567946,41.65282690810732,41.37095527534021,"tensor([[0.5000]], dtype=torch.float64)",tensor([-255]),['s']
66.0,1.98753709073759,65.18124526762269,64.24395211581667,"tensor([[0.5000]], dtype=torch.float64)",tensor([-255]),['s']
55.0,28.50567982061607,54.978081048883375,54.936685308719404,"tensor([[0.5000]], dtype=torch.float64)",tensor([-255]),['s']
41.0,34.384080769739214,20.754004588115517,45.242524999677194,"tensor([[0.5000]], dtype=torch.float64)",tensor([-255]),['s']
44.0,31.37754803388721,44.955861046232805,45.06935286446607,"tensor([[0.5000]], dtype=torch.float64)",tensor([-255]),['n']
35.0,31.468851708758475,35.34736029825114,35.24556176704968,"tensor([[0.5000]], dtype=torch.float64)",tensor([-255]),['n']
48.0,48.20423529327692,48.68518120008825,48.834618269972076,"tensor([[0.5000]], dtype=torch.float64)",tensor([-255]),['n']
28.0,29.08652847859266,27.462890701495276,26.998415212210286,"tensor([[0.5000]], dtype=torch.float64)",tensor([-255]),['s']
49.0,45.80818493165684,49.60557326418563,49.94153443337795,"tensor([[0.5000]], dtype=torch.float64)",tensor([-255]),['s']
37.0,36.649347498621424,37.31843023346037,37.135396451397526,"tensor([[0.5000]], dtype=torch.float64)",tensor([-255]),['s']
15.0,13.807811551635925,15.29267294810584,15.403381236426643,"tensor([[0.5000]], dtype=torch.float64)",tensor([-255]),['s']
46.0,46.66979435089955,46.16496269148495,46.54650666827792,"tensor([[0.5000]], dtype=torch.float64)",tensor([-255]),['s']
67.0,60.615559973276895,67.04810299454725,66.32365625147347,"tensor([[0.5000]], dtype=torch.float64)",tensor([-255]),['n']
42.0,34.31553204108308,46.987215073143425,45.393458806856934,"tensor([[0.5000]], dtype=torch.float64)",tensor([-255]),['s']
22.0,22.040028129287087,21.720547413728113,21.86784600846573,"tensor([[0.5000]], dtype=torch.float64)",tensor([-255]),['n']
53.0,47.721777361579626,51.61515516484683,52.882015559150375,"tensor([[0.5000]], dtype=torch.float64)",tensor([-255]),['s']
15.0,25.10890886473434,14.854837045289248,14.917519975400939,"tensor([[0.5000]], dtype=torch.float64)",tensor([-255]),['s']
8.0,10.728392005324167,7.996982568174297,9.092661523596425,"tensor([[0.5000]], dtype=torch.float64)",tensor([-255]),['n']
49.0,47.74620931310611,49.863517401527716,49.954288350973115,"tensor([[0.5000]], dtype=torch.float64)",tensor([-255]),['s']
36.0,33.607586647960396,35.92002818644595,42.08144991367729,"tensor([[0.5000]], dtype=torch.float64)",tensor([-255]),['s']
14.0,24.652914663892844,14.059532557754762,14.094618708992448,"tensor([[0.5000]], dtype=torch.float64)",tensor([-255]),['s']
50.0,49.93995136180757,50.068431352015,50.75231873465,"tensor([[0.5000]], dtype=torch.float64)",tensor([-255]),['n']
70.0,66.17411310784244,70.0236427930355,69.75579469859979,"tensor([[0.5000]], dtype=torch.float64)",tensor([-255]),['n']
52.0,51.06962460891735,52.181240759973264,52.27663543502743,"tensor([[0.5000]], dtype=torch.float64)",tensor([-255]),['n']
18.0,17.03108858776441,18.056327777841002,18.005470285280424,"tensor([[0.5000]], dtype=torch.float64)",tensor([-255]),['s']
30.0,30.082856294076315,30.34172271493519,30.18839110385115,"tensor([[0.5000]], dtype=torch.float64)",tensor([-255]),['n']
54.0,19.497399997413194,54.25723230756689,54.34024057975652,"tensor([[0.5000]], dtype=torch.float64)",tensor([-255]),['s']
32.0,29.158158641840714,32.20016903183286,32.09322973298376,"tensor([[0.5000]], dtype=torch.float64)",tensor([-255]),['n']
62.0,62.3098995123665,61.06023189562893,61.02324250298002,"tensor([[0.5000]], dtype=torch.float64)",tensor([-255]),['n']
41.0,42.409259605571904,41.14966829664347,41.214005243925115,"tensor([[0.5000]], dtype=torch.float64)",tensor([-255]),['s']
8.0,6.217649774134515,12.552927275091307,8.76729671796489,"tensor([[0.5000]], dtype=torch.float64)",tensor([-255]),['s']
42.0,32.51178324828977,42.239863995531024,41.37457132474036,"tensor([[0.5000]], dtype=torch.float64)",tensor([-255]),['s']
2.0,2.1646196580561954,1.755713723682394,2.601772445727447,"tensor([[0.5000]], dtype=torch.float64)",tensor([-255]),['n']
61.0,61.19476841430243,60.22206322104336,60.09272301322216,"tensor([[0.5000]], dtype=torch.float64)",tensor([-255]),['n']
60.0,60.58690648556452,59.81131041197667,59.17258001023617,"tensor([[0.5000]], dtype=torch.float64)",tensor([-255]),['s']
52.0,53.86540414610175,52.140945827911914,52.16333165569431,"tensor([[0.5000]], dtype=torch.float64)",tensor([-255]),['s']
68.0,62.94782207050931,67.7010963042571,67.82389087329214,"tensor([[0.5000]], dtype=torch.float64)",tensor([-255]),['n']
57.0,56.554230102982174,56.6660094457409,56.741510859392584,"tensor([[0.5000]], dtype=torch.float64)",tensor([-255]),['n']
55.0,56.082569767909526,54.9004553243727,54.802710124355414,"tensor([[0.5000]], dtype=torch.float64)",tensor([-255]),['s']
5.0,5.998407645243124,4.771995122413978,5.08315643667207,"tensor([[0.5000]], dtype=torch.float64)",tensor([-255]),['s']
51.0,52.21510535139532,51.75372893500064,51.39808528549947,"tensor([[0.5000]], dtype=torch.float64)",tensor([-255]),['s']
3.0,5.434193620298812,2.9646115512527724,2.8137273935263214,"tensor([[0.5000]], dtype=torch.float64)",tensor([-255]),['s']
43.0,45.086291124712915,43.9973550310041,44.0596840096265,"tensor([[0.5000]], dtype=torch.float64)",tensor([-255]),['n']
28.0,36.96052354956237,27.678978359036332,27.214601875305835,"tensor([[0.5000]], dtype=torch.float64)",tensor([-255]),['n']
50.0,51.17850500683656,50.02054244558041,50.033656062424576,"tensor([[0.5000]], dtype=torch.float64)",tensor([-255]),['s']
28.0,25.390428205369503,27.955865370684705,27.893428421605666,"tensor([[0.5000]], dtype=torch.float64)",tensor([-255]),['n']
12.0,9.792974723933334,12.34634965944597,13.508736678864418,"tensor([[0.5000]], dtype=torch.float64)",tensor([-255]),['s']
21.0,64.359152921367,21.435100619977803,21.182520734557592,"tensor([[0.5000]], dtype=torch.float64)",tensor([-255]),['s']
45.0,45.55814769119249,45.59011460869003,45.38738758656552,"tensor([[0.5000]], dtype=torch.float64)",tensor([-255]),['s']
21.0,21.283872748810808,21.049261278357662,21.00790704392558,"tensor([[0.5000]], dtype=torch.float64)",tensor([-255]),['n']
26.0,24.995464667040036,24.135827358624905,24.959251341038573,"tensor([[0.5000]], dtype=torch.float64)",tensor([-255]),['s']
15.0,19.991829002604824,14.93278762189176,15.236071356711372,"tensor([[0.5000]], dtype=torch.float64)",tensor([-255]),['s']
56.0,56.28186402568336,55.5279911130644,55.231072166693814,"tensor([[0.5000]], dtype=torch.float64)",tensor([-255]),['n']
36.0,39.65198300385687,35.865377032659325,35.552428923429304,"tensor([[0.5000]], dtype=torch.float64)",tensor([-255]),['n']
24.0,59.71978884005325,23.960410227229502,23.972800040985117,"tensor([[0.5000]], dtype=torch.float64)",tensor([-255]),['s']
55.0,29.97436599014567,54.92439827641537,54.98726652785949,"tensor([[0.5000]], dtype=torch.float64)",tensor([-255]),['n']
16.0,45.513981393195934,15.965493625554263,16.14365959446408,"tensor([[0.5000]], dtype=torch.float64)",tensor([-255]),['n']
59.0,61.08836820550424,58.55456145774544,58.33862146581124,"tensor([[0.5000]], dtype=torch.float64)",tensor([-255]),['s']
55.0,56.027236904500725,54.71392175814707,54.71707616831699,"tensor([[0.5000]], dtype=torch.float64)",tensor([-255]),['s']
49.0,50.315626827525165,49.607042872052595,49.83507400738282,"tensor([[0.5000]], dtype=torch.float64)",tensor([-255]),['n']
58.0,59.00174986763797,57.80630013944682,57.42863187430095,"tensor([[0.5000]], dtype=torch.float64)",tensor([-255]),['n']
5.0,5.891171356053851,4.893187294662809,5.2607785198157115,"tensor([[0.5000]], dtype=torch.float64)",tensor([-255]),['n']
65.0,67.19542772153417,64.40323187440451,64.36323161548233,"tensor([[0.5000]], dtype=torch.float64)",tensor([-255]),['n']
56.0,5.839902537665489,55.74361194044052,55.902954166012655,"tensor([[0.5000]], dtype=torch.float64)",tensor([-255]),['n']
4.0,2.1999982406660274,4.074523093588049,4.483252027910945,"tensor([[0.5000]], dtype=torch.float64)",tensor([-255]),['s']
24.0,62.256121259945786,24.087259573291337,24.137063095365793,"tensor([[0.5000]], dtype=torch.float64)",tensor([-255]),['n']
0.0,68.15499949959428,0.0,0.0,"tensor([[0.5000]], dtype=torch.float64)",tensor([-255]),['s']
45.0,44.0349113311952,46.35105943225473,46.284992165222555,"tensor([[0.5000]], dtype=torch.float64)",tensor([-255]),['s']
6.0,7.642924691567892,5.698789688895763,6.20491238984479,"tensor([[0.5000]], dtype=torch.float64)",tensor([-255]),['n']
0.0,1.457299746782883,0.004825853429051929,0.0,"tensor([[0.5000]], dtype=torch.float64)",tensor([-255]),['n']
16.0,16.484700953378635,15.927617939831904,15.985655816295925,"tensor([[0.5000]], dtype=torch.float64)",tensor([-255]),['n']
47.0,46.50299885751369,47.82272551043785,47.77724108086373,"tensor([[0.5000]], dtype=torch.float64)",tensor([-255]),['s']
53.0,7.460202475051116,53.15308862392703,53.06442424319287,"tensor([[0.5000]], dtype=torch.float64)",tensor([-255]),['n']
5.0,5.658164984639693,5.0395992388343505,4.963116491371404,"tensor([[0.5000]], dtype=torch.float64)",tensor([-255]),['s']
29.0,29.943633285007653,29.748404598320207,29.58846198153798,"tensor([[0.5000]], dtype=torch.float64)",tensor([-255]),['n']
53.0,6.9526632076764185,53.06823370245812,53.03245820459515,"tensor([[0.5000]], dtype=torch.float64)",tensor([-255]),['n']
41.0,36.20043275895805,41.08705334812162,43.75943665473146,"tensor([[0.5000]], dtype=torch.float64)",tensor([-255]),['n']
4.0,70.98546743841526,3.969177486471523,4.810032091954903,"tensor([[0.5000]], dtype=torch.float64)",tensor([-255]),['n']
40.0,32.59763654433418,40.22449748579834,40.293421407209664,"tensor([[0.5000]], dtype=torch.float64)",tensor([-255]),['s']
22.0,23.032599096686646,22.018554839072003,21.734941205287786,"tensor([[0.5000]], dtype=torch.float64)",tensor([-255]),['n']
3.0,70.12841875341452,2.7753032337592614,2.7992961208625053,"tensor([[0.5000]], dtype=torch.float64)",tensor([-255]),['s']
5.0,7.898069509804846,8.999580188264279,8.508940902166584,"tensor([[0.5000]], dtype=torch.float64)",tensor([-255]),['s']
16.0,15.102594609154842,15.340020603783774,15.850087987527855,"tensor([[0.5000]], dtype=torch.float64)",tensor([-255]),['s']
60.0,61.832397567968385,59.56691899821339,59.81353433007847,"tensor([[0.5000]], dtype=torch.float64)",tensor([-255]),['s']
1.0,3.9813047894900713,1.2441109649698434,1.41275579237591,"tensor([[0.5000]], dtype=torch.float64)",tensor([-255]),['s']
14.0,61.60214170975526,13.082002286038197,14.108972984742717,"tensor([[0.5000]], dtype=torch.float64)",tensor([-255]),['s']
63.0,24.324623460803075,62.30936616862442,61.943177675681554,"tensor([[0.5000]], dtype=torch.float64)",tensor([-255]),['s']
17.0,16.699561768766994,16.9755102106269,16.965868168662656,"tensor([[0.5000]], dtype=torch.float64)",tensor([-255]),['n']
31.0,27.936914953780768,31.183290026804254,31.1654085044405,"tensor([[0.5000]], dtype=torch.float64)",tensor([-255]),['n']
66.0,1.8733932859412008,65.78066925374742,65.60118771696996,"tensor([[0.5000]], dtype=torch.float64)",tensor([-255]),['n']
16.0,15.253762053192457,16.19924736949926,16.321244799129186,"tensor([[0.5000]], dtype=torch.float64)",tensor([-255]),['n']
2.0,4.714551204386541,1.8877954723481607,1.977824393067037,"tensor([[0.5000]], dtype=torch.float64)",tensor([-255]),['n']
69.0,65.84157054319397,68.99023134337568,68.95004241387888,"tensor([[0.5000]], dtype=torch.float64)",tensor([-255]),['n']
31.0,31.26663379829634,31.24306180108934,30.72948222557287,"tensor([[0.5000]], dtype=torch.float64)",tensor([-255]),['n']
27.0,29.20084370614024,26.70060776571347,26.810439061572893,"tensor([[0.5000]], dtype=torch.float64)",tensor([-255]),['s']
16.0,14.1117032052824,16.2038888210429,16.11014167280573,"tensor([[0.5000]], dtype=torch.float64)",tensor([-255]),['s']
11.0,13.44657986056656,10.470559744505298,10.789743051411374,"tensor([[0.5000]], dtype=torch.float64)",tensor([-255]),['s']
38.0,32.5863992325102,37.683627304972,40.42948722984476,"tensor([[0.5000]], dtype=torch.float64)",tensor([-255]),['n']
35.0,26.871084753745976,34.52610151694867,34.680865028795616,"tensor([[0.5000]], dtype=torch.float64)",tensor([-255]),['n']
7.0,7.8466538841902285,6.48145537041822,6.412558051231867,"tensor([[0.5000]], dtype=torch.float64)",tensor([-255]),['n']
23.0,23.756129381228497,23.291367843004053,23.07548021276553,"tensor([[0.5000]], dtype=torch.float64)",tensor([-255]),['s']
3.0,2.4848362074846464,3.0650101642258227,4.253262908269352,"tensor([[0.5000]], dtype=torch.float64)",tensor([-255]),['n']
40.0,39.87423396750789,40.52655009637242,40.49891110683349,"tensor([[0.5000]], dtype=torch.float64)",tensor([-255]),['n']
32.0,30.235189396014995,31.685874241064106,31.650826930243035,"tensor([[0.5000]], dtype=torch.float64)",tensor([-255]),['s']
8.0,9.06571431442342,7.874034496632265,7.882802017135011,"tensor([[0.5000]], dtype=torch.float64)",tensor([-255]),['s']
61.0,59.709932156947445,60.57298490556857,60.56815343582122,"tensor([[0.5000]], dtype=torch.float64)",tensor([-255]),['n']
38.0,32.7149692744273,37.808972705132774,37.97964784896189,"tensor([[0.5000]], dtype=torch.float64)",tensor([-255]),['s']
25.0,26.1297834012194,24.005504273400405,23.88596758387501,"tensor([[0.5000]], dtype=torch.float64)",tensor([-255]),['s']
71.0,4.554354308378697,71.0,70.99838013554464,"tensor([[0.5000]], dtype=torch.float64)",tensor([-255]),['n']
6.0,6.135076428315056,6.269424941125695,6.567108993898644,"tensor([[0.5000]], dtype=torch.float64)",tensor([-255]),['n']
68.0,7.725872448867122,67.5766131475354,67.02562060431669,"tensor([[0.5000]], dtype=torch.float64)",tensor([-255]),['n']
11.0,10.086279330599348,10.322982239384377,10.93240170476375,"tensor([[0.5000]], dtype=torch.float64)",tensor([-255]),['s']
49.0,48.87353550571629,49.32347060609174,50.22447801873629,"tensor([[0.5000]], dtype=torch.float64)",tensor([-255]),['n']
65.0,63.994415638459884,64.95172254638264,64.07836272332422,"tensor([[0.5000]], dtype=torch.float64)",tensor([-255]),['s']
64.0,63.102115595166794,63.984741096820585,62.29401923002027,"tensor([[0.5000]], dtype=torch.float64)",tensor([-255]),['n']
0.0,70.76584924846,0.0,0.0,"tensor([[0.5000]], dtype=torch.float64)",tensor([-255]),['n']
22.0,22.005688926103936,22.068103061322766,21.89276329407138,"tensor([[0.5000]], dtype=torch.float64)",tensor([-255]),['n']
71.0,69.03681629029195,71.0,71.0,"tensor([[0.5000]], dtype=torch.float64)",tensor([-255]),['s']
33.0,28.766452340979548,32.95554234857183,32.80422820898102,"tensor([[0.5000]], dtype=torch.float64)",tensor([-255]),['n']
20.0,20.307183599795344,20.445171227940463,20.023647817124424,"tensor([[0.5000]], dtype=torch.float64)",tensor([-255]),['s']
44.0,40.12734047338624,44.25700294246011,44.2530601370514,"tensor([[0.5000]], dtype=torch.float64)",tensor([-255]),['n']
26.0,23.027893516055663,25.944775680266265,24.96685897020043,"tensor([[0.5000]], dtype=torch.float64)",tensor([-255]),['s']
46.0,49.00252712395243,46.7419578626341,47.117866145728875,"tensor([[0.5000]], dtype=torch.float64)",tensor([-255]),['n']
26.0,29.905908227307254,25.686365821051666,25.853025707585275,"tensor([[0.5000]], dtype=torch.float64)",tensor([-255]),['n']
36.0,33.52948538413992,35.93420395130285,36.10173348521729,"tensor([[0.5000]], dtype=torch.float64)",tensor([-255]),['n']
53.0,53.31983011545974,53.18772061009457,53.068524328332856,"tensor([[0.5000]], dtype=torch.float64)",tensor([-255]),['s']
52.0,52.89181147058448,52.41771015205128,52.09267960717441,"tensor([[0.5000]], dtype=torch.float64)",tensor([-255]),['s']
12.0,46.078065964764406,11.613528387274993,11.930651357752772,"tensor([[0.5000]], dtype=torch.float64)",tensor([-255]),['n']
6.0,5.703421538466784,5.586236048847865,5.49911796322925,"tensor([[0.5000]], dtype=torch.float64)",tensor([-255]),['s']
0.0,67.5254650604005,0.06780958741951128,0.5101794167118248,"tensor([[0.5000]], dtype=torch.float64)",tensor([-255]),['n']
38.0,32.40285110440972,37.929835305098784,37.72848289340413,"tensor([[0.5000]], dtype=torch.float64)",tensor([-255]),['n']
45.0,44.54696860349259,45.53660144616911,45.85546166761331,"tensor([[0.5000]], dtype=torch.float64)",tensor([-255]),['s']
24.0,25.03293250955695,24.094795964947416,23.38892383182907,"tensor([[0.5000]], dtype=torch.float64)",tensor([-255]),['s']
57.0,57.87586878514514,56.6979594284558,56.75835273897298,"tensor([[0.5000]], dtype=torch.float64)",tensor([-255]),['s']
6.0,7.627549461066508,6.801641455853591,58.09072352029684,"tensor([[0.5000]], dtype=torch.float64)",tensor([-255]),['s']
15.0,15.640233417360822,15.238987174100197,15.156828235826246,"tensor([[0.5000]], dtype=torch.float64)",tensor([-255]),['s']
44.0,41.19901562749807,44.71880017019687,44.87172809565322,"tensor([[0.5000]], dtype=torch.float64)",tensor([-255]),['n']
23.0,24.226137818973832,23.700423692973736,22.9153763939525,"tensor([[0.5000]], dtype=torch.float64)",tensor([-255]),['s']
16.0,25.287020112840253,16.136454514071495,16.143720878919964,"tensor([[0.5000]], dtype=torch.float64)",tensor([-255]),['n']
0.0,0.1563022852206965,0.0,0.7654627985614855,"tensor([[0.5000]], dtype=torch.float64)",tensor([-255]),['s']
7.0,6.900589164860213,6.558567557042648,6.392360538175749,"tensor([[0.5000]], dtype=torch.float64)",tensor([-255]),['s']
0.0,1.6926071262353242,0.05876492433589936,0.35244715276561156,"tensor([[0.5000]], dtype=torch.float64)",tensor([-255]),['s']
5.0,2.913595749879331,4.97949701112176,4.809011973694427,"tensor([[0.5000]], dtype=torch.float64)",tensor([-255]),['s']
32.0,33.063920239909244,32.070743074324945,31.92349040242175,"tensor([[0.5000]], dtype=torch.float64)",tensor([-255]),['s']
20.0,20.6952128638016,19.34194956129283,19.386530405450724,"tensor([[0.5000]], dtype=torch.float64)",tensor([-255]),['s']
50.0,48.07899078277998,50.228410754867774,50.22761173056436,"tensor([[0.5000]], dtype=torch.float64)",tensor([-255]),['n']
48.0,49.38542024949867,48.62767830399966,48.95365349174556,"tensor([[0.5000]], dtype=torch.float64)",tensor([-255]),['n']
57.0,53.81427399721997,56.75523890962563,56.495152372584265,"tensor([[0.5000]], dtype=torch.float64)",tensor([-255]),['s']
5.0,4.973656904807124,5.063006660049316,5.759487773887398,"tensor([[0.5000]], dtype=torch.float64)",tensor([-255]),['s']
9.0,8.71123279780679,8.863006306021074,8.783385586297305,"tensor([[0.5000]], dtype=torch.float64)",tensor([-255]),['n']
53.0,42.45657607787681,53.101101353006214,53.017263539791266,"tensor([[0.5000]], dtype=torch.float64)",tensor([-255]),['s']
17.0,14.756411801342939,17.306153877779433,17.088948790534413,"tensor([[0.5000]], dtype=torch.float64)",tensor([-255]),['n']
7.0,5.892092057346197,8.343733832734168,7.269307728765496,"tensor([[0.5000]], dtype=torch.float64)",tensor([-255]),['s']
39.0,39.62874406241671,39.23563097771194,39.43396111610132,"tensor([[0.5000]], dtype=torch.float64)",tensor([-255]),['s']
51.0,48.57113875265256,51.049905223085084,51.179977421654165,"tensor([[0.5000]], dtype=torch.float64)",tensor([-255]),['n']
37.0,40.07776436457547,37.35788478936076,37.68745193415588,"tensor([[0.5000]], dtype=torch.float64)",tensor([-255]),['n']
8.0,6.721230040015461,9.596077462947717,10.668684731952515,"tensor([[0.5000]], dtype=torch.float64)",tensor([-255]),['s']
64.0,62.06799732219248,63.47647307769856,62.888697893167176,"tensor([[0.5000]], dtype=torch.float64)",tensor([-255]),['s']
54.0,19.18060517715186,54.15767790427955,54.03018092963732,"tensor([[0.5000]], dtype=torch.float64)",tensor([-255]),['s']
31.0,28.622474202399353,30.85710963932725,30.995553918113778,"tensor([[0.5000]], dtype=torch.float64)",tensor([-255]),['n']
30.0,30.281378474876846,23.394805168573296,27.11150065612574,"tensor([[0.5000]], dtype=torch.float64)",tensor([-255]),['s']
71.0,70.95774116182378,70.9642647061232,70.95899886146567,"tensor([[0.5000]], dtype=torch.float64)",tensor([-255]),['s']
27.0,27.797809651720403,27.49216070015913,27.218753863392426,"tensor([[0.5000]], dtype=torch.float64)",tensor([-255]),['s']
56.0,19.081208409985603,55.98316523000465,55.98528477066051,"tensor([[0.5000]], dtype=torch.float64)",tensor([-255]),['s']
68.0,67.19239834430832,67.9863312645943,67.7947636294157,"tensor([[0.5000]], dtype=torch.float64)",tensor([-255]),['n']
17.0,16.998093811855163,16.949893221728388,16.985550202891883,"tensor([[0.5000]], dtype=torch.float64)",tensor([-255]),['s']
69.0,68.20971885689596,68.52899158297151,67.9361285045333,"tensor([[0.5000]], dtype=torch.float64)",tensor([-255]),['s']
17.0,61.144462479526865,17.11584204148051,17.261521302007818,"tensor([[0.5000]], dtype=torch.float64)",tensor([-255]),['s']
46.0,43.19012979391725,46.294761693053665,48.06103795504467,"tensor([[0.5000]], dtype=torch.float64)",tensor([-255]),['s']
34.0,32.819157515677105,34.04467666197804,33.93805275966872,"tensor([[0.5000]], dtype=torch.float64)",tensor([-255]),['s']
0.0,6.659898711829458,0.0,0.05127118820238923,"tensor([[0.5000]], dtype=torch.float64)",tensor([-255]),['n']
28.0,35.391141454322465,26.501846417921914,27.292628478793958,"tensor([[0.5000]], dtype=torch.float64)",tensor([-255]),['s']
64.0,63.8983084978109,62.58259676258351,62.112171174387754,"tensor([[0.5000]], dtype=torch.float64)",tensor([-255]),['s']
21.0,20.867259913125267,20.821717840832388,20.9603425143177,"tensor([[0.5000]], dtype=torch.float64)",tensor([-255]),['s']
50.0,49.50392766483199,49.99058651971981,50.217081137005806,"tensor([[0.5000]], dtype=torch.float64)",tensor([-255]),['s']
70.0,67.0553049526689,69.74787224286014,70.40822073381753,"tensor([[0.5000]], dtype=torch.float64)",tensor([-255]),['n']
36.0,34.835727575217255,36.142211146009494,36.14441924382735,"tensor([[0.5000]], dtype=torch.float64)",tensor([-255]),['n']
39.0,41.139371123950774,39.77178709669254,39.25089480878861,"tensor([[0.5000]], dtype=torch.float64)",tensor([-255]),['s']
24.0,23.771030270217565,24.20862400643998,24.01735182665001,"tensor([[0.5000]], dtype=torch.float64)",tensor([-255]),['s']
42.0,36.15742089595458,42.18664916579346,43.55876327320648,"tensor([[0.5000]], dtype=torch.float64)",tensor([-255]),['n']
15.0,25.204308946489036,14.994510936544312,15.044757169616952,"tensor([[0.5000]], dtype=torch.float64)",tensor([-255]),['n']
8.0,9.750228088289651,7.635304455174314,7.8408343436781776,"tensor([[0.5000]], dtype=torch.float64)",tensor([-255]),['n']
57.0,58.548179687139765,56.30895297081079,56.245807359465324,"tensor([[0.5000]], dtype=torch.float64)",tensor([-255]),['s']
19.0,20.29420755411306,18.749940594238552,18.877931717433512,"tensor([[0.5000]], dtype=torch.float64)",tensor([-255]),['s']
8.0,6.264423777675136,7.874630956962195,7.851014232982386,"tensor([[0.5000]], dtype=torch.float64)",tensor([-255]),['n']
16.0,15.180781595991775,16.169582175507877,16.247947828722893,"tensor([[0.5000]], dtype=torch.float64)",tensor([-255]),['s']
49.0,49.023137311395374,49.246239056928765,49.324072857586984,"tensor([[0.5000]], dtype=torch.float64)",tensor([-255]),['n']
51.0,28.491526513754476,51.14190845516318,51.02950227887278,"tensor([[0.5000]], dtype=torch.float64)",tensor([-255]),['n']
50.0,45.60407789971873,50.09878361371604,50.28998954831286,"tensor([[0.5000]], dtype=torch.float64)",tensor([-255]),['s']
63.0,66.0133070217115,62.45682940660359,61.94558553177409,"tensor([[0.5000]], dtype=torch.float64)",tensor([-255]),['s']
59.0,57.89642752017292,58.91938246729404,58.014274305125014,"tensor([[0.5000]], dtype=torch.float64)",tensor([-255]),['s']
67.0,62.22176192304916,66.32227552113116,66.29629184738674,"tensor([[0.5000]], dtype=torch.float64)",tensor([-255]),['s']
60.0,59.01168540838236,59.68569551800493,59.25655622327212,"tensor([[0.5000]], dtype=torch.float64)",tensor([-255]),['n']
67.0,67.82021801533514,66.74300234290614,66.79966418726669,"tensor([[0.5000]], dtype=torch.float64)",tensor([-255]),['n']
65.0,65.89811888199662,64.05479003936574,63.956263366314666,"tensor([[0.5000]], dtype=torch.float64)",tensor([-255]),['s']
30.0,29.589671289515863,30.017603124166012,29.79492875394714,"tensor([[0.5000]], dtype=torch.float64)",tensor([-255]),['n']
40.0,42.988600619008125,40.1011344688864,40.3958945174184,"tensor([[0.5000]], dtype=torch.float64)",tensor([-255]),['s']
15.0,15.220843619205475,15.201987765087514,15.257220383302203,"tensor([[0.5000]], dtype=torch.float64)",tensor([-255]),['s']
33.0,34.12685534051819,33.26592520002034,32.6512449832825,"tensor([[0.5000]], dtype=torch.float64)",tensor([-255]),['n']
52.0,8.239288173780306,52.14273034637423,52.12515170319254,"tensor([[0.5000]], dtype=torch.float64)",tensor([-255]),['n']
18.0,18.169505526498895,18.02671024216824,17.987255259364108,"tensor([[0.5000]], dtype=torch.float64)",tensor([-255]),['n']
50.0,51.152530286120566,50.0776443550789,50.70417021822572,"tensor([[0.5000]], dtype=torch.float64)",tensor([-255]),['s']
44.0,42.8413215579136,44.489686327015725,44.28266895849734,"tensor([[0.5000]], dtype=torch.float64)",tensor([-255]),['s']
22.0,35.106485422035774,21.764093138164885,21.517313257358403,"tensor([[0.5000]], dtype=torch.float64)",tensor([-255]),['s']
16.0,15.104546955214737,16.04458296813771,16.02079093678947,"tensor([[0.5000]], dtype=torch.float64)",tensor([-255]),['n']
68.0,65.83045410226215,67.24019081769391,67.050970424098,"tensor([[0.5000]], dtype=torch.float64)",tensor([-255]),['n']
43.0,38.099637011996094,43.87745930392815,43.6134514709052,"tensor([[0.5000]], dtype=torch.float64)",tensor([-255]),['s']
47.0,47.101170970938526,47.56502349797144,48.175105540986166,"tensor([[0.5000]], dtype=torch.float64)",tensor([-255]),['n']
5.0,6.252130690493745,4.987702345561403,4.1672939820481565,"tensor([[0.5000]], dtype=torch.float64)",tensor([-255]),['n']
3.0,4.386502327693302,2.6906719535005283,2.7761768375543197,"tensor([[0.5000]], dtype=torch.float64)",tensor([-255]),['s']
5.0,5.379028194291527,5.218586585225484,5.104439279517896,"tensor([[0.5000]], dtype=torch.float64)",tensor([-255]),['s']
58.0,59.899199135625366,57.60656699524029,57.664128881678955,"tensor([[0.5000]], dtype=torch.float64)",tensor([-255]),['n']
22.0,20.525873520423954,22.226947770445236,21.245066034354394,"tensor([[0.5000]], dtype=torch.float64)",tensor([-255]),['s']
29.0,38.49654007485987,29.047217231991493,28.557538215304923,"tensor([[0.5000]], dtype=torch.float64)",tensor([-255]),['s']
56.0,53.6744845220019,55.79438838976522,55.980410351245176,"tensor([[0.5000]], dtype=torch.float64)",tensor([-255]),['n']
3.0,70.15039074901061,3.2196572546701296,3.7849136112916644,"tensor([[0.5000]], dtype=torch.float64)",tensor([-255]),['s']
62.0,62.49350238571522,61.34621677398245,60.92422913835915,"tensor([[0.5000]], dtype=torch.float64)",tensor([-255]),['n']
45.0,45.30847242589473,45.72515637058926,45.85423054626375,"tensor([[0.5000]], dtype=torch.float64)",tensor([-255]),['s']
66.0,65.03429783864868,65.28291741420452,64.96241554279602,"tensor([[0.5000]], dtype=torch.float64)",tensor([-255]),['n']
23.0,27.44921444247271,23.023897815025933,23.02130692201755,"tensor([[0.5000]], dtype=torch.float64)",tensor([-255]),['n']
30.0,26.48965869608852,29.83841578816689,29.94808113412726,"tensor([[0.5000]], dtype=torch.float64)",tensor([-255]),['s']
22.0,21.884678473511492,22.527504971670897,22.136625936588995,"tensor([[0.5000]], dtype=torch.float64)",tensor([-255]),['s']
15.0,67.2107736241426,14.482968780711753,14.784034244284053,"tensor([[0.5000]], dtype=torch.float64)",tensor([-255]),['s']
51.0,49.3663328926046,51.284463914827455,51.12248286221664,"tensor([[0.5000]], dtype=torch.float64)",tensor([-255]),['n']
70.0,68.83919262109717,69.60506500493855,69.17994970245462,"tensor([[0.5000]], dtype=torch.float64)",tensor([-255]),['n']
41.0,39.8453642397361,41.52466378524104,41.36268192901153,"tensor([[0.5000]], dtype=torch.float64)",tensor([-255]),['s']
50.0,32.497058274465914,50.30269860732008,50.842705394564646,"tensor([[0.5000]], dtype=torch.float64)",tensor([-255]),['s']
32.0,29.711953777681874,32.04532455162147,31.937611420156742,"tensor([[0.5000]], dtype=torch.float64)",tensor([-255]),['s']
46.0,45.99030799782119,46.52972304052002,47.710529587733966,"tensor([[0.5000]], dtype=torch.float64)",tensor([-255]),['n']
39.0,33.30425990772453,39.05214976608984,39.11206323453474,"tensor([[0.5000]], dtype=torch.float64)",tensor([-255]),['s']
33.0,33.29405852240912,33.011899151412976,31.61106343640328,"tensor([[0.5000]], dtype=torch.float64)",tensor([-255]),['s']
60.0,57.22638186477637,59.601779409369485,59.3774032498022,"tensor([[0.5000]], dtype=torch.float64)",tensor([-255]),['n']
50.0,46.11508383939464,50.24696950739821,51.002140601437425,"tensor([[0.5000]], dtype=torch.float64)",tensor([-255]),['n']
10.0,9.01868747971409,13.026142462119557,10.886778894749895,"tensor([[0.5000]], dtype=torch.float64)",tensor([-255]),['s']
68.0,65.88026546531985,67.96642408415882,67.6094499864615,"tensor([[0.5000]], dtype=torch.float64)",tensor([-255]),['s']
30.0,29.090073583391096,30.719387612690966,29.922808584114495,"tensor([[0.5000]], dtype=torch.float64)",tensor([-255]),['n']
52.0,55.10049579135723,52.00807765044451,52.00625971856187,"tensor([[0.5000]], dtype=torch.float64)",tensor([-255]),['s']
46.0,46.750847939260424,46.26644428603542,46.93870234890932,"tensor([[0.5000]], dtype=torch.float64)",tensor([-255]),['n']
33.0,32.289484450042806,33.091488513866295,33.04835716579795,"tensor([[0.5000]], dtype=torch.float64)",tensor([-255]),['s']
5.0,2.432275151475028,5.06837234458179,5.92733405786832,"tensor([[0.5000]], dtype=torch.float64)",tensor([-255]),['n']
28.0,30.170988182341183,27.995982255630402,27.22829554277409,"tensor([[0.5000]], dtype=torch.float64)",tensor([-255]),['n']
21.0,25.057678811056626,20.516288122546307,20.261056841875146,"tensor([[0.5000]], dtype=torch.float64)",tensor([-255]),['s']
52.0,50.754314373358355,52.13873420430586,52.2551012362033,"tensor([[0.5000]], dtype=torch.float64)",tensor([-255]),['s']
49.0,45.89338710401653,49.80084494534209,50.06796473723035,"tensor([[0.5000]], dtype=torch.float64)",tensor([-255]),['n']
5.0,8.194436721719203,4.676601841650511,6.679454991357193,"tensor([[0.5000]], dtype=torch.float64)",tensor([-255]),['s']
32.0,31.033276914431777,32.453550387315275,32.66755027389539,"tensor([[0.5000]], dtype=torch.float64)",tensor([-255]),['n']
63.0,61.47229622477343,62.386914062057784,61.93299487408482,"tensor([[0.5000]], dtype=torch.float64)",tensor([-255]),['s']
43.0,42.86255623541354,46.34439844972629,45.80792510559998,"tensor([[0.5000]], dtype=torch.float64)",tensor([-255]),['s']
51.0,50.06492087349567,51.15313406971845,51.24921304307509,"tensor([[0.5000]], dtype=torch.float64)",tensor([-255]),['n']
38.0,39.12955253157013,37.41046062070381,37.26018680472111,"tensor([[0.5000]], dtype=torch.float64)",tensor([-255]),['n']
67.0,1.2901235511137417,67.80828152331361,68.00162545966646,"tensor([[0.5000]], dtype=torch.float64)",tensor([-255]),['n']
26.0,34.91681807327878,25.960394616681914,25.870169134839443,"tensor([[0.5000]], dtype=torch.float64)",tensor([-255]),['s']
20.0,20.00286488072351,19.997035253854023,19.978513476047375,"tensor([[0.5000]], dtype=torch.float64)",tensor([-255]),['s']
26.0,26.8773281221368,25.822136871233372,25.72266924807052,"tensor([[0.5000]], dtype=torch.float64)",tensor([-255]),['n']
40.0,41.710362573368116,40.28667397043698,40.15706034382228,"tensor([[0.5000]], dtype=torch.float64)",tensor([-255]),['s']
37.0,34.46892646653861,37.82208635643423,37.21815213860929,"tensor([[0.5000]], dtype=torch.float64)",tensor([-255]),['s']
4.0,2.588540448402572,3.3187549816238984,3.4175030695515143,"tensor([[0.5000]], dtype=torch.float64)",tensor([-255]),['s']
0.0,4.68677544480993,12.021028944194487,0.14973406651864576,"tensor([[0.5000]], dtype=torch.float64)",tensor([-255]),['s']
61.0,53.630678403479536,60.52151378818554,60.149125232982605,"tensor([[0.5000]], dtype=torch.float64)",tensor([-255]),['n']
67.0,1.2249459469121018,66.90731369567492,66.76874889073127,"tensor([[0.5000]], dtype=torch.float64)",tensor([-255]),['s']
50.0,47.86262735379883,50.43957988636778,50.28244867016412,"tensor([[0.5000]], dtype=torch.float64)",tensor([-255]),['s']
22.0,22.073390596949153,21.919927265295566,21.941467125081893,"tensor([[0.5000]], dtype=torch.float64)",tensor([-255]),['s']
20.0,19.94776616091114,19.811894816195096,19.94855575533966,"tensor([[0.5000]], dtype=torch.float64)",tensor([-255]),['s']
49.0,48.77098937962172,49.53950302759356,49.657306605946616,"tensor([[0.5000]], dtype=torch.float64)",tensor([-255]),['n']
40.0,39.46167236909657,48.07351356535823,40.12783916191247,"tensor([[0.5000]], dtype=torch.float64)",tensor([-255]),['s']
38.0,42.76868095094245,37.80441382696604,39.3918066047196,"tensor([[0.5000]], dtype=torch.float64)",tensor([-255]),['s']
29.0,27.45463848280931,29.19756344226177,29.127209763294776,"tensor([[0.5000]], dtype=torch.float64)",tensor([-255]),['n']
62.0,61.51078131043571,61.67410561711468,61.38915140999422,"tensor([[0.5000]], dtype=torch.float64)",tensor([-255]),['n']
2.0,1.3686810035076182,1.7541777485968262,1.1108002625783657,"tensor([[0.5000]], dtype=torch.float64)",tensor([-255]),['n']
68.0,69.6143532394743,67.74033868242712,67.40998198729923,"tensor([[0.5000]], dtype=torch.float64)",tensor([-255]),['n']
16.0,15.90172163668447,16.044554183790968,16.1760034330177,"tensor([[0.5000]], dtype=torch.float64)",tensor([-255]),['n']
11.0,10.93556842377138,11.536993999734634,11.349104375821005,"tensor([[0.5000]], dtype=torch.float64)",tensor([-255]),['n']
29.0,36.78173201619875,28.355287162625917,28.498474436353355,"tensor([[0.5000]], dtype=torch.float64)",tensor([-255]),['n']
21.0,21.35076873495708,20.996640894192062,20.825459246248318,"tensor([[0.5000]], dtype=torch.float64)",tensor([-255]),['n']
47.0,46.897222751294024,47.61154505395541,47.18196952114256,"tensor([[0.5000]], dtype=torch.float64)",tensor([-255]),['n']
7.0,7.7305403919842615,6.768207911357478,7.127809287085089,"tensor([[0.5000]], dtype=torch.float64)",tensor([-255]),['s']
14.0,11.847060544918456,14.06996687715622,14.102335307934176,"tensor([[0.5000]], dtype=torch.float64)",tensor([-255]),['n']
58.0,59.078756485472326,57.71215419563835,57.609752624105,"tensor([[0.5000]], dtype=torch.float64)",tensor([-255]),['n']
14.0,56.45322967919245,14.10709959554366,14.565353871664731,"tensor([[0.5000]], dtype=torch.float64)",tensor([-255]),['n']
47.0,48.632729910238204,47.08250964984668,47.051548818070735,"tensor([[0.5000]], dtype=torch.float64)",tensor([-255]),['n']
35.0,33.601446133736985,35.22372801611667,35.293978164283054,"tensor([[0.5000]], dtype=torch.float64)",tensor([-255]),['n']
2.0,6.962855735438733,1.8673049706107694,1.1794898108314291,"tensor([[0.5000]], dtype=torch.float64)",tensor([-255]),['s']
39.0,41.055545319010726,39.12709845016641,39.50217695276115,"tensor([[0.5000]], dtype=torch.float64)",tensor([-255]),['s']
21.0,20.42730434700589,21.0233907056133,20.98103435748087,"tensor([[0.5000]], dtype=torch.float64)",tensor([-255]),['n']
3.0,3.071952744450706,2.773601904658599,3.201555172504238,"tensor([[0.5000]], dtype=torch.float64)",tensor([-255]),['s']
12.0,11.198431869924871,11.215205320348533,11.22358149392952,"tensor([[0.5000]], dtype=torch.float64)",tensor([-255]),['s']
64.0,62.791614809897084,63.34756690918269,62.21235746718614,"tensor([[0.5000]], dtype=torch.float64)",tensor([-255]),['n']
44.0,46.965972099219556,44.200894814504544,44.113807198826834,"tensor([[0.5000]], dtype=torch.float64)",tensor([-255]),['s']
15.0,66.9385295824481,15.32812578456634,15.204114845823941,"tensor([[0.5000]], dtype=torch.float64)",tensor([-255]),['n']
13.0,10.025663463328703,12.789143352623888,13.1055532158592,"tensor([[0.5000]], dtype=torch.float64)",tensor([-255]),['s']
35.0,36.3417017347719,35.03715169793151,35.01597056355151,"tensor([[0.5000]], dtype=torch.float64)",tensor([-255]),['s']
54.0,54.34791563204725,54.092577347606294,54.023782108297254,"tensor([[0.5000]], dtype=torch.float64)",tensor([-255]),['n']
48.0,42.58139968726507,48.53109353823126,48.98214032318326,"tensor([[0.5000]], dtype=torch.float64)",tensor([-255]),['s']
9.0,10.310125695142426,9.256384863584175,9.504570471009352,"tensor([[0.5000]], dtype=torch.float64)",tensor([-255]),['n']
31.0,32.38956653674196,31.169787074635046,31.2041302536195,"tensor([[0.5000]], dtype=torch.float64)",tensor([-255]),['s']
6.0,6.041043442927765,5.945126459445815,6.0292309268417235,"tensor([[0.5000]], dtype=torch.float64)",tensor([-255]),['s']
50.0,29.353656815934862,50.25316166216959,50.8754036601869,"tensor([[0.5000]], dtype=torch.float64)",tensor([-255]),['s']
35.0,32.25347327551245,34.88690717110796,34.64454870433915,"tensor([[0.5000]], dtype=torch.float64)",tensor([-255]),['n']
68.0,70.59239221276216,67.81798202476146,67.68310802718415,"tensor([[0.5000]], dtype=torch.float64)",tensor([-255]),['n']
52.0,29.383393366937916,52.18425536233946,52.07774311256195,"tensor([[0.5000]], dtype=torch.float64)",tensor([-255]),['n']
58.0,60.16624793811947,57.62817057730283,57.31369185963104,"tensor([[0.5000]], dtype=torch.float64)",tensor([-255]),['n']
17.0,16.802586473725803,17.033626689350392,16.931172616903307,"tensor([[0.5000]], dtype=torch.float64)",tensor([-255]),['s']
19.0,21.02353519801853,18.7245720970692,18.91317916846486,"tensor([[0.5000]], dtype=torch.float64)",tensor([-255]),['n']
38.0,33.10861909504062,37.83266423336474,37.0618844873596,"tensor([[0.5000]], dtype=torch.float64)",tensor([-255]),['s']
41.0,34.40809427470145,41.63249184536929,41.784104483653735,"tensor([[0.5000]], dtype=torch.float64)",tensor([-255]),['n']
2.0,6.636960163217632,1.8845167749224516,1.8925754931693632,"tensor([[0.5000]], dtype=torch.float64)",tensor([-255]),['n']
70.0,59.053435480156836,70.25388682333576,70.53999676515976,"tensor([[0.5000]], dtype=torch.float64)",tensor([-255]),['n']
10.0,10.230743848382003,9.840233415449317,10.248345168232193,"tensor([[0.5000]], dtype=torch.float64)",tensor([-255]),['n']
23.0,21.038629599381995,22.955872127052597,22.971635973649178,"tensor([[0.5000]], dtype=torch.float64)",tensor([-255]),['n']
63.0,63.62970897052232,62.42244784976255,62.09303584000116,"tensor([[0.5000]], dtype=torch.float64)",tensor([-255]),['n']
39.0,36.92715663889202,39.05042854189036,39.04204390452617,"tensor([[0.5000]], dtype=torch.float64)",tensor([-255]),['n']
19.0,16.856249456215405,18.865759642130094,19.03442943311272,"tensor([[0.5000]], dtype=torch.float64)",tensor([-255]),['n']
7.0,9.132498152691596,7.5263415716320115,7.840910019338091,"tensor([[0.5000]], dtype=torch.float64)",tensor([-255]),['s']
55.0,52.334772090903776,54.97103922551398,55.05009509054885,"tensor([[0.5000]], dtype=torch.float64)",tensor([-255]),['n']
33.0,28.440888639066188,33.0802427235064,33.27796246829332,"tensor([[0.5000]], dtype=torch.float64)",tensor([-255]),['n']
32.0,32.152901350254126,32.16209073328454,31.91485376246904,"tensor([[0.5000]], dtype=torch.float64)",tensor([-255]),['n']
67.0,66.4860863631348,66.50302248390483,66.61568709998629,"tensor([[0.5000]], dtype=torch.float64)",tensor([-255]),['s']
26.0,25.18872809029242,25.240970567065613,25.185347750972927,"tensor([[0.5000]], dtype=torch.float64)",tensor([-255]),['n']
65.0,65.96275805936315,64.70787517143732,64.89078796333612,"tensor([[0.5000]], dtype=torch.float64)",tensor([-255]),['s']
25.0,23.424273169662552,24.706239296296342,24.183207154513028,"tensor([[0.5000]], dtype=torch.float64)",tensor([-255]),['n']
33.0,32.083190761986764,32.7751285310758,32.11807090289083,"tensor([[0.5000]], dtype=torch.float64)",tensor([-255]),['s']
58.0,59.007840287078544,57.69467866534199,57.04307768421099,"tensor([[0.5000]], dtype=torch.float64)",tensor([-255]),['n']
1.0,4.8905478171994305,1.1695296136083766,1.480873191683682,"tensor([[0.5000]], dtype=torch.float64)",tensor([-255]),['n']
25.0,27.41858524545048,25.6022480869129,25.78884333025097,"tensor([[0.5000]], dtype=torch.float64)",tensor([-255]),['n']
50.0,50.90718299495566,50.498222709525386,50.77490834705002,"tensor([[0.5000]], dtype=torch.float64)",tensor([-255]),['n']
33.0,34.63051937654359,32.7506884097428,32.118824000463626,"tensor([[0.5000]], dtype=torch.float64)",tensor([-255]),['s']
58.0,58.62606342602768,57.91921706578191,57.140880519028336,"tensor([[0.5000]], dtype=torch.float64)",tensor([-255]),['s']
51.0,51.1706005966899,51.60601830467747,51.74545284681769,"tensor([[0.5000]], dtype=torch.float64)",tensor([-255]),['s']
4.0,3.6994463151234136,4.14744592984642,4.2773192920477365,"tensor([[0.5000]], dtype=torch.float64)",tensor([-255]),['s']
67.0,66.3683824106764,65.79207011223983,66.23864966481071,"tensor([[0.5000]], dtype=torch.float64)",tensor([-255]),['s']
8.0,6.642142029093502,7.752335855800514,7.9784307770214635,"tensor([[0.5000]], dtype=torch.float64)",tensor([-255]),['n']
27.0,14.883067346986035,26.743547591430694,26.61192077945585,"tensor([[0.5000]], dtype=torch.float64)",tensor([-255]),['s']
47.0,42.88845152342841,47.67325804878079,47.66280915764973,"tensor([[0.5000]], dtype=torch.float64)",tensor([-255]),['n']
49.0,49.12242233709709,48.999014526100716,49.13781364029576,"tensor([[0.5000]], dtype=torch.float64)",tensor([-255]),['s']
22.0,20.078397374918904,22.09576411019176,22.02677156270688,"tensor([[0.5000]], dtype=torch.float64)",tensor([-255]),['n']
43.0,41.89058027926973,44.00736790819947,43.94638378355985,"tensor([[0.5000]], dtype=torch.float64)",tensor([-255]),['s']
19.0,16.713985886684142,18.891533397760224,18.92082181612672,"tensor([[0.5000]], dtype=torch.float64)",tensor([-255]),['n']
60.0,57.62546099430338,59.79042951255937,59.48167329752591,"tensor([[0.5000]], dtype=torch.float64)",tensor([-255]),['s']
53.0,53.092182491834606,53.100651441353726,53.03096944268485,"tensor([[0.5000]], dtype=torch.float64)",tensor([-255]),['n']
31.0,27.844973755413072,24.640621845213634,27.936995773218733,"tensor([[0.5000]], dtype=torch.float64)",tensor([-255]),['s']
50.0,40.88771829673824,50.09486042135999,50.198490970233856,"tensor([[0.5000]], dtype=torch.float64)",tensor([-255]),['s']
10.0,11.432683329962348,9.791283700314214,9.992285256743806,"tensor([[0.5000]], dtype=torch.float64)",tensor([-255]),['s']
3.0,1.436619988884362,2.7979562046603332,2.9342752128709497,"tensor([[0.5000]], dtype=torch.float64)",tensor([-255]),['s']
51.0,52.01985078356801,51.465724236703224,51.74383550015505,"tensor([[0.5000]], dtype=torch.float64)",tensor([-255]),['n']
31.0,30.072312890228403,30.94126191317599,30.917326251418096,"tensor([[0.5000]], dtype=torch.float64)",tensor([-255]),['s']
4.0,5.957405901309948,9.308917177756499,6.729533193943964,"tensor([[0.5000]], dtype=torch.float64)",tensor([-255]),['s']
15.0,15.81684164848997,14.767182230640572,14.834523860511418,"tensor([[0.5000]], dtype=torch.float64)",tensor([-255]),['n']
49.0,50.14618950854444,49.39161185335712,49.84333700742832,"tensor([[0.5000]], dtype=torch.float64)",tensor([-255]),['n']
67.0,64.76265499015135,66.18766723734079,66.20864686729116,"tensor([[0.5000]], dtype=torch.float64)",tensor([-255]),['s']
11.0,9.069945646914888,10.840644915401557,10.932372729727355,"tensor([[0.5000]], dtype=torch.float64)",tensor([-255]),['s']
16.0,53.898231604650064,16.008569654431053,16.087572850818333,"tensor([[0.5000]], dtype=torch.float64)",tensor([-255]),['n']
22.0,23.08297073630261,22.441903297443258,22.069201364314164,"tensor([[0.5000]], dtype=torch.float64)",tensor([-255]),['s']
35.0,31.664549866308842,35.06279657183569,34.876254758449846,"tensor([[0.5000]], dtype=torch.float64)",tensor([-255]),['n']
3.0,1.9123796733273437,1.9108222071171455,2.8435061619234436,"tensor([[0.5000]], dtype=torch.float64)",tensor([-255]),['n']
26.0,25.952410641006637,26.446674741999118,26.376722572568305,"tensor([[0.5000]], dtype=torch.float64)",tensor([-255]),['n']
15.0,13.046236407469845,14.85241435579369,15.07670757339028,"tensor([[0.5000]], dtype=torch.float64)",tensor([-255]),['s']
12.0,11.982831074771877,11.803704845413256,12.162739320954097,"tensor([[0.5000]], dtype=torch.float64)",tensor([-255]),['n']
58.0,56.369262838694496,57.543933515678106,57.648364258354384,"tensor([[0.5000]], dtype=torch.float64)",tensor([-255]),['n']
70.0,0.3943916668617945,70.10056402631669,70.0908417021831,"tensor([[0.5000]], dtype=torch.float64)",tensor([-255]),['n']
9.0,10.720780723244227,8.760452282549869,8.88851488976423,"tensor([[0.5000]], dtype=torch.float64)",tensor([-255]),['s']
67.0,63.43581093930513,66.35614462028654,66.27121539207232,"tensor([[0.5000]], dtype=torch.float64)",tensor([-255]),['s']
57.0,58.30812148008049,56.393581982839144,56.15782829682469,"tensor([[0.5000]], dtype=torch.float64)",tensor([-255]),['n']
40.0,40.15226040767936,40.20793389190868,39.46975895410115,"tensor([[0.5000]], dtype=torch.float64)",tensor([-255]),['n']
50.0,50.6985704200594,50.000516663214434,50.08870915155448,"tensor([[0.5000]], dtype=torch.float64)",tensor([-255]),['s']
5.0,7.571052390995538,4.56674785260779,4.911954232668577,"tensor([[0.5000]], dtype=torch.float64)",tensor([-255]),['s']
69.0,69.0136241371729,69.03894081834844,69.0015012576568,"tensor([[0.5000]], dtype=torch.float64)",tensor([-255]),['n']
26.0,29.414491533667928,24.56105294569842,24.197732562354975,"tensor([[0.5000]], dtype=torch.float64)",tensor([-255]),['n']
29.0,29.796301908324544,28.85727682836156,28.902579331776693,"tensor([[0.5000]], dtype=torch.float64)",tensor([-255]),['s']
40.0,32.12479941116955,40.29535796123844,40.29003393531173,"tensor([[0.5000]], dtype=torch.float64)",tensor([-255]),['n']
1.0,67.44845210456023,0.693360295158465,0.9900104515106988,"tensor([[0.5000]], dtype=torch.float64)",tensor([-255]),['n']
16.0,16.53246904296927,16.027045875929204,16.00996165979109,"tensor([[0.5000]], dtype=torch.float64)",tensor([-255]),['n']
30.0,26.50853250312828,29.936316709292353,26.331078188706087,"tensor([[0.5000]], dtype=torch.float64)",tensor([-255]),['n']
18.0,15.918616665327084,17.976664986551263,17.96899302488244,"tensor([[0.5000]], dtype=torch.float64)",tensor([-255]),['n']
51.0,52.80336453739792,51.39060138972376,51.245279715101454,"tensor([[0.5000]], dtype=torch.float64)",tensor([-255]),['s']
36.0,34.85030553742162,35.908550402806554,35.87276964668775,"tensor([[0.5000]], dtype=torch.float64)",tensor([-255]),['n']
47.0,46.08313430545409,47.57560152747726,48.69648368174644,"tensor([[0.5000]], dtype=torch.float64)",tensor([-255]),['s']
57.0,7.234216861871773,56.72683620830231,56.78867113362378,"tensor([[0.5000]], dtype=torch.float64)",tensor([-255]),['n']
44.0,45.06186544528964,44.71905114407703,45.02600508958757,"tensor([[0.5000]], dtype=torch.float64)",tensor([-255]),['n']
60.0,61.747501237957636,59.05530330750326,58.909999700708106,"tensor([[0.5000]], dtype=torch.float64)",tensor([-255]),['s']
56.0,7.946616354181524,55.86271766790594,55.862478468091886,"tensor([[0.5000]], dtype=torch.float64)",tensor([-255]),['s']
54.0,53.65965198881883,54.105314204327044,54.00571075402643,"tensor([[0.5000]], dtype=torch.float64)",tensor([-255]),['s']
52.0,50.317831495087276,52.340977029275926,52.207414339955136,"tensor([[0.5000]], dtype=torch.float64)",tensor([-255]),['n']
40.0,42.56352103938776,40.05710370971889,39.7837998526512,"tensor([[0.5000]], dtype=torch.float64)",tensor([-255]),['s']
20.0,23.741833760381862,19.71643991601781,19.66414995513828,"tensor([[0.5000]], dtype=torch.float64)",tensor([-255]),['n']
11.0,8.316886431408832,11.382660723467993,11.15847228783504,"tensor([[0.5000]], dtype=torch.float64)",tensor([-255]),['s']
50.0,49.80727555746053,50.68966184376545,51.048883572456795,"tensor([[0.5000]], dtype=torch.float64)",tensor([-255]),['s']
46.0,44.93770687277805,46.75922855026493,46.885470099168494,"tensor([[0.5000]], dtype=torch.float64)",tensor([-255]),['s']
55.0,55.14813056726705,54.445076742736326,54.9242982449903,"tensor([[0.5000]], dtype=torch.float64)",tensor([-255]),['s']
13.0,14.156765673175613,13.143052583256175,13.853283751860921,"tensor([[0.5000]], dtype=torch.float64)",tensor([-255]),['n']
23.0,22.90852084331307,23.61851679488476,23.49662286034011,"tensor([[0.5000]], dtype=torch.float64)",tensor([-255]),['s']
67.0,68.32775911466226,66.20137731970989,66.40376836807118,"tensor([[0.5000]], dtype=torch.float64)",tensor([-255]),['n']
47.0,49.17741695309529,47.45871939437754,47.60252713007205,"tensor([[0.5000]], dtype=torch.float64)",tensor([-255]),['s']
3.0,0.31557371497623365,2.782310488270923,2.807434876265616,"tensor([[0.5000]], dtype=torch.float64)",tensor([-255]),['s']
47.0,49.031354022846024,47.236345678931905,47.71519195693129,"tensor([[0.5000]], dtype=torch.float64)",tensor([-255]),['n']
34.0,37.02106471708467,33.94896707117561,33.865651577073066,"tensor([[0.5000]], dtype=torch.float64)",tensor([-255]),['n']
71.0,67.46106347012906,70.9205763048756,70.58910115724895,"tensor([[0.5000]], dtype=torch.float64)",tensor([-255]),['s']
53.0,55.946042447838074,52.9188330114926,52.987972706850165,"tensor([[0.5000]], dtype=torch.float64)",tensor([-255]),['s']
60.0,61.86826601107032,59.07707339224162,59.34683461199891,"tensor([[0.5000]], dtype=torch.float64)",tensor([-255]),['s']
68.0,63.89132673020781,67.32819441886642,67.62388972593747,"tensor([[0.5000]], dtype=torch.float64)",tensor([-255]),['s']
33.0,29.254685270973937,33.00854524366503,33.212190288477395,"tensor([[0.5000]], dtype=torch.float64)",tensor([-255]),['n']
24.0,23.442145145057836,23.923875084731208,23.922478666136634,"tensor([[0.5000]], dtype=torch.float64)",tensor([-255]),['n']
12.0,10.764755759087098,12.520130407369685,12.927018916475634,"tensor([[0.5000]], dtype=torch.float64)",tensor([-255]),['s']
58.0,57.989744483696825,57.72041407369386,57.75965211531199,"tensor([[0.5000]], dtype=torch.float64)",tensor([-255]),['s']
53.0,19.777329605876638,53.263143984510705,53.18922369303132,"tensor([[0.5000]], dtype=torch.float64)",tensor([-255]),['n']
54.0,51.019511500575945,53.88988346762604,53.99682726774372,"tensor([[0.5000]], dtype=torch.float64)",tensor([-255]),['s']
26.0,28.440379686027725,26.268347172649136,25.800868032837975,"tensor([[0.5000]], dtype=torch.float64)",tensor([-255]),['n']
16.0,16.834098094806517,15.981179653564423,15.989809423858642,"tensor([[0.5000]], dtype=torch.float64)",tensor([-255]),['s']
15.0,15.031931604005425,15.258637608746001,15.068412896265604,"tensor([[0.5000]], dtype=torch.float64)",tensor([-255]),['n']
7.0,3.007010257634676,6.795394784959415,6.995743659947019,"tensor([[0.5000]], dtype=torch.float64)",tensor([-255]),['s']
28.0,27.37163606923488,25.83963539830959,27.21911732110513,"tensor([[0.5000]], dtype=torch.float64)",tensor([-255]),['s']
45.0,45.78021517612255,45.68978714377769,45.79199602361008,"tensor([[0.5000]], dtype=torch.float64)",tensor([-255]),['n']
10.0,8.843380567854709,10.123190002760062,10.118186096895725,"tensor([[0.5000]], dtype=torch.float64)",tensor([-255]),['n']
68.0,69.15557915203088,67.8473930285667,67.76891953922504,"tensor([[0.5000]], dtype=torch.float64)",tensor([-255]),['s']
67.0,66.21586267169793,66.86783481489033,66.69749928770901,"tensor([[0.5000]], dtype=torch.float64)",tensor([-255]),['n']
63.0,66.6417355790234,62.313870318519925,61.4393566314822,"tensor([[0.5000]], dtype=torch.float64)",tensor([-255]),['n']
53.0,53.647776328023106,53.314838584803915,53.12420594750518,"tensor([[0.5000]], dtype=torch.float64)",tensor([-255]),['s']
33.0,29.062250391518837,32.44202240885124,32.538887696483215,"tensor([[0.5000]], dtype=torch.float64)",tensor([-255]),['s']
23.0,60.09221445691902,23.011757057298272,22.882000500411017,"tensor([[0.5000]], dtype=torch.float64)",tensor([-255]),['s']
25.0,24.982920696262248,25.079156246615142,24.674683827959768,"tensor([[0.5000]], dtype=torch.float64)",tensor([-255]),['n']
31.0,32.065420387432724,32.12663346261603,31.451786653685645,"tensor([[0.5000]], dtype=torch.float64)",tensor([-255]),['s']
20.0,61.12894497428994,20.357382729217615,20.09348624006873,"tensor([[0.5000]], dtype=torch.float64)",tensor([-255]),['s']
49.0,51.791031920577026,48.94093544359011,49.25864948562218,"tensor([[0.5000]], dtype=torch.float64)",tensor([-255]),['s']
7.0,6.453322507757393,7.248376328660515,8.714372719305285,"tensor([[0.5000]], dtype=torch.float64)",tensor([-255]),['s']
65.0,63.16279364428289,64.51754002620359,64.3301173836997,"tensor([[0.5000]], dtype=torch.float64)",tensor([-255]),['n']
66.0,63.56956462065918,65.61935911638763,65.70007807660545,"tensor([[0.5000]], dtype=torch.float64)",tensor([-255]),['s']
48.0,49.85937386009977,48.40857942556957,48.691098101638325,"tensor([[0.5000]], dtype=torch.float64)",tensor([-255]),['n']
52.0,52.89746844390977,52.392440783170706,52.2987676413203,"tensor([[0.5000]], dtype=torch.float64)",tensor([-255]),['n']
27.0,29.176663316134867,27.127447687963333,26.921057521945496,"tensor([[0.5000]], dtype=torch.float64)",tensor([-255]),['n']
17.0,13.588558629384169,17.21796431037617,17.18793705611767,"tensor([[0.5000]], dtype=torch.float64)",tensor([-255]),['s']
14.0,12.967760491415302,13.618635201199064,13.869645315782163,"tensor([[0.5000]], dtype=torch.float64)",tensor([-255]),['n']
56.0,58.65688445614691,55.753678252396874,55.28567060483169,"tensor([[0.5000]], dtype=torch.float64)",tensor([-255]),['n']
51.0,49.21567188245335,51.19814132764928,51.64109066603367,"tensor([[0.5000]], dtype=torch.float64)",tensor([-255]),['n']
6.0,4.205666413633564,6.078718784012834,6.75021984042357,"tensor([[0.5000]], dtype=torch.float64)",tensor([-255]),['n']
37.0,33.96025431050048,36.049824476337854,37.72157082596942,"tensor([[0.5000]], dtype=torch.float64)",tensor([-255]),['s']
43.0,40.04891343971528,44.314164079093324,45.649861006140995,"tensor([[0.5000]], dtype=torch.float64)",tensor([-255]),['s']
44.0,44.62779264254103,55.87853102778045,45.34871586048138,"tensor([[0.5000]], dtype=torch.float64)",tensor([-255]),['s']
40.0,40.53164921199121,40.070412723439325,40.87735684441895,"tensor([[0.5000]], dtype=torch.float64)",tensor([-255]),['n']
18.0,16.240426677104605,18.29208631969495,18.067549794064753,"tensor([[0.5000]], dtype=torch.float64)",tensor([-255]),['s']
44.0,46.086837378111326,44.51940673297323,46.99506654766782,"tensor([[0.5000]], dtype=torch.float64)",tensor([-255]),['s']
17.0,19.04992854697521,17.166345100712732,17.14540075027802,"tensor([[0.5000]], dtype=torch.float64)",tensor([-255]),['n']
56.0,15.913566113151983,55.26673543264567,55.23578133490356,"tensor([[0.5000]], dtype=torch.float64)",tensor([-255]),['s']
30.0,32.396405729984636,30.36866261731892,30.038758586717524,"tensor([[0.5000]], dtype=torch.float64)",tensor([-255]),['s']
35.0,29.587914616021262,34.7765270009169,35.34849186958876,"tensor([[0.5000]], dtype=torch.float64)",tensor([-255]),['s']
61.0,58.70007370212538,60.67081532384561,60.69946133658841,"tensor([[0.5000]], dtype=torch.float64)",tensor([-255]),['s']
70.0,4.426332493013826,69.61356640385497,69.28215785885399,"tensor([[0.5000]], dtype=torch.float64)",tensor([-255]),['s']
7.0,8.9527107434225,6.865120685950138,7.384071272853023,"tensor([[0.5000]], dtype=torch.float64)",tensor([-255]),['n']
49.0,50.80220136246729,49.50263560111714,49.60597561522087,"tensor([[0.5000]], dtype=torch.float64)",tensor([-255]),['n']
30.0,27.4345056834391,29.706846988601185,29.951962557379396,"tensor([[0.5000]], dtype=torch.float64)",tensor([-255]),['s']
38.0,32.597680460878806,38.127489990738425,37.93606937228303,"tensor([[0.5000]], dtype=torch.float64)",tensor([-255]),['n']
19.0,17.85856457179868,19.077593657398754,19.032989457699543,"tensor([[0.5000]], dtype=torch.float64)",tensor([-255]),['n']
13.0,8.866686895758313,13.057668653361965,13.341654526196654,"tensor([[0.5000]], dtype=torch.float64)",tensor([-255]),['n']
41.0,43.923252252371626,41.70106793242425,42.59271804870392,"tensor([[0.5000]], dtype=torch.float64)",tensor([-255]),['s']
21.0,23.0205169980729,20.90066947572892,21.078769561649974,"tensor([[0.5000]], dtype=torch.float64)",tensor([-255]),['s']
22.0,24.467037698180338,22.191121597379095,21.965536777108394,"tensor([[0.5000]], dtype=torch.float64)",tensor([-255]),['s']
25.0,25.145997238808867,25.23943856971245,25.072705840634566,"tensor([[0.5000]], dtype=torch.float64)",tensor([-255]),['s']
23.0,20.13494425858532,23.09079926816515,23.048175778761063,"tensor([[0.5000]], dtype=torch.float64)",tensor([-255]),['n']
34.0,35.40436621938326,33.89262324271451,33.97749664744199,"tensor([[0.5000]], dtype=torch.float64)",tensor([-255]),['s']
47.0,44.982110219704666,48.129212571359304,48.303545472409205,"tensor([[0.5000]], dtype=torch.float64)",tensor([-255]),['n']
19.0,18.41606902724975,19.07567402657836,19.012783379345418,"tensor([[0.5000]], dtype=torch.float64)",tensor([-255]),['n']
3.0,69.47683808913233,2.94764250272341,3.563199224284205,"tensor([[0.5000]], dtype=torch.float64)",tensor([-255]),['n']
57.0,57.81472389541126,56.91866419969915,56.85079773239301,"tensor([[0.5000]], dtype=torch.float64)",tensor([-255]),['s']
25.0,27.51484412322463,23.256116182625306,23.983494595319012,"tensor([[0.5000]], dtype=torch.float64)",tensor([-255]),['s']
57.0,28.88056692504458,56.898040162158516,56.67326295823165,"tensor([[0.5000]], dtype=torch.float64)",tensor([-255]),['s']
15.0,68.04607094572607,14.39218068286347,14.865519544498143,"tensor([[0.5000]], dtype=torch.float64)",tensor([-255]),['s']
17.0,13.059407910537121,16.87015516052566,16.99806415246988,"tensor([[0.5000]], dtype=torch.float64)",tensor([-255]),['s']
1.0,4.665463452197317,1.0339791710911057,0.9814167786569105,"tensor([[0.5000]], dtype=torch.float64)",tensor([-255]),['s']
22.0,22.919880286956214,22.213853454505962,22.08717236830414,"tensor([[0.5000]], dtype=torch.float64)",tensor([-255]),['n']
70.0,69.05120482988241,70.19336753035769,70.25777392876655,"tensor([[0.5000]], dtype=torch.float64)",tensor([-255]),['n']
63.0,60.10260958274697,62.684145275515306,61.73927635670641,"tensor([[0.5000]], dtype=torch.float64)",tensor([-255]),['n']
16.0,13.75478416941419,15.994470974324756,15.987636759456196,"tensor([[0.5000]], dtype=torch.float64)",tensor([-255]),['n']
21.0,19.934709419322534,20.537965562341086,20.74427353229838,"tensor([[0.5000]], dtype=torch.float64)",tensor([-255]),['s']
57.0,56.00599458446695,56.6444384148446,56.46731652409053,"tensor([[0.5000]], dtype=torch.float64)",tensor([-255]),['s']
54.0,56.11022149952365,53.85007383893552,53.884725425544566,"tensor([[0.5000]], dtype=torch.float64)",tensor([-255]),['n']
26.0,29.42736398532998,26.17988220203668,25.73582424813006,"tensor([[0.5000]], dtype=torch.float64)",tensor([-255]),['n']
61.0,61.77154728516622,60.854328884952416,60.547036881210744,"tensor([[0.5000]], dtype=torch.float64)",tensor([-255]),['n']
0.0,1.309321872616409,71.0,0.0,"tensor([[0.5000]], dtype=torch.float64)",tensor([-255]),['s']
48.0,48.609038841208076,48.279922577503115,48.183647859849465,"tensor([[0.5000]], dtype=torch.float64)",tensor([-255]),['s']
15.0,15.805108187251042,15.10240705734161,15.093922565755268,"tensor([[0.5000]], dtype=torch.float64)",tensor([-255]),['n']
35.0,35.50204278536692,35.182066187214645,35.204106884593685,"tensor([[0.5000]], dtype=torch.float64)",tensor([-255]),['s']
3.0,11.534603622074325,3.165662346487541,3.4238749164777995,"tensor([[0.5000]], dtype=torch.float64)",tensor([-255]),['n']
38.0,34.10435482739245,38.15319905066501,38.08202165237817,"tensor([[0.5000]], dtype=torch.float64)",tensor([-255]),['s']
30.0,31.112080320998867,25.78661586431345,54.195409442923626,"tensor([[0.5000]], dtype=torch.float64)",tensor([-255]),['s']
4.0,6.7835198400516745,6.954411209216723,4.615767061049857,"tensor([[0.5000]], dtype=torch.float64)",tensor([-255]),['s']
46.0,44.32160698488455,46.24909950124708,46.32518228977455,"tensor([[0.5000]], dtype=torch.float64)",tensor([-255]),['n']
8.0,9.03862765016794,7.808742220506612,7.948145355034487,"tensor([[0.5000]], dtype=torch.float64)",tensor([-255]),['n']
49.0,48.58176942284647,49.51159462173669,49.79862573825339,"tensor([[0.5000]], dtype=torch.float64)",tensor([-255]),['s']
17.0,19.24750067729486,16.897876241100075,16.856945040171624,"tensor([[0.5000]], dtype=torch.float64)",tensor([-255]),['n']
44.0,44.90708767117524,44.86990006421939,44.94516313934065,"tensor([[0.5000]], dtype=torch.float64)",tensor([-255]),['n']
65.0,2.7625893010830573,63.631490448247405,63.644221155777494,"tensor([[0.5000]], dtype=torch.float64)",tensor([-255]),['s']
48.0,47.42255378612579,48.79338682497028,48.93516409749578,"tensor([[0.5000]], dtype=torch.float64)",tensor([-255]),['s']
61.0,2.5439651639182124,58.759702892543764,59.02934073073638,"tensor([[0.5000]], dtype=torch.float64)",tensor([-255]),['s']
41.0,43.75563371689584,40.89650813916182,41.17013986082073,"tensor([[0.5000]], dtype=torch.float64)",tensor([-255]),['s']
66.0,63.859225733342285,65.55069101521204,65.48155260153497,"tensor([[0.5000]], dtype=torch.float64)",tensor([-255]),['s']
71.0,60.498036049865036,70.9713386977204,70.98874401200713,"tensor([[0.5000]], dtype=torch.float64)",tensor([-255]),['n']
71.0,68.9896213717644,71.0,71.0,"tensor([[0.5000]], dtype=torch.float64)",tensor([-255]),['n']
11.0,10.487060610029902,10.38458285135874,10.294292413515425,"tensor([[0.5000]], dtype=torch.float64)",tensor([-255]),['s']
37.0,31.9795466664418,36.88608365377051,37.78685532080784,"tensor([[0.5000]], dtype=torch.float64)",tensor([-255]),['n']
5.0,69.04614793167217,4.6364469445789185,4.980130665144345,"tensor([[0.5000]], dtype=torch.float64)",tensor([-255]),['s']
2.0,4.85827081888206,2.7037259842800707,2.6959879382940253,"tensor([[0.5000]], dtype=torch.float64)",tensor([-255]),['s']
28.0,26.311512136314157,27.026279582423665,26.90284507902459,"tensor([[0.5000]], dtype=torch.float64)",tensor([-255]),['s']
60.0,62.2979823887828,59.11936117223591,58.85748069370057,"tensor([[0.5000]], dtype=torch.float64)",tensor([-255]),['n']
11.0,11.485490872217218,10.374645300649231,11.192760815149596,"tensor([[0.5000]], dtype=torch.float64)",tensor([-255]),['s']
63.0,62.02439913990166,62.627759154872834,62.41898685911633,"tensor([[0.5000]], dtype=torch.float64)",tensor([-255]),['n']
56.0,56.1613677081362,55.80785181011971,55.962063049503456,"tensor([[0.5000]], dtype=torch.float64)",tensor([-255]),['s']
41.0,40.38839270928111,41.883336619874775,42.081492194512016,"tensor([[0.5000]], dtype=torch.float64)",tensor([-255]),['s']
3.0,2.881766492772236,2.419288912016343,2.82255627466019,"tensor([[0.5000]], dtype=torch.float64)",tensor([-255]),['s']
16.0,15.713538541651115,15.775149228807404,16.02239520464796,"tensor([[0.5000]], dtype=torch.float64)",tensor([-255]),['s']
67.0,67.3588002301205,66.40448808419981,65.99712381749838,"tensor([[0.5000]], dtype=torch.float64)",tensor([-255]),['n']
0.0,65.27558652868937,71.0,0.39344409894265014,"tensor([[0.5000]], dtype=torch.float64)",tensor([-255]),['s']
17.0,15.904943584175209,17.357960692375613,17.279469318775195,"tensor([[0.5000]], dtype=torch.float64)",tensor([-255]),['s']
12.0,10.371586284525826,12.441020103301746,13.287320746639528,"tensor([[0.5000]], dtype=torch.float64)",tensor([-255]),['s']
53.0,52.19446287131073,52.92292112972516,53.01298153018997,"tensor([[0.5000]], dtype=torch.float64)",tensor([-255]),['n']
33.0,33.11499477644049,33.29140981429762,33.02874320711817,"tensor([[0.5000]], dtype=torch.float64)",tensor([-255]),['s']
37.0,34.063686859658205,36.89125985858494,37.40205559571737,"tensor([[0.5000]], dtype=torch.float64)",tensor([-255]),['n']
26.0,24.046168612548406,26.676877861664718,25.872675631390553,"tensor([[0.5000]], dtype=torch.float64)",tensor([-255]),['s']
17.0,44.03343769486201,16.69220790983684,17.125515476147367,"tensor([[0.5000]], dtype=torch.float64)",tensor([-255]),['s']
17.0,15.019241476790146,16.84643437398181,17.0027518715324,"tensor([[0.5000]], dtype=torch.float64)",tensor([-255]),['s']
25.0,24.935774082743468,25.189275005675572,25.05708009942319,"tensor([[0.5000]], dtype=torch.float64)",tensor([-255]),['n']
66.0,65.68432127344403,65.4558986047227,65.2108226477283,"tensor([[0.5000]], dtype=torch.float64)",tensor([-255]),['n']
36.0,33.68752834953739,35.67253224132173,35.06210603503773,"tensor([[0.5000]], dtype=torch.float64)",tensor([-255]),['s']
51.0,46.03649703722189,51.13403323723062,51.23604561671522,"tensor([[0.5000]], dtype=torch.float64)",tensor([-255]),['n']
25.0,26.327028100035804,25.121679364417012,24.526964153512555,"tensor([[0.5000]], dtype=torch.float64)",tensor([-255]),['n']
8.0,7.7306734677746185,7.612634937184995,7.220266864201227,"tensor([[0.5000]], dtype=torch.float64)",tensor([-255]),['s']
28.0,25.58440810685589,28.362502337912854,28.10544615222881,"tensor([[0.5000]], dtype=torch.float64)",tensor([-255]),['n']
43.0,41.53397757525505,43.78392464655312,43.66685876093849,"tensor([[0.5000]], dtype=torch.float64)",tensor([-255]),['s']
48.0,47.23431159923899,48.58488285234277,48.987704047225286,"tensor([[0.5000]], dtype=torch.float64)",tensor([-255]),['n']
57.0,58.90917336378582,56.5757697878932,56.248099010342465,"tensor([[0.5000]], dtype=torch.float64)",tensor([-255]),['n']
0.0,2.888614519597483,0.0,70.35085954780344,"tensor([[0.5000]], dtype=torch.float64)",tensor([-255]),['n']
38.0,39.76237275543751,38.00989702926958,38.30573152083079,"tensor([[0.5000]], dtype=torch.float64)",tensor([-255]),['s']
32.0,37.87496977395726,31.480696465814518,31.831956052680813,"tensor([[0.5000]], dtype=torch.float64)",tensor([-255]),['s']
19.0,39.51483986121537,18.829486184677105,18.949999413322917,"tensor([[0.5000]], dtype=torch.float64)",tensor([-255]),['n']
26.0,26.168635346699496,25.80816220822421,25.885680732845028,"tensor([[0.5000]], dtype=torch.float64)",tensor([-255]),['s']
68.0,70.98369738132713,68.017027188842,67.94562739423964,"tensor([[0.5000]], dtype=torch.float64)",tensor([-255]),['n']
52.0,52.084131690765474,52.758223760414964,52.62014628958272,"tensor([[0.5000]], dtype=torch.float64)",tensor([-255]),['s']
46.0,43.28551353062074,46.516202065049555,46.77830341275532,"tensor([[0.5000]], dtype=torch.float64)",tensor([-255]),['n']
71.0,70.61059176681715,70.74134292846412,70.81994322715136,"tensor([[0.5000]], dtype=torch.float64)",tensor([-255]),['n']
35.0,35.17895142059406,35.778313122726765,35.88587394444117,"tensor([[0.5000]], dtype=torch.float64)",tensor([-255]),['s']
30.0,29.594215192116852,30.01823291211775,29.62053736365148,"tensor([[0.5000]], dtype=torch.float64)",tensor([-255]),['s']
67.0,66.73933375603292,66.79414033754729,66.77034132962717,"tensor([[0.5000]], dtype=torch.float64)",tensor([-255]),['n']
36.0,33.042366441659006,35.833393777599944,35.93769526594889,"tensor([[0.5000]], dtype=torch.float64)",tensor([-255]),['s']
10.0,8.931950254404127,9.542172557565367,9.1251507789846,"tensor([[0.5000]], dtype=torch.float64)",tensor([-255]),['s']
57.0,1.6670515282808975,56.89463835470144,56.926515042604414,"tensor([[0.5000]], dtype=torch.float64)",tensor([-255]),['s']
45.0,42.823727120594185,45.248958545685426,46.03198037337447,"tensor([[0.5000]], dtype=torch.float64)",tensor([-255]),['n']
17.0,42.18164540126405,17.09512766605022,17.061474303613245,"tensor([[0.5000]], dtype=torch.float64)",tensor([-255]),['n']
57.0,57.44245292333699,56.801429888667045,56.83646056127231,"tensor([[0.5000]], dtype=torch.float64)",tensor([-255]),['n']
2.0,2.1627774644416577,1.818354305880274,2.0365250403061337,"tensor([[0.5000]], dtype=torch.float64)",tensor([-255]),['n']
28.0,30.66735371457305,28.30711487418301,28.53368374789785,"tensor([[0.5000]], dtype=torch.float64)",tensor([-255]),['s']
69.0,0.2298626857503156,68.8858026640533,68.79618624275467,"tensor([[0.5000]], dtype=torch.float64)",tensor([-255]),['s']
28.0,27.233681986292822,28.239274717446122,28.016454854250068,"tensor([[0.5000]], dtype=torch.float64)",tensor([-255]),['s']
13.0,12.72732295132765,12.700512182011016,13.209859746211361,"tensor([[0.5000]], dtype=torch.float64)",tensor([-255]),['s']
29.0,27.14983213377885,29.073273883258242,29.14261576618585,"tensor([[0.5000]], dtype=torch.float64)",tensor([-255]),['n']
9.0,5.261160406031266,9.236785535667938,8.826183473705102,"tensor([[0.5000]], dtype=torch.float64)",tensor([-255]),['n']
55.0,51.516865382602155,55.013956686142095,55.01708465486,"tensor([[0.5000]], dtype=torch.float64)",tensor([-255]),['s']
35.0,39.337132393558434,34.88519606404435,33.620777997710505,"tensor([[0.5000]], dtype=torch.float64)",tensor([-255]),['n']
26.0,23.54514375508093,25.892836456339793,24.023772825942178,"tensor([[0.5000]], dtype=torch.float64)",tensor([-255]),['s']
6.0,9.172117412159608,6.0168108890355105,6.0324768204945105,"tensor([[0.5000]], dtype=torch.float64)",tensor([-255]),['s']
8.0,6.25427033317342,7.891355848902104,8.049584312270232,"tensor([[0.5000]], dtype=torch.float64)",tensor([-255]),['n']
51.0,51.67087520371827,50.9497611093221,51.36522335392726,"tensor([[0.5000]], dtype=torch.float64)",tensor([-255]),['s']
54.0,28.372353195783376,53.88510076874686,53.99490775282447,"tensor([[0.5000]], dtype=torch.float64)",tensor([-255]),['s']
35.0,34.64548261382249,35.478045823932696,34.90775495660443,"tensor([[0.5000]], dtype=torch.float64)",tensor([-255]),['s']
67.0,64.60996133115822,65.26278621401691,66.02267283863944,"tensor([[0.5000]], dtype=torch.float64)",tensor([-255]),['s']
66.0,63.7654357390321,65.55933082335068,65.43404688053087,"tensor([[0.5000]], dtype=torch.float64)",tensor([-255]),['n']
27.0,25.987417349146355,26.90275579764313,26.78420204857695,"tensor([[0.5000]], dtype=torch.float64)",tensor([-255]),['s']
71.0,67.43387079550962,70.3756082896693,70.59383851373175,"tensor([[0.5000]], dtype=torch.float64)",tensor([-255]),['s']
19.0,19.688597533684025,18.960815632169354,18.99507209154825,"tensor([[0.5000]], dtype=torch.float64)",tensor([-255]),['n']
53.0,54.86203096400912,53.17369101575849,53.15287788103814,"tensor([[0.5000]], dtype=torch.float64)",tensor([-255]),['s']
38.0,35.79265420259086,38.18706637581636,38.16426495070437,"tensor([[0.5000]], dtype=torch.float64)",tensor([-255]),['s']
10.0,10.76837004134103,10.456965319628342,10.177893676386129,"tensor([[0.5000]], dtype=torch.float64)",tensor([-255]),['n']
43.0,40.78334266300102,43.54022286391016,43.292873602940325,"tensor([[0.5000]], dtype=torch.float64)",tensor([-255]),['s']
62.0,62.08025297539761,61.27233844773672,61.03308203595041,"tensor([[0.5000]], dtype=torch.float64)",tensor([-255]),['n']
60.0,61.13005054501542,59.466685799396124,59.371053825380265,"tensor([[0.5000]], dtype=torch.float64)",tensor([-255]),['n']
2.0,2.828961524162904,1.9255978404618095,2.0413221037393514,"tensor([[0.5000]], dtype=torch.float64)",tensor([-255]),['s']
26.0,24.248318797691038,25.244826064153965,24.42481386810159,"tensor([[0.5000]], dtype=torch.float64)",tensor([-255]),['s']
2.0,2.5545378519348745,1.8349158589727812,2.055745003826771,"tensor([[0.5000]], dtype=torch.float64)",tensor([-255]),['s']
12.0,10.889183432936141,12.38762563766414,12.777820698182346,"tensor([[0.5000]], dtype=torch.float64)",tensor([-255]),['n']
35.0,32.7707757432949,34.449360871613464,34.38305552456156,"tensor([[0.5000]], dtype=torch.float64)",tensor([-255]),['s']
47.0,45.83254048831934,47.27505726452133,47.237395341674535,"tensor([[0.5000]], dtype=torch.float64)",tensor([-255]),['s']
67.0,68.25170926897702,66.41200063909747,66.36423936117495,"tensor([[0.5000]], dtype=torch.float64)",tensor([-255]),['s']
6.0,69.8403326123759,6.017928602424841,6.080705417214094,"tensor([[0.5000]], dtype=torch.float64)",tensor([-255]),['n']
65.0,58.945734388622995,64.22009807075662,64.05649603867062,"tensor([[0.5000]], dtype=torch.float64)",tensor([-255]),['n']
35.0,34.87346133507481,35.104140789505266,35.23239028745681,"tensor([[0.5000]], dtype=torch.float64)",tensor([-255]),['s']
10.0,11.061940259467066,10.243773004049567,11.989137879634681,"tensor([[0.5000]], dtype=torch.float64)",tensor([-255]),['n']
34.0,44.4776314339222,34.18281674931557,34.34999128276853,"tensor([[0.5000]], dtype=torch.float64)",tensor([-255]),['n']
45.0,45.15820884570098,45.69152237322498,48.19785744282211,"tensor([[0.5000]], dtype=torch.float64)",tensor([-255]),['s']
17.0,18.532858057338764,17.02430672533358,16.999143312770286,"tensor([[0.5000]], dtype=torch.float64)",tensor([-255]),['n']
18.0,19.071566885461543,18.028990754189515,18.024711645137046,"tensor([[0.5000]], dtype=torch.float64)",tensor([-255]),['s']
33.0,29.17425827578396,32.66338727391663,32.11870331026548,"tensor([[0.5000]], dtype=torch.float64)",tensor([-255]),['s']
23.0,38.721471408630535,22.63748246750537,22.557745860245284,"tensor([[0.5000]], dtype=torch.float64)",tensor([-255]),['n']
34.0,37.03320412866584,34.351607315773414,34.18979501101375,"tensor([[0.5000]], dtype=torch.float64)",tensor([-255]),['s']
6.0,70.2446039120491,6.251664867069451,6.7898161654664815,"tensor([[0.5000]], dtype=torch.float64)",tensor([-255]),['s']
62.0,60.73358536717629,61.40572260698936,61.41295769234793,"tensor([[0.5000]], dtype=torch.float64)",tensor([-255]),['n']
37.0,33.09795988464704,37.01117250300131,36.90026562098648,"tensor([[0.5000]], dtype=torch.float64)",tensor([-255]),['s']
65.0,63.09778316574036,62.60488335165975,64.05402672929249,"tensor([[0.5000]], dtype=torch.float64)",tensor([-255]),['s']
5.0,12.35698695630544,4.733689429907801,6.192013599211854,"tensor([[0.5000]], dtype=torch.float64)",tensor([-255]),['s']
10.0,10.987814633998756,10.832378301650639,10.991381537439041,"tensor([[0.5000]], dtype=torch.float64)",tensor([-255]),['n']
71.0,0.9048983625802696,71.0,0.0,"tensor([[0.5000]], dtype=torch.float64)",tensor([-255]),['n']
61.0,62.264934375781095,60.03985666418813,58.27756451975172,"tensor([[0.5000]], dtype=torch.float64)",tensor([-255]),['n']
14.0,12.895452289668494,14.082774554878027,14.043677508666676,"tensor([[0.5000]], dtype=torch.float64)",tensor([-255]),['n']
2.0,70.8966579107072,1.699074319454285,1.841435894970095,"tensor([[0.5000]], dtype=torch.float64)",tensor([-255]),['s']
39.0,38.1395634050835,39.08184085737307,39.67551477279495,"tensor([[0.5000]], dtype=torch.float64)",tensor([-255]),['n']
26.0,27.990217936284832,25.20894444663962,25.257606577537885,"tensor([[0.5000]], dtype=torch.float64)",tensor([-255]),['s']
10.0,10.285475410280187,10.170021318175229,10.487431062002061,"tensor([[0.5000]], dtype=torch.float64)",tensor([-255]),['n']
7.0,9.781370451293231,6.355006401672101,6.145554164906339,"tensor([[0.5000]], dtype=torch.float64)",tensor([-255]),['n']
41.0,42.20347011842699,42.1361135038843,41.84600806932531,"tensor([[0.5000]], dtype=torch.float64)",tensor([-255]),['s']
44.0,43.77197460638871,46.09147564885004,45.866998335113095,"tensor([[0.5000]], dtype=torch.float64)",tensor([-255]),['s']
25.0,24.279527420145136,24.980402737502068,24.81984760753812,"tensor([[0.5000]], dtype=torch.float64)",tensor([-255]),['n']
15.0,15.668338182172414,14.684653198064577,14.907671259693041,"tensor([[0.5000]], dtype=torch.float64)",tensor([-255]),['s']
29.0,34.4293368215487,22.773597640238155,28.84707510991199,"tensor([[0.5000]], dtype=torch.float64)",tensor([-255]),['s']
25.0,38.808834249659085,24.898504213979628,24.209022183999,"tensor([[0.5000]], dtype=torch.float64)",tensor([-255]),['n']
62.0,1.9207605052734709,61.64386097684168,60.52284948447202,"tensor([[0.5000]], dtype=torch.float64)",tensor([-255]),['s']
21.0,22.375395768182116,21.10391521733607,21.02483994460113,"tensor([[0.5000]], dtype=torch.float64)",tensor([-255]),['s']
24.0,28.469950403779368,24.080694196386784,23.816991195377984,"tensor([[0.5000]], dtype=torch.float64)",tensor([-255]),['s']
8.0,14.990744064230288,7.661685707011227,7.901108238256715,"tensor([[0.5000]], dtype=torch.float64)",tensor([-255]),['s']
11.0,11.467562351859616,11.919001826902663,11.900171400222048,"tensor([[0.5000]], dtype=torch.float64)",tensor([-255]),['n']
2.0,2.1953745392384065,1.688048593145917,2.512017467325658,"tensor([[0.5000]], dtype=torch.float64)",tensor([-255]),['s']
12.0,57.048703633317814,12.303656332427673,12.903725301105123,"tensor([[0.5000]], dtype=torch.float64)",tensor([-255]),['s']
31.0,33.11857898240679,30.97227376325616,30.38613618334374,"tensor([[0.5000]], dtype=torch.float64)",tensor([-255]),['s']
33.0,29.052642218719043,33.06050918610541,32.468839765815694,"tensor([[0.5000]], dtype=torch.float64)",tensor([-255]),['n']
27.0,27.122236269401448,26.93391173825151,26.95765181505077,"tensor([[0.5000]], dtype=torch.float64)",tensor([-255]),['s']
60.0,2.848827012700533,59.33447209809832,59.11514377683538,"tensor([[0.5000]], dtype=torch.float64)",tensor([-255]),['n']
49.0,28.920121589072505,49.26847433860138,49.34201116232477,"tensor([[0.5000]], dtype=torch.float64)",tensor([-255]),['s']
25.0,33.574471584895434,24.831693264477625,24.887836750781872,"tensor([[0.5000]], dtype=torch.float64)",tensor([-255]),['s']
21.0,21.818478489650857,21.047559242809875,21.023578440630924,"tensor([[0.5000]], dtype=torch.float64)",tensor([-255]),['n']
48.0,46.363143287488924,49.442823133499104,49.383194941664634,"tensor([[0.5000]], dtype=torch.float64)",tensor([-255]),['s']
22.0,25.111432872224817,21.955037032543558,21.98052691697807,"tensor([[0.5000]], dtype=torch.float64)",tensor([-255]),['n']
8.0,6.984929371625983,7.899526188927118,8.102035463380805,"tensor([[0.5000]], dtype=torch.float64)",tensor([-255]),['n']
18.0,53.84358804134575,18.041438496685533,18.021710641714318,"tensor([[0.5000]], dtype=torch.float64)",tensor([-255]),['s']
30.0,32.266889441116234,29.486680262190628,27.981329246433518,"tensor([[0.5000]], dtype=torch.float64)",tensor([-255]),['n']
21.0,23.948174484423774,21.096494611950636,20.86024270754728,"tensor([[0.5000]], dtype=torch.float64)",tensor([-255]),['s']
10.0,12.13360119031644,9.092894428534802,9.86589265489741,"tensor([[0.5000]], dtype=torch.float64)",tensor([-255]),['s']
55.0,54.020059799450635,54.86910696582967,54.947108536470495,"tensor([[0.5000]], dtype=torch.float64)",tensor([-255]),['s']
39.0,35.66702231878506,39.2484725197879,39.509411114103834,"tensor([[0.5000]], dtype=torch.float64)",tensor([-255]),['s']
48.0,46.04470481521549,48.68245282513165,49.09227302903772,"tensor([[0.5000]], dtype=torch.float64)",tensor([-255]),['n']
45.0,42.10291949064067,45.62214966025665,45.814893319929354,"tensor([[0.5000]], dtype=torch.float64)",tensor([-255]),['n']
71.0,67.34210714898313,70.94719102975908,70.90732475094666,"tensor([[0.5000]], dtype=torch.float64)",tensor([-255]),['s']
29.0,29.760976310297924,29.393892587024304,29.014074497291432,"tensor([[0.5000]], dtype=torch.float64)",tensor([-255]),['n']
11.0,11.196436717183976,10.959465425046607,11.178668928723493,"tensor([[0.5000]], dtype=torch.float64)",tensor([-255]),['n']
8.0,8.594803999232731,7.516742981479944,7.616153934264524,"tensor([[0.5000]], dtype=torch.float64)",tensor([-255]),['n']
66.0,66.57671312992937,65.14449690169579,64.67563637386908,"tensor([[0.5000]], dtype=torch.float64)",tensor([-255]),['s']
43.0,43.425745082951735,43.5917604704464,43.807199771839606,"tensor([[0.5000]], dtype=torch.float64)",tensor([-255]),['s']
24.0,23.77957520829233,24.0357545365948,24.036396705802968,"tensor([[0.5000]], dtype=torch.float64)",tensor([-255]),['n']
54.0,56.77607223182614,54.176866837219514,53.965381405030435,"tensor([[0.5000]], dtype=torch.float64)",tensor([-255]),['s']
0.0,68.35275580557929,0.744824014016232,0.0,"tensor([[0.5000]], dtype=torch.float64)",tensor([-255]),['s']
53.0,30.901416744468158,53.2657723769765,53.09311969299364,"tensor([[0.5000]], dtype=torch.float64)",tensor([-255]),['s']
63.0,63.638732335354774,62.649796258131374,62.454811866556206,"tensor([[0.5000]], dtype=torch.float64)",tensor([-255]),['n']
12.0,9.820730805305697,11.649480794486248,12.041073736006012,"tensor([[0.5000]], dtype=torch.float64)",tensor([-255]),['n']
68.0,69.92200489187465,68.06140992107623,68.09744908524694,"tensor([[0.5000]], dtype=torch.float64)",tensor([-255]),['n']
62.0,61.367179558876124,60.95237863721548,60.938596823627144,"tensor([[0.5000]], dtype=torch.float64)",tensor([-255]),['s']
1.0,8.823077870520445,0.8456668031994343,1.0671171784861884,"tensor([[0.5000]], dtype=torch.float64)",tensor([-255]),['s']
59.0,59.72384312711007,58.808085020851394,58.69144925726105,"tensor([[0.5000]], dtype=torch.float64)",tensor([-255]),['s']
30.0,30.767648581583998,30.21818335978924,29.892839501551883,"tensor([[0.5000]], dtype=torch.float64)",tensor([-255]),['s']
48.0,31.623014501948553,48.58942100987023,48.74928773043129,"tensor([[0.5000]], dtype=torch.float64)",tensor([-255]),['n']
63.0,64.05180091669999,62.692935977030146,62.64719945784203,"tensor([[0.5000]], dtype=torch.float64)",tensor([-255]),['n']
49.0,49.72369074000634,48.92772230718455,49.860830238734536,"tensor([[0.5000]], dtype=torch.float64)",tensor([-255]),['s']
0.0,3.0170793660432276,0.0,0.0,"tensor([[0.5000]], dtype=torch.float64)",tensor([-255]),['n']
0.0,2.2498324280628177,0.20336929079249105,0.02921343943280123,"tensor([[0.5000]], dtype=torch.float64)",tensor([-255]),['s']
57.0,57.95577486134228,56.50661845034972,56.22158616117842,"tensor([[0.5000]], dtype=torch.float64)",tensor([-255]),['n']
70.0,66.4655246814716,70.0294468045874,70.23119880285869,"tensor([[0.5000]], dtype=torch.float64)",tensor([-255]),['n']
43.0,36.3399502683378,43.22758469208831,47.848846413002306,"tensor([[0.5000]], dtype=torch.float64)",tensor([-255]),['s']
0.0,69.2003351491185,0.0,0.0,"tensor([[0.5000]], dtype=torch.float64)",tensor([-255]),['s']
41.0,43.31224539813278,41.62766563998445,41.161698117273154,"tensor([[0.5000]], dtype=torch.float64)",tensor([-255]),['s']
3.0,62.11869048830586,2.639871339270276,2.6332817283146523,"tensor([[0.5000]], dtype=torch.float64)",tensor([-255]),['n']
39.0,43.77049594669368,39.98859426730829,39.248784752497386,"tensor([[0.5000]], dtype=torch.float64)",tensor([-255]),['s']
45.0,46.205487668545715,46.98329754186801,46.10710882353366,"tensor([[0.5000]], dtype=torch.float64)",tensor([-255]),['s']
14.0,15.714538027166672,14.07697147484133,14.19099556478912,"tensor([[0.5000]], dtype=torch.float64)",tensor([-255]),['n']
56.0,28.919399944116492,55.94126347652191,55.89737822770677,"tensor([[0.5000]], dtype=torch.float64)",tensor([-255]),['s']
64.0,1.5238562090270968,63.61120742223478,61.10867743632913,"tensor([[0.5000]], dtype=torch.float64)",tensor([-255]),['n']
40.0,40.19933369569675,40.54537024182613,40.520557370720624,"tensor([[0.5000]], dtype=torch.float64)",tensor([-255]),['n']
19.0,52.81497479528967,19.225586031619642,19.079241623570592,"tensor([[0.5000]], dtype=torch.float64)",tensor([-255]),['s']
27.0,25.044229981015974,27.248090224400894,26.915772878375336,"tensor([[0.5000]], dtype=torch.float64)",tensor([-255]),['n']
58.0,55.98277289502728,57.83663135761967,57.904448023846925,"tensor([[0.5000]], dtype=torch.float64)",tensor([-255]),['n']
19.0,23.434354337854145,19.198077954900143,19.03659572785876,"tensor([[0.5000]], dtype=torch.float64)",tensor([-255]),['s']
10.0,70.94081411741585,10.147429735003412,10.117585247921909,"tensor([[0.5000]], dtype=torch.float64)",tensor([-255]),['n']
37.0,36.43758369922248,36.955880081662144,37.18874499502755,"tensor([[0.5000]], dtype=torch.float64)",tensor([-255]),['n']
32.0,28.489668316948393,31.934238004855953,31.98766288181113,"tensor([[0.5000]], dtype=torch.float64)",tensor([-255]),['s']
66.0,70.69337596650375,65.45003879751499,65.21991281413689,"tensor([[0.5000]], dtype=torch.float64)",tensor([-255]),['n']
39.0,38.599140258491914,39.28995706452572,38.79633214868927,"tensor([[0.5000]], dtype=torch.float64)",tensor([-255]),['s']
39.0,42.29564226158995,39.11839028760163,39.38353370051238,"tensor([[0.5000]], dtype=torch.float64)",tensor([-255]),['n']
7.0,5.7128990303194005,7.376279477877656,7.415268151971506,"tensor([[0.5000]], dtype=torch.float64)",tensor([-255]),['n']
13.0,9.900632178224782,13.10509744347752,13.087645041307349,"tensor([[0.5000]], dtype=torch.float64)",tensor([-255]),['s']
44.0,36.370837894106344,44.26652155716182,44.184105805542714,"tensor([[0.5000]], dtype=torch.float64)",tensor([-255]),['n']
24.0,58.47663653210897,23.933418531735775,23.929882658216275,"tensor([[0.5000]], dtype=torch.float64)",tensor([-255]),['s']
58.0,62.68775310126192,57.10770216256721,57.17145262476027,"tensor([[0.5000]], dtype=torch.float64)",tensor([-255]),['s']
13.0,67.10397851330416,12.743064178684039,12.990940145793804,"tensor([[0.5000]], dtype=torch.float64)",tensor([-255]),['n']
28.0,27.643844421345996,27.7843331061216,27.62089988390754,"tensor([[0.5000]], dtype=torch.float64)",tensor([-255]),['n']
61.0,61.23811228086796,59.894474408462976,59.96209407273161,"tensor([[0.5000]], dtype=torch.float64)",tensor([-255]),['s']
38.0,44.96741149404904,38.05460389312444,38.31220596492723,"tensor([[0.5000]], dtype=torch.float64)",tensor([-255]),['n']
68.0,68.40309832950473,67.79247577162688,64.20020809552399,"tensor([[0.5000]], dtype=torch.float64)",tensor([-255]),['s']
32.0,31.10193345928127,31.709220234358465,32.92711651047204,"tensor([[0.5000]], dtype=torch.float64)",tensor([-255]),['s']
29.0,29.28551687695453,29.460522628316706,29.31513422859817,"tensor([[0.5000]], dtype=torch.float64)",tensor([-255]),['s']
58.0,56.17985230429452,57.988811144338655,57.61897944940144,"tensor([[0.5000]], dtype=torch.float64)",tensor([-255]),['s']
6.0,63.6781148860715,6.015985485165245,6.5297318550640995,"tensor([[0.5000]], dtype=torch.float64)",tensor([-255]),['n']
55.0,54.16798901169826,54.97828366540542,55.00833707804468,"tensor([[0.5000]], dtype=torch.float64)",tensor([-255]),['n']
58.0,58.417719722643504,57.74928325633207,57.591078436712,"tensor([[0.5000]], dtype=torch.float64)",tensor([-255]),['n']
29.0,29.28307564734388,28.138115896055634,28.674767107589833,"tensor([[0.5000]], dtype=torch.float64)",tensor([-255]),['s']
18.0,15.846863459582758,18.021431835692034,17.98473565905833,"tensor([[0.5000]], dtype=torch.float64)",tensor([-255]),['s']
19.0,18.960179816285248,18.37459360388034,18.522934406475244,"tensor([[0.5000]], dtype=torch.float64)",tensor([-255]),['s']
44.0,44.936940107994644,44.296423980184706,45.59464546520927,"tensor([[0.5000]], dtype=torch.float64)",tensor([-255]),['s']
45.0,45.87335342390898,45.38868155422297,45.80336394923156,"tensor([[0.5000]], dtype=torch.float64)",tensor([-255]),['n']
32.0,32.11947046030344,32.27072021838347,29.86164757700023,"tensor([[0.5000]], dtype=torch.float64)",tensor([-255]),['n']
18.0,18.641299346622876,18.054956428923624,18.047986292276374,"tensor([[0.5000]], dtype=torch.float64)",tensor([-255]),['n']
42.0,43.24855814447078,42.550757873429426,42.70973215490278,"tensor([[0.5000]], dtype=torch.float64)",tensor([-255]),['n']
43.0,42.04426008815449,43.82469379252207,43.87208221239446,"tensor([[0.5000]], dtype=torch.float64)",tensor([-255]),['s']
71.0,4.475275595256529,10.926652887925943,71.0,"tensor([[0.5000]], dtype=torch.float64)",tensor([-255]),['s']
43.0,46.04162064828496,43.488010032649065,43.89320820262284,"tensor([[0.5000]], dtype=torch.float64)",tensor([-255]),['s']
44.0,47.04600964307559,44.873381775898416,45.79976575661105,"tensor([[0.5000]], dtype=torch.float64)",tensor([-255]),['n']
26.0,29.786796744411042,25.557110048619798,24.609413297999584,"tensor([[0.5000]], dtype=torch.float64)",tensor([-255]),['s']
4.0,1.9833512688599564,3.7364733442796694,3.5896559982304286,"tensor([[0.5000]], dtype=torch.float64)",tensor([-255]),['s']
27.0,27.370110607178578,27.18730627373663,26.69865095096434,"tensor([[0.5000]], dtype=torch.float64)",tensor([-255]),['s']
50.0,48.63174279979933,50.61559826768088,50.59958579771595,"tensor([[0.5000]], dtype=torch.float64)",tensor([-255]),['s']
34.0,32.291094964313096,34.278182287714124,34.21027242119575,"tensor([[0.5000]], dtype=torch.float64)",tensor([-255]),['s']
51.0,29.877380993799882,51.22880410595695,51.311425955554675,"tensor([[0.5000]], dtype=torch.float64)",tensor([-255]),['s']
10.0,8.93135460117468,9.873474889509911,9.76429058246624,"tensor([[0.5000]], dtype=torch.float64)",tensor([-255]),['s']
31.0,29.956017782222972,26.81822702319161,28.79259215055789,"tensor([[0.5000]], dtype=torch.float64)",tensor([-255]),['s']
48.0,42.927311906263654,48.82811375647187,49.19548033728103,"tensor([[0.5000]], dtype=torch.float64)",tensor([-255]),['n']
69.0,2.3827962744953144,68.6116333128115,68.27102784579259,"tensor([[0.5000]], dtype=torch.float64)",tensor([-255]),['s']
57.0,58.913300019993954,56.686544103192325,56.165641857010456,"tensor([[0.5000]], dtype=torch.float64)",tensor([-255]),['s']
38.0,37.03889276342183,38.14046560138322,38.1190641822666,"tensor([[0.5000]], dtype=torch.float64)",tensor([-255]),['s']
60.0,61.04333561420788,59.164014628121144,59.2444073532218,"tensor([[0.5000]], dtype=torch.float64)",tensor([-255]),['s']
12.0,19.97287302564623,12.058692881919038,12.031362374600661,"tensor([[0.5000]], dtype=torch.float64)",tensor([-255]),['n']
17.0,54.76808884900994,17.173644802827667,17.014184448291484,"tensor([[0.5000]], dtype=torch.float64)",tensor([-255]),['s']
9.0,9.618560371465037,8.904495514926374,9.569115378319802,"tensor([[0.5000]], dtype=torch.float64)",tensor([-255]),['n']
16.0,14.137202327507689,15.908951898562323,15.94543802882251,"tensor([[0.5000]], dtype=torch.float64)",tensor([-255]),['s']
42.0,44.87278992669323,42.37155016103884,42.64753424633873,"tensor([[0.5000]], dtype=torch.float64)",tensor([-255]),['n']
49.0,48.63943780050911,49.56742831791966,49.69822437549359,"tensor([[0.5000]], dtype=torch.float64)",tensor([-255]),['s']
69.0,67.09089605942704,68.39005994961262,68.2738830270271,"tensor([[0.5000]], dtype=torch.float64)",tensor([-255]),['n']
27.0,27.270855394138746,26.249718724739445,25.726875667171125,"tensor([[0.5000]], dtype=torch.float64)",tensor([-255]),['s']
66.0,67.30585395545944,65.30339223367605,64.71143437763332,"tensor([[0.5000]], dtype=torch.float64)",tensor([-255]),['s']
14.0,13.622199555304473,14.60256000821722,14.300796239062244,"tensor([[0.5000]], dtype=torch.float64)",tensor([-255]),['n']
13.0,12.328359771442283,13.443196381858447,13.231002918970743,"tensor([[0.5000]], dtype=torch.float64)",tensor([-255]),['s']
7.0,9.918127857199192,6.775447732900059,6.905819747636944,"tensor([[0.5000]], dtype=torch.float64)",tensor([-255]),['n']
4.0,6.211079572447205,4.487077752383689,4.195493215723325,"tensor([[0.5000]], dtype=torch.float64)",tensor([-255]),['s']
35.0,37.548849893803286,35.02868348200195,35.02250333307768,"tensor([[0.5000]], dtype=torch.float64)",tensor([-255]),['n']
30.0,33.19777863250202,30.237232316164366,29.99022568628332,"tensor([[0.5000]], dtype=torch.float64)",tensor([-255]),['n']
42.0,42.79204868628055,43.462466877264305,43.13447814403501,"tensor([[0.5000]], dtype=torch.float64)",tensor([-255]),['s']
12.0,10.895914118014275,12.27290367728726,12.241273798778492,"tensor([[0.5000]], dtype=torch.float64)",tensor([-255]),['s']
18.0,16.93758389302,18.132454723069923,18.028676779651704,"tensor([[0.5000]], dtype=torch.float64)",tensor([-255]),['n']
42.0,40.485891864494384,42.36360927333648,42.21065245587614,"tensor([[0.5000]], dtype=torch.float64)",tensor([-255]),['s']
26.0,30.14392680588857,26.32794880570032,25.517694139394585,"tensor([[0.5000]], dtype=torch.float64)",tensor([-255]),['n']
25.0,34.9510563071577,25.10223200156494,24.599685828465663,"tensor([[0.5000]], dtype=torch.float64)",tensor([-255]),['n']
64.0,63.74835629089482,63.46800827178367,61.96635887126818,"tensor([[0.5000]], dtype=torch.float64)",tensor([-255]),['n']
31.0,35.37351570155342,31.018712291656225,30.788091955674087,"tensor([[0.5000]], dtype=torch.float64)",tensor([-255]),['s']
71.0,1.1210544794820871,70.72898092508613,70.89749636394211,"tensor([[0.5000]], dtype=torch.float64)",tensor([-255]),['n']
36.0,36.15944822343686,36.083925216772435,36.51986376844393,"tensor([[0.5000]], dtype=torch.float64)",tensor([-255]),['n']
64.0,64.88412402720195,61.25557399163923,62.16914522217655,"tensor([[0.5000]], dtype=torch.float64)",tensor([-255]),['s']
55.0,59.097736777821424,54.88357988105606,54.916205893066504,"tensor([[0.5000]], dtype=torch.float64)",tensor([-255]),['n']
52.0,8.903243811024101,52.20473663445555,52.10450006524112,"tensor([[0.5000]], dtype=torch.float64)",tensor([-255]),['n']
42.0,40.70488677478248,42.312226620327294,43.174272920296424,"tensor([[0.5000]], dtype=torch.float64)",tensor([-255]),['s']
39.0,37.63860602067466,38.98559945104247,39.39386762156791,"tensor([[0.5000]], dtype=torch.float64)",tensor([-255]),['n']
62.0,62.376586311808694,59.69136045717072,59.87806329939639,"tensor([[0.5000]], dtype=torch.float64)",tensor([-255]),['n']
3.0,3.2452071899187707,3.1202706474748414,3.2660264220725055,"tensor([[0.5000]], dtype=torch.float64)",tensor([-255]),['n']
7.0,5.363282768895088,6.529915701394626,6.159950978010512,"tensor([[0.5000]], dtype=torch.float64)",tensor([-255]),['n']
63.0,66.25372011576366,62.588287966744055,62.23563028857506,"tensor([[0.5000]], dtype=torch.float64)",tensor([-255]),['s']
18.0,20.6979995611144,17.95800877452257,17.965710453172363,"tensor([[0.5000]], dtype=torch.float64)",tensor([-255]),['n']
54.0,29.22986033773987,54.0241870743358,54.01125790907317,"tensor([[0.5000]], dtype=torch.float64)",tensor([-255]),['n']
38.0,40.00068388198903,37.66243691620541,37.8543607668756,"tensor([[0.5000]], dtype=torch.float64)",tensor([-255]),['s']
17.0,66.17371735124829,17.196271571909627,17.123097737484624,"tensor([[0.5000]], dtype=torch.float64)",tensor([-255]),['n']
39.0,38.12392321950876,39.286221321495184,39.75610871738883,"tensor([[0.5000]], dtype=torch.float64)",tensor([-255]),['s']
15.0,15.037336376194146,15.227240912541257,15.289241577260054,"tensor([[0.5000]], dtype=torch.float64)",tensor([-255]),['n']
37.0,39.1131346121942,37.20034106814509,37.214025672812035,"tensor([[0.5000]], dtype=torch.float64)",tensor([-255]),['s']
16.0,19.12473333517601,15.942734698490534,16.122568560463673,"tensor([[0.5000]], dtype=torch.float64)",tensor([-255]),['s']
35.0,29.926278200786484,35.25060093715586,33.950401934475295,"tensor([[0.5000]], dtype=torch.float64)",tensor([-255]),['n']
30.0,33.284231165976564,30.772104834831453,30.26397025535434,"tensor([[0.5000]], dtype=torch.float64)",tensor([-255]),['n']
28.0,27.751125594925774,28.28205147884536,27.87392628666415,"tensor([[0.5000]], dtype=torch.float64)",tensor([-255]),['n']
17.0,16.075800039174936,16.90862234108316,16.969208931883536,"tensor([[0.5000]], dtype=torch.float64)",tensor([-255]),['n']
68.0,70.20210556220852,67.68704802193146,67.52957193888899,"tensor([[0.5000]], dtype=torch.float64)",tensor([-255]),['n']
59.0,57.3521330996923,58.816304469864896,58.18116135781112,"tensor([[0.5000]], dtype=torch.float64)",tensor([-255]),['s']
34.0,33.40111002181514,33.87451264177066,33.842724655222064,"tensor([[0.5000]], dtype=torch.float64)",tensor([-255]),['n']
33.0,30.12345423923727,33.245234858105505,32.93318553119373,"tensor([[0.5000]], dtype=torch.float64)",tensor([-255]),['n']
71.0,4.37397956268867,70.77035777963435,71.0,"tensor([[0.5000]], dtype=torch.float64)",tensor([-255]),['s']
2.0,1.9168745954118822,2.1412093386760938,2.602281666194032,"tensor([[0.5000]], dtype=torch.float64)",tensor([-255]),['s']
34.0,33.07733705415882,26.07003141697765,34.06982629552656,"tensor([[0.5000]], dtype=torch.float64)",tensor([-255]),['s']
36.0,36.01142398175496,36.072303204806545,35.950533324127036,"tensor([[0.5000]], dtype=torch.float64)",tensor([-255]),['n']
64.0,63.63241232364018,63.416295392418796,63.469989703956884,"tensor([[0.5000]], dtype=torch.float64)",tensor([-255]),['s']
14.0,13.918347240183088,14.017316077615856,14.80470296932962,"tensor([[0.5000]], dtype=torch.float64)",tensor([-255]),['n']
34.0,38.89265754069612,34.1018316961187,34.090365635443426,"tensor([[0.5000]], dtype=torch.float64)",tensor([-255]),['n']
35.0,34.69188344537444,35.25422359438232,35.83424070882878,"tensor([[0.5000]], dtype=torch.float64)",tensor([-255]),['s']
63.0,62.17977678534166,62.20551951391182,62.12446439714312,"tensor([[0.5000]], dtype=torch.float64)",tensor([-255]),['s']
47.0,46.22225501421889,46.96190385034759,47.59420714633172,"tensor([[0.5000]], dtype=torch.float64)",tensor([-255]),['s']
14.0,13.010008562774518,14.372541833748988,14.876907919953593,"tensor([[0.5000]], dtype=torch.float64)",tensor([-255]),['s']
2.0,70.25328225584923,1.5010636052217206,1.5578339885786092,"tensor([[0.5000]], dtype=torch.float64)",tensor([-255]),['s']
5.0,61.307185328795924,5.635677282603113,6.168022809434427,"tensor([[0.5000]], dtype=torch.float64)",tensor([-255]),['s']
48.0,49.63973586305535,48.289629801301935,48.16375033919825,"tensor([[0.5000]], dtype=torch.float64)",tensor([-255]),['s']
35.0,32.23754036295726,35.20335422327558,35.08007704427351,"tensor([[0.5000]], dtype=torch.float64)",tensor([-255]),['s']
9.0,69.79177875987668,9.038754345762431,9.081617893414231,"tensor([[0.5000]], dtype=torch.float64)",tensor([-255]),['s']
39.0,36.684848250269795,39.050323887559344,39.48203446568221,"tensor([[0.5000]], dtype=torch.float64)",tensor([-255]),['n']
51.0,19.254102926951646,51.25501392582097,51.12458429616486,"tensor([[0.5000]], dtype=torch.float64)",tensor([-255]),['n']
34.0,33.088526419544664,34.39544074088634,34.74388579630406,"tensor([[0.5000]], dtype=torch.float64)",tensor([-255]),['n']
27.0,30.80591116700674,26.516474277335977,26.011453526202693,"tensor([[0.5000]], dtype=torch.float64)",tensor([-255]),['s']
58.0,58.39275881816502,57.83811748427603,57.347441134971334,"tensor([[0.5000]], dtype=torch.float64)",tensor([-255]),['s']
30.0,31.783804946348553,29.859735519907087,30.044961423393108,"tensor([[0.5000]], dtype=torch.float64)",tensor([-255]),['s']
51.0,7.934257032036697,51.23161665849512,51.802776569610195,"tensor([[0.5000]], dtype=torch.float64)",tensor([-255]),['n']
58.0,60.2762666914864,57.13856786663938,56.882445785658234,"tensor([[0.5000]], dtype=torch.float64)",tensor([-255]),['s']
23.0,22.020508213294143,23.47115750571798,23.694244871668186,"tensor([[0.5000]], dtype=torch.float64)",tensor([-255]),['n']
35.0,34.17194681106409,35.31282459512199,35.253438464008475,"tensor([[0.5000]], dtype=torch.float64)",tensor([-255]),['s']
19.0,63.76500023767821,20.061770240436065,19.09214989542403,"tensor([[0.5000]], dtype=torch.float64)",tensor([-255]),['s']
65.0,65.19338731250986,64.07338434162476,64.20803502392353,"tensor([[0.5000]], dtype=torch.float64)",tensor([-255]),['s']
63.0,63.72651038857228,62.64805165867293,62.33765116330772,"tensor([[0.5000]], dtype=torch.float64)",tensor([-255]),['s']
58.0,58.24253754692933,57.7518363971579,57.583479912025545,"tensor([[0.5000]], dtype=torch.float64)",tensor([-255]),['s']
57.0,56.16003814803942,56.472730816214266,56.78464581406284,"tensor([[0.5000]], dtype=torch.float64)",tensor([-255]),['s']
43.0,34.96744853189017,43.27575489685378,42.87265210108346,"tensor([[0.5000]], dtype=torch.float64)",tensor([-255]),['n']
0.0,64.26261033866665,0.3342412189798593,0.3470356409858842,"tensor([[0.5000]], dtype=torch.float64)",tensor([-255]),['s']
7.0,7.193072460165714,7.8633696303780996,7.766389641073314,"tensor([[0.5000]], dtype=torch.float64)",tensor([-255]),['s']
10.0,45.3318485543485,10.342193971626351,10.281901673826443,"tensor([[0.5000]], dtype=torch.float64)",tensor([-255]),['n']
3.0,4.903127395771925,3.1851188925071066,3.2437463709480725,"tensor([[0.5000]], dtype=torch.float64)",tensor([-255]),['n']
48.0,49.10062492659543,48.19085818090584,48.869494632632964,"tensor([[0.5000]], dtype=torch.float64)",tensor([-255]),['s']
48.0,49.951742908319666,48.566717384180386,48.75099905827039,"tensor([[0.5000]], dtype=torch.float64)",tensor([-255]),['n']
23.0,41.342854065455676,22.61271625389994,22.583763480171598,"tensor([[0.5000]], dtype=torch.float64)",tensor([-255]),['n']
49.0,46.82672745864153,49.38336693419327,49.37828972742466,"tensor([[0.5000]], dtype=torch.float64)",tensor([-255]),['s']
6.0,6.329282598452554,5.5431062482378834,5.0355373512032955,"tensor([[0.5000]], dtype=torch.float64)",tensor([-255]),['n']
23.0,22.25477767314966,22.894935686421217,22.87282867344797,"tensor([[0.5000]], dtype=torch.float64)",tensor([-255]),['n']
13.0,12.520854880491143,13.274813437694105,13.137613553751684,"tensor([[0.5000]], dtype=torch.float64)",tensor([-255]),['n']
21.0,23.528462262485277,20.79254387564126,20.856843233810547,"tensor([[0.5000]], dtype=torch.float64)",tensor([-255]),['s']
55.0,29.22715172758535,54.98974974901682,54.994592156677776,"tensor([[0.5000]], dtype=torch.float64)",tensor([-255]),['s']
31.0,46.78126553014787,30.806143512683608,29.62542219642413,"tensor([[0.5000]], dtype=torch.float64)",tensor([-255]),['s']
61.0,61.869992736279556,60.375247284630774,59.98384202527605,"tensor([[0.5000]], dtype=torch.float64)",tensor([-255]),['s']
50.0,49.27382523652241,50.43475756317851,50.696102529272714,"tensor([[0.5000]], dtype=torch.float64)",tensor([-255]),['s']
65.0,63.310456793622045,64.5131966680158,64.74810296874423,"tensor([[0.5000]], dtype=torch.float64)",tensor([-255]),['s']
5.0,6.319116888648452,5.429784722215134,6.154035850413601,"tensor([[0.5000]], dtype=torch.float64)",tensor([-255]),['n']
36.0,32.27638552660196,35.77570764745895,36.11094701794996,"tensor([[0.5000]], dtype=torch.float64)",tensor([-255]),['n']
0.0,1.0894189704230524,0.0,0.0,"tensor([[0.5000]], dtype=torch.float64)",tensor([-255]),['s']
49.0,46.95740400663968,49.32327098406498,49.15994862470435,"tensor([[0.5000]], dtype=torch.float64)",tensor([-255]),['s']
60.0,63.0802912561402,59.40258762733729,58.74440602042161,"tensor([[0.5000]], dtype=torch.float64)",tensor([-255]),['n']
57.0,59.03642761184622,57.00538019193351,57.045988587712365,"tensor([[0.5000]], dtype=torch.float64)",tensor([-255]),['n']
45.0,42.0627495121968,45.312044429020155,45.29837061327449,"tensor([[0.5000]], dtype=torch.float64)",tensor([-255]),['n']
58.0,59.150058706662946,57.775575116561846,57.155250602515096,"tensor([[0.5000]], dtype=torch.float64)",tensor([-255]),['s']
56.0,56.09473416594578,55.86806413009914,55.86079186174895,"tensor([[0.5000]], dtype=torch.float64)",tensor([-255]),['n']
48.0,32.385600561723166,48.60857064357595,49.55688836192175,"tensor([[0.5000]], dtype=torch.float64)",tensor([-255]),['s']
67.0,2.3487801715581647,66.65670300819659,66.61214727665501,"tensor([[0.5000]], dtype=torch.float64)",tensor([-255]),['n']
5.0,6.219298925370072,5.207588263722612,5.5368423061579435,"tensor([[0.5000]], dtype=torch.float64)",tensor([-255]),['n']
43.0,39.842142168458984,47.56738364926314,46.891793596952525,"tensor([[0.5000]], dtype=torch.float64)",tensor([-255]),['s']
17.0,16.789955431755732,17.23489721883964,17.040994199682594,"tensor([[0.5000]], dtype=torch.float64)",tensor([-255]),['s']
62.0,61.24029020177721,61.66167843383878,61.39555649816677,"tensor([[0.5000]], dtype=torch.float64)",tensor([-255]),['s']
63.0,67.05678997970847,62.47511026032995,62.0000706803679,"tensor([[0.5000]], dtype=torch.float64)",tensor([-255]),['n']
44.0,36.00163546118456,46.364847273862104,45.160943418598215,"tensor([[0.5000]], dtype=torch.float64)",tensor([-255]),['s']
28.0,28.25954087497378,28.127869344595414,27.954846679140903,"tensor([[0.5000]], dtype=torch.float64)",tensor([-255]),['n']
20.0,62.3615815471512,20.570208002814713,20.02918813686915,"tensor([[0.5000]], dtype=torch.float64)",tensor([-255]),['s']
40.0,24.250296851058184,40.35468166448996,40.687029955756046,"tensor([[0.5000]], dtype=torch.float64)",tensor([-255]),['s']
8.0,4.90073336231915,7.525289508637894,7.594449727702444,"tensor([[0.5000]], dtype=torch.float64)",tensor([-255]),['s']
63.0,60.442874223900304,62.34954526442094,62.0806982915426,"tensor([[0.5000]], dtype=torch.float64)",tensor([-255]),['n']
54.0,54.765651822110826,54.074178898501586,54.009390046627836,"tensor([[0.5000]], dtype=torch.float64)",tensor([-255]),['n']
2.0,69.13137742469965,1.692994744937276,3.268279069915423,"tensor([[0.5000]], dtype=torch.float64)",tensor([-255]),['s']
14.0,13.15908798618608,13.87437692591468,13.975598507775166,"tensor([[0.5000]], dtype=torch.float64)",tensor([-255]),['n']
14.0,12.981313074398564,13.899949000349265,13.928938315082378,"tensor([[0.5000]], dtype=torch.float64)",tensor([-255]),['n']
52.0,52.108581283486004,52.09700846372472,52.22610884297771,"tensor([[0.5000]], dtype=torch.float64)",tensor([-255]),['n']
41.0,37.45350059276181,41.564355341570185,41.99491300951096,"tensor([[0.5000]], dtype=torch.float64)",tensor([-255]),['s']
60.0,61.15216515169775,59.571344930724045,58.423080636552534,"tensor([[0.5000]], dtype=torch.float64)",tensor([-255]),['s']
33.0,26.62348149205799,32.820944533102015,31.84010062256448,"tensor([[0.5000]], dtype=torch.float64)",tensor([-255]),['n']
60.0,59.85418855385135,59.40459735832383,59.272731035365595,"tensor([[0.5000]], dtype=torch.float64)",tensor([-255]),['n']
43.0,44.6089968728441,44.0348782297727,44.96677719869542,"tensor([[0.5000]], dtype=torch.float64)",tensor([-255]),['n']
13.0,56.991068676965924,13.006911691388085,13.429720684238859,"tensor([[0.5000]], dtype=torch.float64)",tensor([-255]),['n']
58.0,57.89722865474782,57.86617359973797,57.80694607406384,"tensor([[0.5000]], dtype=torch.float64)",tensor([-255]),['s']
49.0,47.92170945805843,49.626755227736766,49.620356219783645,"tensor([[0.5000]], dtype=torch.float64)",tensor([-255]),['s']
23.0,22.67449637458689,22.314722723301717,22.101375693749166,"tensor([[0.5000]], dtype=torch.float64)",tensor([-255]),['s']
15.0,24.02256488847593,14.977834203361143,14.997785042426313,"tensor([[0.5000]], dtype=torch.float64)",tensor([-255]),['s']
45.0,42.84327123745186,46.03549648919787,45.75270624505609,"tensor([[0.5000]], dtype=torch.float64)",tensor([-255]),['s']
56.0,28.305644818444915,56.04660757309559,55.89592052123618,"tensor([[0.5000]], dtype=torch.float64)",tensor([-255]),['n']
63.0,63.06908379578988,62.451911263761495,61.20260236483623,"tensor([[0.5000]], dtype=torch.float64)",tensor([-255]),['s']
66.0,69.7648652591397,60.75537895413492,64.76765974119189,"tensor([[0.5000]], dtype=torch.float64)",tensor([-255]),['s']
26.0,25.29818053609936,25.047103021893108,25.958765380594205,"tensor([[0.5000]], dtype=torch.float64)",tensor([-255]),['s']
14.0,9.131555856681725,14.18394265900358,14.152223071050019,"tensor([[0.5000]], dtype=torch.float64)",tensor([-255]),['s']
14.0,12.020263529798557,14.650439971282248,14.778425010965224,"tensor([[0.5000]], dtype=torch.float64)",tensor([-255]),['s']
22.0,23.86137205997862,22.40648616450376,22.205926620120433,"tensor([[0.5000]], dtype=torch.float64)",tensor([-255]),['s']
6.0,6.240100233219637,5.400949371848802,6.029166767953808,"tensor([[0.5000]], dtype=torch.float64)",tensor([-255]),['s']
28.0,28.68021973804655,28.365566220921167,28.689644513379037,"tensor([[0.5000]], dtype=torch.float64)",tensor([-255]),['s']
37.0,34.92816716117758,37.62572428841405,37.816824161475154,"tensor([[0.5000]], dtype=torch.float64)",tensor([-255]),['s']
59.0,59.43000412812216,58.26589182481079,58.05346600138231,"tensor([[0.5000]], dtype=torch.float64)",tensor([-255]),['s']
42.0,42.80474862998139,42.44376138369469,42.88662547849846,"tensor([[0.5000]], dtype=torch.float64)",tensor([-255]),['n']
30.0,35.129917444265494,30.50192597369268,29.373500139111957,"tensor([[0.5000]], dtype=torch.float64)",tensor([-255]),['n']
16.0,17.27585876747387,16.050626121446594,16.110965017451306,"tensor([[0.5000]], dtype=torch.float64)",tensor([-255]),['s']
31.0,32.09701951689416,31.723175258141495,31.249711269536817,"tensor([[0.5000]], dtype=torch.float64)",tensor([-255]),['s']
33.0,32.781210827011954,32.927031034066395,32.48976941580602,"tensor([[0.5000]], dtype=torch.float64)",tensor([-255]),['n']
31.0,28.088158581601796,28.54577724672584,29.027167454551908,"tensor([[0.5000]], dtype=torch.float64)",tensor([-255]),['n']
46.0,35.38478480795552,46.712009211161835,46.848338543151485,"tensor([[0.5000]], dtype=torch.float64)",tensor([-255]),['n']
61.0,61.286288508884624,60.47411818657903,59.89973759221162,"tensor([[0.5000]], dtype=torch.float64)",tensor([-255]),['n']
63.0,66.02090051264871,62.09463036480561,58.371063650559776,"tensor([[0.5000]], dtype=torch.float64)",tensor([-255]),['s']
28.0,27.396435124446825,24.95004649873224,26.087617649296543,"tensor([[0.5000]], dtype=torch.float64)",tensor([-255]),['s']
60.0,24.51521702541919,59.50996922039378,59.26901894141075,"tensor([[0.5000]], dtype=torch.float64)",tensor([-255]),['s']
56.0,54.10096469521426,55.87409284381918,55.97084618527904,"tensor([[0.5000]], dtype=torch.float64)",tensor([-255]),['s']
3.0,70.8058599222836,2.8601333120460293,4.790310850878976,"tensor([[0.5000]], dtype=torch.float64)",tensor([-255]),['n']
15.0,15.002427714773386,14.035768071021225,15.02682471643462,"tensor([[0.5000]], dtype=torch.float64)",tensor([-255]),['s']
38.0,38.03541368796613,38.32907280867169,38.57109368185457,"tensor([[0.5000]], dtype=torch.float64)",tensor([-255]),['s']
42.0,38.172335668542296,42.2527050672788,42.173363594218756,"tensor([[0.5000]], dtype=torch.float64)",tensor([-255]),['s']
8.0,3.536511400768804,12.747937270033555,8.261378111147263,"tensor([[0.5000]], dtype=torch.float64)",tensor([-255]),['s']
34.0,34.81193018965082,33.77443832346364,33.44178398194362,"tensor([[0.5000]], dtype=torch.float64)",tensor([-255]),['s']
14.0,12.264455922830384,14.217509444820442,14.972752217381277,"tensor([[0.5000]], dtype=torch.float64)",tensor([-255]),['s']
20.0,62.075714045493804,19.83038490597209,19.68941076587599,"tensor([[0.5000]], dtype=torch.float64)",tensor([-255]),['s']
61.0,61.862844989475335,60.34163202000651,60.814960409142365,"tensor([[0.5000]], dtype=torch.float64)",tensor([-255]),['n']
63.0,66.9602899275236,62.167678970863115,62.09082887444729,"tensor([[0.5000]], dtype=torch.float64)",tensor([-255]),['s']
50.0,49.79354431234722,49.99887184512581,50.4210116247714,"tensor([[0.5000]], dtype=torch.float64)",tensor([-255]),['s']
42.0,42.96779326469584,42.54744475877534,42.19179207475713,"tensor([[0.5000]], dtype=torch.float64)",tensor([-255]),['n']
0.0,7.6842750888840685,0.02498181648240508,0.41906012361728906,"tensor([[0.5000]], dtype=torch.float64)",tensor([-255]),['n']
10.0,9.407824126601882,9.567741077007488,9.880629229581785,"tensor([[0.5000]], dtype=torch.float64)",tensor([-255]),['s']
25.0,26.787952012218252,25.219696079300363,25.129749317495826,"tensor([[0.5000]], dtype=torch.float64)",tensor([-255]),['s']
21.0,21.948494711127427,21.738794630114977,21.061941045216347,"tensor([[0.5000]], dtype=torch.float64)",tensor([-255]),['s']
56.0,56.09115444251833,55.60461477954925,55.46970381172915,"tensor([[0.5000]], dtype=torch.float64)",tensor([-255]),['s']
23.0,22.84312503007855,23.108237709911506,22.407656358558533,"tensor([[0.5000]], dtype=torch.float64)",tensor([-255]),['n']
15.0,48.88606873875172,14.915872904781935,14.955380699241083,"tensor([[0.5000]], dtype=torch.float64)",tensor([-255]),['n']
15.0,15.853311694314712,15.06352606053434,15.776935905909806,"tensor([[0.5000]], dtype=torch.float64)",tensor([-255]),['n']
44.0,44.14939174707173,45.117532057667056,45.501782764578,"tensor([[0.5000]], dtype=torch.float64)",tensor([-255]),['s']
71.0,66.33489797959601,71.0,71.0,"tensor([[0.5000]], dtype=torch.float64)",tensor([-255]),['n']
48.0,47.50370845806262,48.4968729071286,48.4024765783494,"tensor([[0.5000]], dtype=torch.float64)",tensor([-255]),['n']
42.0,44.964317791165634,42.61490626990267,42.39919544401671,"tensor([[0.5000]], dtype=torch.float64)",tensor([-255]),['n']
6.0,4.074970838995496,5.788321330130441,6.333425085759492,"tensor([[0.5000]], dtype=torch.float64)",tensor([-255]),['s']
62.0,63.39447774997849,61.03742192174449,61.09125424446029,"tensor([[0.5000]], dtype=torch.float64)",tensor([-255]),['s']
19.0,19.104631551955826,18.965817384218195,18.965859526361918,"tensor([[0.5000]], dtype=torch.float64)",tensor([-255]),['n']
18.0,65.50675812941205,18.15570332988528,18.110509639385338,"tensor([[0.5000]], dtype=torch.float64)",tensor([-255]),['s']
2.0,71.0,1.7539315264529545,1.9830102305481794,"tensor([[0.5000]], dtype=torch.float64)",tensor([-255]),['s']
32.0,30.15002724721896,31.6169243727239,31.381536760803407,"tensor([[0.5000]], dtype=torch.float64)",tensor([-255]),['s']
34.0,33.04967251272639,34.07298832049504,33.82498484544306,"tensor([[0.5000]], dtype=torch.float64)",tensor([-255]),['n']
3.0,6.016680117003285,3.62878790535583,3.292297676046366,"tensor([[0.5000]], dtype=torch.float64)",tensor([-255]),['s']
29.0,32.661842334823575,29.216841282707772,29.14073806233051,"tensor([[0.5000]], dtype=torch.float64)",tensor([-255]),['n']
51.0,48.49898104294664,51.460190775722324,52.002700745002564,"tensor([[0.5000]], dtype=torch.float64)",tensor([-255]),['s']
49.0,28.97566307279658,49.37344139190905,49.607215898047095,"tensor([[0.5000]], dtype=torch.float64)",tensor([-255]),['n']
38.0,45.796803753135734,38.03909492556452,38.770700280749644,"tensor([[0.5000]], dtype=torch.float64)",tensor([-255]),['n']
32.0,32.264503162721,32.31361572485489,32.17682214940529,"tensor([[0.5000]], dtype=torch.float64)",tensor([-255]),['s']
19.0,18.967474836894624,18.896574651663784,18.916429100326635,"tensor([[0.5000]], dtype=torch.float64)",tensor([-255]),['n']
48.0,47.1901188545622,48.65690714818896,48.84385754830987,"tensor([[0.5000]], dtype=torch.float64)",tensor([-255]),['n']
34.0,30.106093457192365,33.86759067510113,33.76101502356323,"tensor([[0.5000]], dtype=torch.float64)",tensor([-255]),['s']
25.0,27.068455317493104,24.921197425043836,25.020028674137446,"tensor([[0.5000]], dtype=torch.float64)",tensor([-255]),['s']
53.0,29.754768232659572,53.035543900323056,52.88275866390777,"tensor([[0.5000]], dtype=torch.float64)",tensor([-255]),['n']
28.0,27.384245913876313,27.34435250787842,27.342445700675267,"tensor([[0.5000]], dtype=torch.float64)",tensor([-255]),['s']
71.0,70.6789883136253,70.9216315403392,71.0,"tensor([[0.5000]], dtype=torch.float64)",tensor([-255]),['n']
24.0,58.94388571439799,23.54718168764635,23.561123995329346,"tensor([[0.5000]], dtype=torch.float64)",tensor([-255]),['s']
66.0,66.76426500056624,65.27180491342229,64.81730269712075,"tensor([[0.5000]], dtype=torch.float64)",tensor([-255]),['s']
18.0,18.057558787262206,17.854106844109122,17.888329109082513,"tensor([[0.5000]], dtype=torch.float64)",tensor([-255]),['s']
41.0,39.768051400065204,41.06792708337021,41.563143994243596,"tensor([[0.5000]], dtype=torch.float64)",tensor([-255]),['s']
31.0,30.218243030631026,30.77482950744572,30.199877356835522,"tensor([[0.5000]], dtype=torch.float64)",tensor([-255]),['s']
49.0,49.832026587089274,49.22837179871016,49.26453089060086,"tensor([[0.5000]], dtype=torch.float64)",tensor([-255]),['s']
65.0,63.98302383748332,62.96810482056192,63.26702908799291,"tensor([[0.5000]], dtype=torch.float64)",tensor([-255]),['n']
27.0,27.89103057623197,26.986354228805066,26.879027044033116,"tensor([[0.5000]], dtype=torch.float64)",tensor([-255]),['n']
30.0,29.852384763748972,30.353365728907022,29.587346342310074,"tensor([[0.5000]], dtype=torch.float64)",tensor([-255]),['n']
36.0,31.491270721288657,36.12755860255792,35.97194260804086,"tensor([[0.5000]], dtype=torch.float64)",tensor([-255]),['s']
17.0,16.807308776549405,17.28306937007897,17.005824137189546,"tensor([[0.5000]], dtype=torch.float64)",tensor([-255]),['s']
45.0,32.558367747823965,45.40189757052083,45.430232334932754,"tensor([[0.5000]], dtype=torch.float64)",tensor([-255]),['n']
35.0,37.60813607154569,35.145440176848,35.007974674634504,"tensor([[0.5000]], dtype=torch.float64)",tensor([-255]),['n']
50.0,48.06007732643902,50.417485546368134,50.38123984730021,"tensor([[0.5000]], dtype=torch.float64)",tensor([-255]),['n']
45.0,46.446874208154355,45.52023355652946,45.62155510687662,"tensor([[0.5000]], dtype=torch.float64)",tensor([-255]),['n']
61.0,23.235675547428006,59.83974011415958,59.301430396612844,"tensor([[0.5000]], dtype=torch.float64)",tensor([-255]),['s']
30.0,32.85102916913782,30.276160475714473,30.269784422726936,"tensor([[0.5000]], dtype=torch.float64)",tensor([-255]),['s']
70.0,5.761109301373241,69.78498858702604,69.04012248399961,"tensor([[0.5000]], dtype=torch.float64)",tensor([-255]),['n']
68.0,66.30070932807988,67.7740085162151,66.01783082691911,"tensor([[0.5000]], dtype=torch.float64)",tensor([-255]),['s']
28.0,35.90974531168318,27.012934576774413,27.014962899461853,"tensor([[0.5000]], dtype=torch.float64)",tensor([-255]),['s']
6.0,4.186379307645816,6.179700034283709,6.742028998283272,"tensor([[0.5000]], dtype=torch.float64)",tensor([-255]),['s']
6.0,2.694457480142857,5.905108003890348,6.054607056053093,"tensor([[0.5000]], dtype=torch.float64)",tensor([-255]),['n']
43.0,44.249053941533965,43.28708257468874,43.33965026674495,"tensor([[0.5000]], dtype=torch.float64)",tensor([-255]),['s']
28.0,28.865279793167225,27.566105007996505,27.223760264965332,"tensor([[0.5000]], dtype=torch.float64)",tensor([-255]),['n']
41.0,40.186971899370356,41.61079552230752,41.84162835239834,"tensor([[0.5000]], dtype=torch.float64)",tensor([-255]),['s']
23.0,22.598202565555894,22.996706939261855,22.218478307254085,"tensor([[0.5000]], dtype=torch.float64)",tensor([-255]),['n']
33.0,31.192512252047216,33.27261371335473,33.66774452244359,"tensor([[0.5000]], dtype=torch.float64)",tensor([-255]),['n']
12.0,9.446650710082244,12.58402444170837,13.048665291679987,"tensor([[0.5000]], dtype=torch.float64)",tensor([-255]),['s']
29.0,31.71310446603409,29.582282651643045,29.625913271219513,"tensor([[0.5000]], dtype=torch.float64)",tensor([-255]),['n']
66.0,62.89391355310645,65.97253398050842,65.56131167894391,"tensor([[0.5000]], dtype=torch.float64)",tensor([-255]),['s']
41.0,36.915033495202735,41.02574761646054,41.87492353105455,"tensor([[0.5000]], dtype=torch.float64)",tensor([-255]),['n']
37.0,31.779777144713428,36.8347964753168,36.95950497612277,"tensor([[0.5000]], dtype=torch.float64)",tensor([-255]),['s']
69.0,69.82842908589035,68.55637337217766,68.5496139755661,"tensor([[0.5000]], dtype=torch.float64)",tensor([-255]),['s']
67.0,2.400056936109729,66.35450953636247,66.19036982611738,"tensor([[0.5000]], dtype=torch.float64)",tensor([-255]),['n']
26.0,26.04629995876927,25.937863362413825,25.908787652416326,"tensor([[0.5000]], dtype=torch.float64)",tensor([-255]),['n']
4.0,7.534155972438199,3.738317002121404,3.3472227337492297,"tensor([[0.5000]], dtype=torch.float64)",tensor([-255]),['s']
6.0,9.026249061797422,6.234213157061165,6.123498161847385,"tensor([[0.5000]], dtype=torch.float64)",tensor([-255]),['s']
41.0,36.12032291033327,41.61755149044621,42.1566979934636,"tensor([[0.5000]], dtype=torch.float64)",tensor([-255]),['s']
46.0,45.08044902752299,46.639536731372324,47.54373981262963,"tensor([[0.5000]], dtype=torch.float64)",tensor([-255]),['n']
55.0,54.75049767064479,54.66715798902267,54.85850501262002,"tensor([[0.5000]], dtype=torch.float64)",tensor([-255]),['n']
51.0,49.8504019132728,51.34485488112769,51.34679269598909,"tensor([[0.5000]], dtype=torch.float64)",tensor([-255]),['s']
12.0,10.623301605202371,11.79118745816741,11.423558913176247,"tensor([[0.5000]], dtype=torch.float64)",tensor([-255]),['n']
53.0,52.19702735155391,53.381554632964075,53.03779332073058,"tensor([[0.5000]], dtype=torch.float64)",tensor([-255]),['s']
9.0,10.87346372150347,9.339344597724596,9.965875090148671,"tensor([[0.5000]], dtype=torch.float64)",tensor([-255]),['n']
21.0,23.229856021105952,20.732756065381484,20.85788118876353,"tensor([[0.5000]], dtype=torch.float64)",tensor([-255]),['s']
1.0,1.4090123349116461,0.6841726588707435,0.3233619269251005,"tensor([[0.5000]], dtype=torch.float64)",tensor([-255]),['n']
34.0,38.223689143946416,34.21416560072871,33.91345973408758,"tensor([[0.5000]], dtype=torch.float64)",tensor([-255]),['n']
33.0,37.04994880175784,33.1765765544356,33.035437877427306,"tensor([[0.5000]], dtype=torch.float64)",tensor([-255]),['n']
20.0,21.601298254228816,20.282933123646238,20.150475986121094,"tensor([[0.5000]], dtype=torch.float64)",tensor([-255]),['n']
8.0,9.083206384828454,7.91123219839162,8.260044881485559,"tensor([[0.5000]], dtype=torch.float64)",tensor([-255]),['n']
50.0,50.75452151915157,50.288792936023135,50.67698020690489,"tensor([[0.5000]], dtype=torch.float64)",tensor([-255]),['n']
49.0,49.03454663024986,49.571577140049826,50.38223331297147,"tensor([[0.5000]], dtype=torch.float64)",tensor([-255]),['n']
31.0,28.433559408625126,31.049909882012294,30.666386502615932,"tensor([[0.5000]], dtype=torch.float64)",tensor([-255]),['s']
41.0,28.176951442967635,42.21555746618281,41.96284321553478,"tensor([[0.5000]], dtype=torch.float64)",tensor([-255]),['s']
61.0,61.011225125992695,60.141975092953835,60.10418181969416,"tensor([[0.5000]], dtype=torch.float64)",tensor([-255]),['s']
42.0,34.35875505896334,42.49654827481237,42.57695343931829,"tensor([[0.5000]], dtype=torch.float64)",tensor([-255]),['n']
46.0,45.784146497806276,46.80163750000189,46.88615713059692,"tensor([[0.5000]], dtype=torch.float64)",tensor([-255]),['n']
20.0,20.304082978510223,20.12634610349844,20.0569986960601,"tensor([[0.5000]], dtype=torch.float64)",tensor([-255]),['n']
63.0,63.98834516946868,61.96824011619452,61.752777656184385,"tensor([[0.5000]], dtype=torch.float64)",tensor([-255]),['n']
61.0,3.3450096348688048,59.94859737473644,60.02078060069255,"tensor([[0.5000]], dtype=torch.float64)",tensor([-255]),['n']
29.0,32.406455500323574,29.06699572507337,28.81922036189582,"tensor([[0.5000]], dtype=torch.float64)",tensor([-255]),['s']
61.0,34.83143590190269,59.94679810295761,60.136724520510846,"tensor([[0.5000]], dtype=torch.float64)",tensor([-255]),['n']
45.0,41.54727743112967,46.24750737479088,47.12695816601353,"tensor([[0.5000]], dtype=torch.float64)",tensor([-255]),['n']
54.0,53.87101755166758,54.10437954691606,54.02480356582877,"tensor([[0.5000]], dtype=torch.float64)",tensor([-255]),['n']
23.0,22.633199030950685,22.841647475217044,22.581229975937404,"tensor([[0.5000]], dtype=torch.float64)",tensor([-255]),['n']
57.0,57.869571987945505,56.88249444233232,56.54317102564865,"tensor([[0.5000]], dtype=torch.float64)",tensor([-255]),['n']
27.0,27.32465958810762,26.942218231007526,26.842880371080447,"tensor([[0.5000]], dtype=torch.float64)",tensor([-255]),['n']
65.0,62.266017246809696,64.20446056514514,64.0055803002856,"tensor([[0.5000]], dtype=torch.float64)",tensor([-255]),['n']
15.0,12.614824352045586,15.028333876861977,14.89155964432526,"tensor([[0.5000]], dtype=torch.float64)",tensor([-255]),['s']
23.0,23.981488715098187,22.683593915553793,22.05175077588907,"tensor([[0.5000]], dtype=torch.float64)",tensor([-255]),['s']
13.0,68.63174618928736,12.82354860705786,13.045813813308845,"tensor([[0.5000]], dtype=torch.float64)",tensor([-255]),['s']
34.0,33.271037356260386,34.36451115142622,34.19831151945651,"tensor([[0.5000]], dtype=torch.float64)",tensor([-255]),['s']
64.0,66.81606741882457,63.54311769888813,63.6232880672898,"tensor([[0.5000]], dtype=torch.float64)",tensor([-255]),['s']
9.0,9.802913224970215,8.797121892723474,9.04784793946505,"tensor([[0.5000]], dtype=torch.float64)",tensor([-255]),['s']
37.0,38.11716783661693,36.92017560578719,36.27816899615945,"tensor([[0.5000]], dtype=torch.float64)",tensor([-255]),['s']
6.0,6.566606804759021,5.675051028938827,6.02183260295191,"tensor([[0.5000]], dtype=torch.float64)",tensor([-255]),['n']
16.0,41.15114695450453,15.866685195256236,15.934038154830342,"tensor([[0.5000]], dtype=torch.float64)",tensor([-255]),['s']
24.0,25.968575536356443,23.687419952858423,23.592252204692446,"tensor([[0.5000]], dtype=torch.float64)",tensor([-255]),['n']
52.0,30.200334592222582,52.2742432380985,52.129198012802206,"tensor([[0.5000]], dtype=torch.float64)",tensor([-255]),['s']
68.0,62.03357844352627,67.94993213965465,66.2040803161593,"tensor([[0.5000]], dtype=torch.float64)",tensor([-255]),['s']
35.0,36.68280622431713,22.08127582589,34.31502935098724,"tensor([[0.5000]], dtype=torch.float64)",tensor([-255]),['s']
1.0,68.01758571855859,0.636000599772738,0.9925596966835556,"tensor([[0.5000]], dtype=torch.float64)",tensor([-255]),['s']
53.0,53.236835522874294,53.01425206428101,53.00284549893755,"tensor([[0.5000]], dtype=torch.float64)",tensor([-255]),['s']
54.0,53.79979775098317,53.97562672609185,53.99234320632388,"tensor([[0.5000]], dtype=torch.float64)",tensor([-255]),['n']
65.0,68.03987913335857,64.55742919345646,63.818623903973894,"tensor([[0.5000]], dtype=torch.float64)",tensor([-255]),['s']
48.0,29.34398945633169,48.44270351930155,49.01643255770224,"tensor([[0.5000]], dtype=torch.float64)",tensor([-255]),['s']
36.0,31.974902200745333,35.624899245451026,33.93746725780837,"tensor([[0.5000]], dtype=torch.float64)",tensor([-255]),['n']
63.0,61.89101475536585,62.88245188176351,62.39602104058897,"tensor([[0.5000]], dtype=torch.float64)",tensor([-255]),['s']
12.0,24.088791324338857,11.903698554042403,12.039966833706654,"tensor([[0.5000]], dtype=torch.float64)",tensor([-255]),['s']
52.0,52.05412267684643,52.237428124035965,52.1200292012829,"tensor([[0.5000]], dtype=torch.float64)",tensor([-255]),['s']
0.0,69.75906066552474,14.878712466010274,71.0,"tensor([[0.5000]], dtype=torch.float64)",tensor([-255]),['s']
20.0,21.729287110160005,20.208186096130614,20.002018016954832,"tensor([[0.5000]], dtype=torch.float64)",tensor([-255]),['s']
32.0,32.98199785563757,31.999985907561804,31.32561487104794,"tensor([[0.5000]], dtype=torch.float64)",tensor([-255]),['s']
13.0,13.145015081886978,13.142496611657043,13.009767018008501,"tensor([[0.5000]], dtype=torch.float64)",tensor([-255]),['s']
11.0,10.863510851329423,11.033268209683936,11.888090975883955,"tensor([[0.5000]], dtype=torch.float64)",tensor([-255]),['n']
60.0,62.15668343938527,58.92010682347794,58.197838091517376,"tensor([[0.5000]], dtype=torch.float64)",tensor([-255]),['s']
45.0,43.35094530915666,45.70571735038593,46.03754073598023,"tensor([[0.5000]], dtype=torch.float64)",tensor([-255]),['s']
44.0,41.085654569104456,44.19520268499094,44.150565608273155,"tensor([[0.5000]], dtype=torch.float64)",tensor([-255]),['n']
19.0,16.871070246714545,19.364978059165818,19.020612930673284,"tensor([[0.5000]], dtype=torch.float64)",tensor([-255]),['s']
65.0,63.523808657160124,64.16595255977087,64.25814361749282,"tensor([[0.5000]], dtype=torch.float64)",tensor([-255]),['s']
48.0,49.6111868561806,48.412896851615294,48.43969190040983,"tensor([[0.5000]], dtype=torch.float64)",tensor([-255]),['s']
1.0,69.89568631772144,0.8112927241544022,1.0915418272944901,"tensor([[0.5000]], dtype=torch.float64)",tensor([-255]),['n']
34.0,32.91044651451525,34.0991546407943,33.78741514766329,"tensor([[0.5000]], dtype=torch.float64)",tensor([-255]),['n']
46.0,33.01404401713907,46.24556796998353,46.742640040894976,"tensor([[0.5000]], dtype=torch.float64)",tensor([-255]),['s']
5.0,68.75731724791038,4.658815084805635,6.0681450890836,"tensor([[0.5000]], dtype=torch.float64)",tensor([-255]),['s']
42.0,43.02902875894016,42.17975133027372,42.426475968616465,"tensor([[0.5000]], dtype=torch.float64)",tensor([-255]),['n']
47.0,46.13686936904405,47.88076203275814,47.59556633076948,"tensor([[0.5000]], dtype=torch.float64)",tensor([-255]),['s']
25.0,38.30473952467267,24.876542827360066,24.82014104624056,"tensor([[0.5000]], dtype=torch.float64)",tensor([-255]),['n']
7.0,69.95299239534765,7.525007084421065,7.684704513559881,"tensor([[0.5000]], dtype=torch.float64)",tensor([-255]),['s']
38.0,33.97865833679942,39.196845323124265,39.506384779883895,"tensor([[0.5000]], dtype=torch.float64)",tensor([-255]),['n']
61.0,61.78206925056611,60.544535005288196,60.030471063423846,"tensor([[0.5000]], dtype=torch.float64)",tensor([-255]),['s']
30.0,32.01634348775329,30.219429760264525,30.01762829048904,"tensor([[0.5000]], dtype=torch.float64)",tensor([-255]),['s']
25.0,26.977929082036194,25.048474333633678,24.91228937730908,"tensor([[0.5000]], dtype=torch.float64)",tensor([-255]),['s']
1.0,3.4054194585972235,0.9676554763376849,0.9848229097273477,"tensor([[0.5000]], dtype=torch.float64)",tensor([-255]),['s']
50.0,7.9219864489059315,50.22413641787934,50.69196376272898,"tensor([[0.5000]], dtype=torch.float64)",tensor([-255]),['n']
20.0,19.48771321469585,19.78854940739822,19.870364472157394,"tensor([[0.5000]], dtype=torch.float64)",tensor([-255]),['n']
58.0,58.67430256804349,58.00538469190973,57.90499058684611,"tensor([[0.5000]], dtype=torch.float64)",tensor([-255]),['s']
6.0,4.90991211802549,6.018446071671383,6.247060980715228,"tensor([[0.5000]], dtype=torch.float64)",tensor([-255]),['n']
59.0,60.32641069493667,59.13592092576363,58.146946501131765,"tensor([[0.5000]], dtype=torch.float64)",tensor([-255]),['s']
29.0,36.79549856452962,29.160791813915687,28.678028063486813,"tensor([[0.5000]], dtype=torch.float64)",tensor([-255]),['n']
58.0,56.821192468193495,57.770372520900445,57.42559763381318,"tensor([[0.5000]], dtype=torch.float64)",tensor([-255]),['s']
47.0,43.027422770129895,47.58694740813669,47.24238840160412,"tensor([[0.5000]], dtype=torch.float64)",tensor([-255]),['s']
19.0,19.155118911410774,18.683363413516812,18.88317437662577,"tensor([[0.5000]], dtype=torch.float64)",tensor([-255]),['s']
25.0,29.42552988575727,24.270300466246844,24.57671036165014,"tensor([[0.5000]], dtype=torch.float64)",tensor([-255]),['s']
6.0,3.710171286383777,5.915151991279613,5.871421979675859,"tensor([[0.5000]], dtype=torch.float64)",tensor([-255]),['n']
50.0,49.96642149700675,50.52912658803168,50.804017591222596,"tensor([[0.5000]], dtype=torch.float64)",tensor([-255]),['s']
67.0,9.426841053252843,66.69420222681791,66.83509372717404,"tensor([[0.5000]], dtype=torch.float64)",tensor([-255]),['n']
31.0,38.733145100397735,31.22990056168302,31.269692964857768,"tensor([[0.5000]], dtype=torch.float64)",tensor([-255]),['n']
15.0,15.76161100776195,15.090572319938381,14.977602263327082,"tensor([[0.5000]], dtype=torch.float64)",tensor([-255]),['n']
23.0,22.033128835755278,23.188381840197522,22.1515965181273,"tensor([[0.5000]], dtype=torch.float64)",tensor([-255]),['s']
40.0,42.820764834349575,40.27506848512975,40.26609743650729,"tensor([[0.5000]], dtype=torch.float64)",tensor([-255]),['n']
58.0,59.11061157351946,57.52306614243901,57.05687948737379,"tensor([[0.5000]], dtype=torch.float64)",tensor([-255]),['n']
64.0,63.780152895379814,63.505333337813795,63.06253953320313,"tensor([[0.5000]], dtype=torch.float64)",tensor([-255]),['s']
23.0,23.809487897918213,23.08247523092118,22.671953510644435,"tensor([[0.5000]], dtype=torch.float64)",tensor([-255]),['n']
21.0,22.584326867713536,20.82474127930891,20.648108020276755,"tensor([[0.5000]], dtype=torch.float64)",tensor([-255]),['n']
28.0,27.883989882267798,27.254652494222885,27.516101052699966,"tensor([[0.5000]], dtype=torch.float64)",tensor([-255]),['n']
43.0,42.47845607638689,43.83035395074321,43.572512277118996,"tensor([[0.5000]], dtype=torch.float64)",tensor([-255]),['s']
11.0,9.04964796551197,11.257840744541639,12.248527552020763,"tensor([[0.5000]], dtype=torch.float64)",tensor([-255]),['n']
58.0,60.0682692979561,57.50910159360891,57.01430603867778,"tensor([[0.5000]], dtype=torch.float64)",tensor([-255]),['s']
9.0,69.9142484306251,8.528290511762174,9.207684244409785,"tensor([[0.5000]], dtype=torch.float64)",tensor([-255]),['s']
23.0,29.92541781769491,23.170947350803843,23.11025928442467,"tensor([[0.5000]], dtype=torch.float64)",tensor([-255]),['n']
51.0,20.209214274214744,51.62350692925656,51.56914500224137,"tensor([[0.5000]], dtype=torch.float64)",tensor([-255]),['s']
58.0,56.491724984984,59.64799500655431,57.19710568079852,"tensor([[0.5000]], dtype=torch.float64)",tensor([-255]),['s']
54.0,56.095163168299074,53.770598029890834,53.83390528420763,"tensor([[0.5000]], dtype=torch.float64)",tensor([-255]),['s']
5.0,70.89130219748546,4.644264959233491,4.695277121901439,"tensor([[0.5000]], dtype=torch.float64)",tensor([-255]),['n']
33.0,46.73773834178134,33.1161174974143,32.00448603599855,"tensor([[0.5000]], dtype=torch.float64)",tensor([-255]),['n']
71.0,61.00373410892354,71.0,71.0,"tensor([[0.5000]], dtype=torch.float64)",tensor([-255]),['n']
30.0,31.74338949049559,30.028305083917687,29.96564867317287,"tensor([[0.5000]], dtype=torch.float64)",tensor([-255]),['s']
65.0,65.91739293742086,64.44226994997909,64.07230657633264,"tensor([[0.5000]], dtype=torch.float64)",tensor([-255]),['n']
10.0,10.616788203726136,10.147032072689287,10.838438158610938,"tensor([[0.5000]], dtype=torch.float64)",tensor([-255]),['s']
20.0,20.000537827976054,20.026902833419516,19.98082689212517,"tensor([[0.5000]], dtype=torch.float64)",tensor([-255]),['s']
31.0,32.196950915889936,30.52720207178671,30.43714704918455,"tensor([[0.5000]], dtype=torch.float64)",tensor([-255]),['s']
39.0,35.81797476720702,39.0923197751175,38.332511152033305,"tensor([[0.5000]], dtype=torch.float64)",tensor([-255]),['s']
51.0,49.83172247628297,50.699926082971224,51.09243916818924,"tensor([[0.5000]], dtype=torch.float64)",tensor([-255]),['s']
29.0,29.86197567994772,29.156308552637988,28.207389338693055,"tensor([[0.5000]], dtype=torch.float64)",tensor([-255]),['s']
57.0,60.18146263382752,56.99009558398973,56.27313359406764,"tensor([[0.5000]], dtype=torch.float64)",tensor([-255]),['s']
39.0,36.49230841594042,39.15557808154865,38.71820708009619,"tensor([[0.5000]], dtype=torch.float64)",tensor([-255]),['n']
57.0,23.030243395184804,56.36042261621604,56.191996804352435,"tensor([[0.5000]], dtype=torch.float64)",tensor([-255]),['n']
44.0,45.189253872246994,44.582649771268684,44.53675410058819,"tensor([[0.5000]], dtype=torch.float64)",tensor([-255]),['s']
22.0,21.173222717536063,21.87978973295478,21.727255282505787,"tensor([[0.5000]], dtype=torch.float64)",tensor([-255]),['n']
17.0,17.205379964473018,16.85343811383255,16.970949156297607,"tensor([[0.5000]], dtype=torch.float64)",tensor([-255]),['s']
1.0,6.812386012064893,1.8295275768722246,1.7889181104273122,"tensor([[0.5000]], dtype=torch.float64)",tensor([-255]),['s']
62.0,64.90908850092366,61.325926747902095,60.95288392459206,"tensor([[0.5000]], dtype=torch.float64)",tensor([-255]),['s']
49.0,50.00683665659544,49.113015095325665,49.09505859503974,"tensor([[0.5000]], dtype=torch.float64)",tensor([-255]),['n']
27.0,26.502990686860056,26.83580779441891,26.841894229128204,"tensor([[0.5000]], dtype=torch.float64)",tensor([-255]),['s']
66.0,67.43901833700446,65.36106882693767,65.04824646173194,"tensor([[0.5000]], dtype=torch.float64)",tensor([-255]),['n']
52.0,48.85520600321586,52.14250180500469,52.15446209525776,"tensor([[0.5000]], dtype=torch.float64)",tensor([-255]),['n']
10.0,5.912028360047518,9.444046178633293,9.466368693157992,"tensor([[0.5000]], dtype=torch.float64)",tensor([-255]),['s']
70.0,69.53377653954948,69.86293703450494,70.95754218728254,"tensor([[0.5000]], dtype=torch.float64)",tensor([-255]),['n']
27.0,26.02067974697108,26.7970649557337,26.588870273575782,"tensor([[0.5000]], dtype=torch.float64)",tensor([-255]),['n']
1.0,67.30607388275806,0.6073931723525844,0.6723080216596933,"tensor([[0.5000]], dtype=torch.float64)",tensor([-255]),['s']
51.0,50.91392970549322,51.39121992947699,51.365380818655524,"tensor([[0.5000]], dtype=torch.float64)",tensor([-255]),['n']
31.0,32.15900333988922,25.368382381353197,29.923610707925032,"tensor([[0.5000]], dtype=torch.float64)",tensor([-255]),['s']
64.0,61.496698610472464,63.548655315975786,61.84134670490047,"tensor([[0.5000]], dtype=torch.float64)",tensor([-255]),['n']
60.0,59.02956050654713,59.46812010515053,59.394423160310474,"tensor([[0.5000]], dtype=torch.float64)",tensor([-255]),['s']
29.0,32.08454893505198,28.98894110768887,28.873285877331096,"tensor([[0.5000]], dtype=torch.float64)",tensor([-255]),['n']
64.0,64.07370536749661,62.88838417014869,62.82637654077885,"tensor([[0.5000]], dtype=torch.float64)",tensor([-255]),['s']
71.0,4.629650961597418,71.0,71.0,"tensor([[0.5000]], dtype=torch.float64)",tensor([-255]),['n']
50.0,47.94938855035869,50.62568843320006,51.07768653480782,"tensor([[0.5000]], dtype=torch.float64)",tensor([-255]),['s']
38.0,40.03623986175712,38.509119474020615,38.56916147271959,"tensor([[0.5000]], dtype=torch.float64)",tensor([-255]),['s']
34.0,37.605239682764356,34.04141900599776,33.94626738378967,"tensor([[0.5000]], dtype=torch.float64)",tensor([-255]),['s']
6.0,4.298436473526866,6.50480899685255,6.945859594684824,"tensor([[0.5000]], dtype=torch.float64)",tensor([-255]),['n']
30.0,27.342790444023223,30.101465779461666,29.97068203786445,"tensor([[0.5000]], dtype=torch.float64)",tensor([-255]),['n']
49.0,45.43909893765492,49.74870799192079,50.18936261742881,"tensor([[0.5000]], dtype=torch.float64)",tensor([-255]),['s']
10.0,12.430688877715237,10.832127702626279,10.480604683930416,"tensor([[0.5000]], dtype=torch.float64)",tensor([-255]),['n']
52.0,51.00776047631133,52.31865907394803,52.15490953139111,"tensor([[0.5000]], dtype=torch.float64)",tensor([-255]),['s']
44.0,43.329524265365166,44.633912666443344,44.9674144917629,"tensor([[0.5000]], dtype=torch.float64)",tensor([-255]),['n']
70.0,0.915997839953864,69.96163645692647,69.66247235809539,"tensor([[0.5000]], dtype=torch.float64)",tensor([-255]),['s']
36.0,33.92730640769163,35.90243392005789,36.17585364586557,"tensor([[0.5000]], dtype=torch.float64)",tensor([-255]),['s']
38.0,36.25875978306519,37.867569589364464,38.129075591020914,"tensor([[0.5000]], dtype=torch.float64)",tensor([-255]),['s']
69.0,66.17502721911995,68.45580214233604,68.3180369405026,"tensor([[0.5000]], dtype=torch.float64)",tensor([-255]),['s']
34.0,35.95935490531744,33.844289812573585,33.27491813815962,"tensor([[0.5000]], dtype=torch.float64)",tensor([-255]),['n']
65.0,62.08354480130693,64.53309905303124,64.1388662617059,"tensor([[0.5000]], dtype=torch.float64)",tensor([-255]),['n']
39.0,40.17445465546287,39.00363790244935,39.030966614413344,"tensor([[0.5000]], dtype=torch.float64)",tensor([-255]),['n']
71.0,70.18842815468706,71.0,0.0,"tensor([[0.5000]], dtype=torch.float64)",tensor([-255]),['s']
16.0,39.28415842970077,16.350977149682816,16.152565846299286,"tensor([[0.5000]], dtype=torch.float64)",tensor([-255]),['s']
70.0,67.34636127609151,70.45695455737332,71.0,"tensor([[0.5000]], dtype=torch.float64)",tensor([-255]),['n']
54.0,55.91387276107224,53.909242120348324,53.954835945016626,"tensor([[0.5000]], dtype=torch.float64)",tensor([-255]),['n']
15.0,11.829390312885614,15.055811898130722,15.347652710378878,"tensor([[0.5000]], dtype=torch.float64)",tensor([-255]),['n']
40.0,41.073871474878985,40.51818167510543,40.58970045106699,"tensor([[0.5000]], dtype=torch.float64)",tensor([-255]),['n']
38.0,40.68029073242603,38.07150470201545,37.66439887279965,"tensor([[0.5000]], dtype=torch.float64)",tensor([-255]),['s']
39.0,37.61897236909556,38.27175100408359,37.38188524774657,"tensor([[0.5000]], dtype=torch.float64)",tensor([-255]),['n']
14.0,14.669356725698297,13.582090469108092,13.888198743816194,"tensor([[0.5000]], dtype=torch.float64)",tensor([-255]),['n']
56.0,58.02308224991731,55.7224784574567,55.44705697993985,"tensor([[0.5000]], dtype=torch.float64)",tensor([-255]),['s']
20.0,60.654845964946816,19.832354785212395,19.89118856623532,"tensor([[0.5000]], dtype=torch.float64)",tensor([-255]),['s']
47.0,46.86330339284946,48.29821037051246,48.7370213371465,"tensor([[0.5000]], dtype=torch.float64)",tensor([-255]),['n']
23.0,22.60792600118033,22.584309384267385,22.73757191885881,"tensor([[0.5000]], dtype=torch.float64)",tensor([-255]),['s']
2.0,69.72086509663495,1.946523887862469,1.9807422096428764,"tensor([[0.5000]], dtype=torch.float64)",tensor([-255]),['n']
7.0,47.19140959383404,6.867703236963213,7.8833671983873135,"tensor([[0.5000]], dtype=torch.float64)",tensor([-255]),['n']
47.0,32.775982378431664,48.014211224469136,47.99324731038086,"tensor([[0.5000]], dtype=torch.float64)",tensor([-255]),['n']
24.0,25.29348090687126,23.763032573617732,23.91771572678364,"tensor([[0.5000]], dtype=torch.float64)",tensor([-255]),['s']
15.0,15.785184302700685,15.044930985523916,15.222353925446141,"tensor([[0.5000]], dtype=torch.float64)",tensor([-255]),['s']
51.0,50.74505855403356,51.091185326975015,51.187069024821945,"tensor([[0.5000]], dtype=torch.float64)",tensor([-255]),['s']
41.0,43.05852605977629,41.682155655130636,41.51886902742963,"tensor([[0.5000]], dtype=torch.float64)",tensor([-255]),['s']
42.0,43.584982978417,42.58605924359466,42.52839185944934,"tensor([[0.5000]], dtype=torch.float64)",tensor([-255]),['n']
26.0,28.06966888212917,25.689496222530025,24.790372589302464,"tensor([[0.5000]], dtype=torch.float64)",tensor([-255]),['n']
36.0,38.16233040558478,35.966922637970534,37.504997142829154,"tensor([[0.5000]], dtype=torch.float64)",tensor([-255]),['n']
50.0,39.895363891539475,50.668912291024185,50.595978537562935,"tensor([[0.5000]], dtype=torch.float64)",tensor([-255]),['s']
22.0,25.184282741359574,21.415261133562147,21.155861247105445,"tensor([[0.5000]], dtype=torch.float64)",tensor([-255]),['s']
39.0,38.86543119281174,38.41950217585098,38.07438058434214,"tensor([[0.5000]], dtype=torch.float64)",tensor([-255]),['s']
47.0,47.939050537180506,47.63921282159773,47.59384776443876,"tensor([[0.5000]], dtype=torch.float64)",tensor([-255]),['n']
41.0,42.80634178133501,42.683905085087105,41.3964219747353,"tensor([[0.5000]], dtype=torch.float64)",tensor([-255]),['s']
7.0,5.436774704966334,6.859277771034782,7.026493491924979,"tensor([[0.5000]], dtype=torch.float64)",tensor([-255]),['s']
9.0,8.692935991054624,12.680602689322845,9.413291081954712,"tensor([[0.5000]], dtype=torch.float64)",tensor([-255]),['s']
69.0,2.6038522895268956,68.11157504977085,68.47671400950522,"tensor([[0.5000]], dtype=torch.float64)",tensor([-255]),['s']
20.0,20.029796133274814,19.53725207337654,19.93937837692987,"tensor([[0.5000]], dtype=torch.float64)",tensor([-255]),['s']
10.0,11.068844369063322,10.72292779571076,11.830906455869878,"tensor([[0.5000]], dtype=torch.float64)",tensor([-255]),['n']
60.0,59.49298605290316,59.23083152890887,58.93512578293196,"tensor([[0.5000]], dtype=torch.float64)",tensor([-255]),['n']
45.0,42.54777504716233,45.56035968826336,45.90344110079344,"tensor([[0.5000]], dtype=torch.float64)",tensor([-255]),['n']
43.0,42.4296369053658,43.83630424815838,44.022470628396405,"tensor([[0.5000]], dtype=torch.float64)",tensor([-255]),['n']
0.0,67.98361050449454,0.0,71.0,"tensor([[0.5000]], dtype=torch.float64)",tensor([-255]),['n']
34.0,33.777306277720015,33.81515829607645,32.821334438952725,"tensor([[0.5000]], dtype=torch.float64)",tensor([-255]),['s']
27.0,26.327982960150806,26.7823551421659,26.316695513707554,"tensor([[0.5000]], dtype=torch.float64)",tensor([-255]),['s']
29.0,34.70383523952444,29.04503431109814,28.71087041023917,"tensor([[0.5000]], dtype=torch.float64)",tensor([-255]),['s']
29.0,27.99042893370116,29.05092603688332,28.96527083730004,"tensor([[0.5000]], dtype=torch.float64)",tensor([-255]),['n']
64.0,65.09024219149424,63.688967296141804,61.38576226440928,"tensor([[0.5000]], dtype=torch.float64)",tensor([-255]),['s']
46.0,35.95992292105957,48.77755537617039,47.012173309050404,"tensor([[0.5000]], dtype=torch.float64)",tensor([-255]),['s']
11.0,10.595926336608153,10.905983287869784,10.975760899853693,"tensor([[0.5000]], dtype=torch.float64)",tensor([-255]),['s']
32.0,32.38790168011638,32.47515701940794,30.45384173079307,"tensor([[0.5000]], dtype=torch.float64)",tensor([-255]),['n']
41.0,48.421281498512215,41.73940769911372,41.96438104744835,"tensor([[0.5000]], dtype=torch.float64)",tensor([-255]),['n']
37.0,36.179433705876534,36.73840081362363,36.450466987130895,"tensor([[0.5000]], dtype=torch.float64)",tensor([-255]),['s']
33.0,37.40673819994571,33.031087719473426,33.13212046982178,"tensor([[0.5000]], dtype=torch.float64)",tensor([-255]),['n']
0.0,0.8715759094835271,0.0,0.0,"tensor([[0.5000]], dtype=torch.float64)",tensor([-255]),['s']
31.0,27.31575688725504,30.791940024777087,30.42021999170852,"tensor([[0.5000]], dtype=torch.float64)",tensor([-255]),['n']
18.0,17.480995840374682,17.861524219905878,17.95661638628546,"tensor([[0.5000]], dtype=torch.float64)",tensor([-255]),['n']
54.0,56.092826511508804,53.325736876986994,53.83173519400421,"tensor([[0.5000]], dtype=torch.float64)",tensor([-255]),['s']
70.0,70.02869406061902,70.70923866908561,70.75516367896218,"tensor([[0.5000]], dtype=torch.float64)",tensor([-255]),['n']
68.0,65.80184179628583,67.38914083369153,67.23629275964383,"tensor([[0.5000]], dtype=torch.float64)",tensor([-255]),['s']
28.0,29.18440132567199,28.440081374538398,28.095028806396744,"tensor([[0.5000]], dtype=torch.float64)",tensor([-255]),['n']
42.0,43.991719801702274,42.47303318709832,42.80472973552919,"tensor([[0.5000]], dtype=torch.float64)",tensor([-255]),['n']
28.0,27.79053829598979,27.41482390791904,27.676764288489196,"tensor([[0.5000]], dtype=torch.float64)",tensor([-255]),['n']
24.0,26.09620835958264,23.93867641306433,23.73582613248588,"tensor([[0.5000]], dtype=torch.float64)",tensor([-255]),['s']
13.0,14.830623055725262,12.128450050507329,13.19874572808073,"tensor([[0.5000]], dtype=torch.float64)",tensor([-255]),['s']
11.0,9.339043227106062,11.184608972151587,11.114485173585914,"tensor([[0.5000]], dtype=torch.float64)",tensor([-255]),['s']
42.0,40.383959887316074,42.595005924244596,42.93069339632154,"tensor([[0.5000]], dtype=torch.float64)",tensor([-255]),['s']
26.0,27.995515508771874,25.624949779962314,25.893868003940018,"tensor([[0.5000]], dtype=torch.float64)",tensor([-255]),['s']
25.0,28.272438764213305,24.395857411641998,24.34124760046878,"tensor([[0.5000]], dtype=torch.float64)",tensor([-255]),['s']
62.0,59.23337273984248,61.69593554689484,61.71626486211756,"tensor([[0.5000]], dtype=torch.float64)",tensor([-255]),['n']
24.0,23.45617018877929,24.063514524137787,23.629631235706494,"tensor([[0.5000]], dtype=torch.float64)",tensor([-255]),['n']
50.0,48.7567231233722,50.34223826644245,50.257064366683586,"tensor([[0.5000]], dtype=torch.float64)",tensor([-255]),['s']
5.0,2.216988172387577,4.950315290928736,5.869804677555058,"tensor([[0.5000]], dtype=torch.float64)",tensor([-255]),['n']
38.0,34.54462881108772,37.92737111039097,37.833274868793076,"tensor([[0.5000]], dtype=torch.float64)",tensor([-255]),['n']
15.0,15.373735806801145,15.178502965787379,15.086056977599132,"tensor([[0.5000]], dtype=torch.float64)",tensor([-255]),['s']
9.0,64.28436865798068,8.730368587576786,8.916415084625996,"tensor([[0.5000]], dtype=torch.float64)",tensor([-255]),['n']
68.0,66.19841789496297,67.31385362133939,67.52198735374324,"tensor([[0.5000]], dtype=torch.float64)",tensor([-255]),['s']
59.0,8.58375778155905,58.813342233478416,58.814415792699485,"tensor([[0.5000]], dtype=torch.float64)",tensor([-255]),['s']
33.0,38.54225567472295,32.673346032992626,32.15194645211914,"tensor([[0.5000]], dtype=torch.float64)",tensor([-255]),['n']
36.0,37.671742785106005,35.93954645661601,35.53191476061756,"tensor([[0.5000]], dtype=torch.float64)",tensor([-255]),['n']
2.0,1.3573749059853846,0.9777775764931717,1.984603734659452,"tensor([[0.5000]], dtype=torch.float64)",tensor([-255]),['n']
14.0,14.364186230898351,13.848045406220212,14.134436812512533,"tensor([[0.5000]], dtype=torch.float64)",tensor([-255]),['n']
4.0,5.697802479973779,4.130622092799299,4.379818737622115,"tensor([[0.5000]], dtype=torch.float64)",tensor([-255]),['n']
20.0,20.466192084559296,19.468344134764877,19.99364631072362,"tensor([[0.5000]], dtype=torch.float64)",tensor([-255]),['s']
53.0,53.12562797659133,53.27491649477071,53.12385796372071,"tensor([[0.5000]], dtype=torch.float64)",tensor([-255]),['n']
36.0,37.130219460336384,35.66488316646975,35.78125271654786,"tensor([[0.5000]], dtype=torch.float64)",tensor([-255]),['n']
56.0,57.92104134709561,55.528429527536844,55.39448959885984,"tensor([[0.5000]], dtype=torch.float64)",tensor([-255]),['n']
66.0,3.0061357359390044,62.07693033022024,65.01708158502088,"tensor([[0.5000]], dtype=torch.float64)",tensor([-255]),['s']
45.0,36.095275233125356,47.093996489229546,46.03114747942913,"tensor([[0.5000]], dtype=torch.float64)",tensor([-255]),['s']
48.0,49.20807196611376,48.9361193873925,48.965179972806546,"tensor([[0.5000]], dtype=torch.float64)",tensor([-255]),['n']
61.0,64.67124340448333,60.09751599904104,60.05202455078856,"tensor([[0.5000]], dtype=torch.float64)",tensor([-255]),['s']
0.0,67.93912998976637,0.0,0.08327457236619548,"tensor([[0.5000]], dtype=torch.float64)",tensor([-255]),['n']
44.0,41.751131551288175,44.17571051332037,45.00047195057474,"tensor([[0.5000]], dtype=torch.float64)",tensor([-255]),['s']
19.0,17.8697305792938,18.978597461165883,19.048353431419677,"tensor([[0.5000]], dtype=torch.float64)",tensor([-255]),['s']
33.0,39.5866670072848,33.00226648776053,31.00563492548584,"tensor([[0.5000]], dtype=torch.float64)",tensor([-255]),['s']
10.0,11.040782780397898,9.327112034665246,9.446472721689554,"tensor([[0.5000]], dtype=torch.float64)",tensor([-255]),['n']
52.0,50.92278083520515,52.138104869358074,52.77746239904951,"tensor([[0.5000]], dtype=torch.float64)",tensor([-255]),['s']
17.0,18.645171749799893,17.025929019301525,17.240601307888237,"tensor([[0.5000]], dtype=torch.float64)",tensor([-255]),['n']
32.0,29.40662777781536,32.05303003301684,32.067292748022254,"tensor([[0.5000]], dtype=torch.float64)",tensor([-255]),['n']
32.0,31.58789164676763,32.08093852991659,24.930506596240377,"tensor([[0.5000]], dtype=torch.float64)",tensor([-255]),['s']
5.0,2.2879981428309906,4.786011145769944,4.906184700934182,"tensor([[0.5000]], dtype=torch.float64)",tensor([-255]),['s']
50.0,51.62658889154098,50.24609443227973,50.19239450032054,"tensor([[0.5000]], dtype=torch.float64)",tensor([-255]),['n']
38.0,46.18805747747921,37.89266727159293,38.086295698210336,"tensor([[0.5000]], dtype=torch.float64)",tensor([-255]),['s']
64.0,62.69323903205071,63.087184133277944,62.994989456300175,"tensor([[0.5000]], dtype=torch.float64)",tensor([-255]),['n']
44.0,41.540196550899395,44.327035524792755,44.4060495385125,"tensor([[0.5000]], dtype=torch.float64)",tensor([-255]),['n']
38.0,41.894024037533306,38.23689766456533,38.917710968019996,"tensor([[0.5000]], dtype=torch.float64)",tensor([-255]),['n']
23.0,27.293175356536395,22.68307224506652,22.788532786613718,"tensor([[0.5000]], dtype=torch.float64)",tensor([-255]),['n']
39.0,37.520365856574614,39.04346034445036,39.33172657533509,"tensor([[0.5000]], dtype=torch.float64)",tensor([-255]),['n']
62.0,60.60513807034543,61.286947881807535,61.1074511381525,"tensor([[0.5000]], dtype=torch.float64)",tensor([-255]),['n']
29.0,28.845573994275913,29.533598676625083,29.479966759932914,"tensor([[0.5000]], dtype=torch.float64)",tensor([-255]),['s']
22.0,22.9461087351153,21.972074726686543,21.942818051191143,"tensor([[0.5000]], dtype=torch.float64)",tensor([-255]),['n']
12.0,12.230522577695918,11.257632853128985,11.195687462988362,"tensor([[0.5000]], dtype=torch.float64)",tensor([-255]),['n']
50.0,49.975729123044566,50.28078306422517,50.6233179602344,"tensor([[0.5000]], dtype=torch.float64)",tensor([-255]),['n']
31.0,29.327397689156182,31.489030948889408,31.158920380958453,"tensor([[0.5000]], dtype=torch.float64)",tensor([-255]),['n']
19.0,18.966788391801085,18.92961159550143,19.03726561544368,"tensor([[0.5000]], dtype=torch.float64)",tensor([-255]),['s']
18.0,19.64474135825674,17.872624759906092,17.965402006374653,"tensor([[0.5000]], dtype=torch.float64)",tensor([-255]),['n']
53.0,52.877762292701405,53.225854898108985,53.05965341084973,"tensor([[0.5000]], dtype=torch.float64)",tensor([-255]),['s']
9.0,11.039472663292997,8.875775071604204,9.020360281707141,"tensor([[0.5000]], dtype=torch.float64)",tensor([-255]),['s']
24.0,26.19027509043144,23.1463394247814,23.403878233211326,"tensor([[0.5000]], dtype=torch.float64)",tensor([-255]),['n']
34.0,31.812939867172116,34.116480395334065,34.09520244084203,"tensor([[0.5000]], dtype=torch.float64)",tensor([-255]),['s']
23.0,23.328721845773586,22.631898751730898,22.197011665753482,"tensor([[0.5000]], dtype=torch.float64)",tensor([-255]),['s']
23.0,23.578741248315524,23.700629274431595,22.98874844663443,"tensor([[0.5000]], dtype=torch.float64)",tensor([-255]),['s']
48.0,49.83888911067352,48.15017955738158,50.833553979635745,"tensor([[0.5000]], dtype=torch.float64)",tensor([-255]),['s']
54.0,54.185672458212785,53.91099390912563,53.98568434384891,"tensor([[0.5000]], dtype=torch.float64)",tensor([-255]),['s']
26.0,31.35655288217082,24.846644943038875,25.015024974258136,"tensor([[0.5000]], dtype=torch.float64)",tensor([-255]),['s']
63.0,63.59600063725682,60.26584395329897,61.38763618624344,"tensor([[0.5000]], dtype=torch.float64)",tensor([-255]),['s']
6.0,71.0,5.68354393309685,5.814894670123363,"tensor([[0.5000]], dtype=torch.float64)",tensor([-255]),['n']
11.0,11.005543055527422,10.760497408485605,11.29682053564121,"tensor([[0.5000]], dtype=torch.float64)",tensor([-255]),['s']
46.0,48.706340594327514,46.48800326837152,46.74880579796765,"tensor([[0.5000]], dtype=torch.float64)",tensor([-255]),['n']
66.0,62.534800114830794,65.77733270275967,62.33683313005452,"tensor([[0.5000]], dtype=torch.float64)",tensor([-255]),['s']
4.0,3.450594223976679,3.237597939403613,3.3684425761956382,"tensor([[0.5000]], dtype=torch.float64)",tensor([-255]),['n']
35.0,39.298868468815016,34.13529260053265,30.86632907028395,"tensor([[0.5000]], dtype=torch.float64)",tensor([-255]),['s']
21.0,20.81126320367232,20.9651251273437,20.78504673839742,"tensor([[0.5000]], dtype=torch.float64)",tensor([-255]),['s']
71.0,70.14132128351497,71.0,0.06335388672399789,"tensor([[0.5000]], dtype=torch.float64)",tensor([-255]),['n']
27.0,29.106400043755357,26.79778147066225,25.374883531297026,"tensor([[0.5000]], dtype=torch.float64)",tensor([-255]),['s']
18.0,16.021500724527407,18.122933222309488,17.93321722391016,"tensor([[0.5000]], dtype=torch.float64)",tensor([-255]),['s']
51.0,50.989393137661416,51.54667858913056,51.837477177914906,"tensor([[0.5000]], dtype=torch.float64)",tensor([-255]),['s']
58.0,56.22767872362613,57.71229387150927,57.84389585961462,"tensor([[0.5000]], dtype=torch.float64)",tensor([-255]),['s']
65.0,66.20730036018796,64.6532008596587,65.01724064542607,"tensor([[0.5000]], dtype=torch.float64)",tensor([-255]),['s']
46.0,35.33188583887275,46.66251563818864,46.67595149866399,"tensor([[0.5000]], dtype=torch.float64)",tensor([-255]),['n']
11.0,11.874956267203528,11.036724623226483,11.10926710245461,"tensor([[0.5000]], dtype=torch.float64)",tensor([-255]),['s']
61.0,60.59354997717112,60.429928250840426,60.16277221219864,"tensor([[0.5000]], dtype=torch.float64)",tensor([-255]),['n']
41.0,43.9967186135772,40.95333899080946,41.06646462367182,"tensor([[0.5000]], dtype=torch.float64)",tensor([-255]),['n']
50.0,49.73956719618942,50.30737959190705,50.58691814651955,"tensor([[0.5000]], dtype=torch.float64)",tensor([-255]),['s']
14.0,15.112943393674822,13.75432032050282,13.96131894662549,"tensor([[0.5000]], dtype=torch.float64)",tensor([-255]),['n']
17.0,15.878271314861607,17.316367978724745,17.088856136326257,"tensor([[0.5000]], dtype=torch.float64)",tensor([-255]),['s']
65.0,69.3485036816351,64.52823350423235,64.38268665893,"tensor([[0.5000]], dtype=torch.float64)",tensor([-255]),['n']
46.0,46.02210763650319,46.66081878042487,46.721537266269316,"tensor([[0.5000]], dtype=torch.float64)",tensor([-255]),['s']
50.0,47.01255773322581,50.45953833307665,50.638433077541606,"tensor([[0.5000]], dtype=torch.float64)",tensor([-255]),['n']
44.0,44.67357882857783,44.38144750410203,44.71315350119254,"tensor([[0.5000]], dtype=torch.float64)",tensor([-255]),['n']
35.0,34.853053490004726,35.13063653539229,34.98439086658882,"tensor([[0.5000]], dtype=torch.float64)",tensor([-255]),['s']
40.0,42.82565614563719,40.85696616242912,40.966822057470424,"tensor([[0.5000]], dtype=torch.float64)",tensor([-255]),['s']
42.0,34.53259404806852,42.530063550423144,43.09499172588851,"tensor([[0.5000]], dtype=torch.float64)",tensor([-255]),['n']
6.0,58.612421945885366,5.885462064331012,6.121096167448565,"tensor([[0.5000]], dtype=torch.float64)",tensor([-255]),['n']
18.0,24.14638368763776,18.244969215002016,18.150590987392516,"tensor([[0.5000]], dtype=torch.float64)",tensor([-255]),['s']
62.0,63.07648895523178,58.810457049263036,59.851947066593226,"tensor([[0.5000]], dtype=torch.float64)",tensor([-255]),['s']
49.0,47.970458932793505,49.670167329381286,49.94897466090496,"tensor([[0.5000]], dtype=torch.float64)",tensor([-255]),['n']
1.0,70.78414495559917,0.9877445160180218,1.0483074020917083,"tensor([[0.5000]], dtype=torch.float64)",tensor([-255]),['n']
58.0,58.07554252579884,57.36197469089794,57.2703687127473,"tensor([[0.5000]], dtype=torch.float64)",tensor([-255]),['n']
43.0,43.73034707802706,43.84916226594523,43.710827242225704,"tensor([[0.5000]], dtype=torch.float64)",tensor([-255]),['s']
7.0,5.0362675448340415,7.162999081901194,7.1347661800471815,"tensor([[0.5000]], dtype=torch.float64)",tensor([-255]),['s']
38.0,35.55941347026345,38.06254350891838,38.08463012135014,"tensor([[0.5000]], dtype=torch.float64)",tensor([-255]),['s']
49.0,51.12911135083006,49.18543016408962,49.1104274210014,"tensor([[0.5000]], dtype=torch.float64)",tensor([-255]),['n']
45.0,42.91435610247039,45.41311705225209,45.98026627248142,"tensor([[0.5000]], dtype=torch.float64)",tensor([-255]),['s']
54.0,59.063244553617906,53.88350868456832,53.97929875438128,"tensor([[0.5000]], dtype=torch.float64)",tensor([-255]),['s']
48.0,49.84963957669187,48.29028194596123,48.94490984660525,"tensor([[0.5000]], dtype=torch.float64)",tensor([-255]),['n']
68.0,65.45795954385187,67.86699831856922,68.0830647335518,"tensor([[0.5000]], dtype=torch.float64)",tensor([-255]),['n']
63.0,61.117321690861736,62.82062629462375,62.827294181420896,"tensor([[0.5000]], dtype=torch.float64)",tensor([-255]),['n']
5.0,6.031427972360306,4.939524870129967,5.708382276504769,"tensor([[0.5000]], dtype=torch.float64)",tensor([-255]),['n']
15.0,63.99540353212697,14.908056478686566,15.298149945799281,"tensor([[0.5000]], dtype=torch.float64)",tensor([-255]),['s']
47.0,46.92329901502788,47.273381358099286,48.80007839362329,"tensor([[0.5000]], dtype=torch.float64)",tensor([-255]),['s']
23.0,21.743285819918253,23.02205651961252,22.81048805157653,"tensor([[0.5000]], dtype=torch.float64)",tensor([-255]),['n']
53.0,54.70015608262757,53.01193721987596,53.00462895704864,"tensor([[0.5000]], dtype=torch.float64)",tensor([-255]),['n']
46.0,47.18238497671827,46.245883974867596,46.4336786952682,"tensor([[0.5000]], dtype=torch.float64)",tensor([-255]),['s']
59.0,59.05009508736756,58.52969392409822,57.954543793512556,"tensor([[0.5000]], dtype=torch.float64)",tensor([-255]),['n']
18.0,20.202991946566428,18.026646342535592,17.959546680467565,"tensor([[0.5000]], dtype=torch.float64)",tensor([-255]),['s']
29.0,29.98579929318347,29.087909599814246,29.043513636833598,"tensor([[0.5000]], dtype=torch.float64)",tensor([-255]),['s']
5.0,4.3249881603452325,4.88253529944949,7.968742462589089,"tensor([[0.5000]], dtype=torch.float64)",tensor([-255]),['n']
42.0,39.763760809625296,42.37857124995252,42.627107779733215,"tensor([[0.5000]], dtype=torch.float64)",tensor([-255]),['s']
11.0,9.92382979177236,10.661765249329804,10.84138349929189,"tensor([[0.5000]], dtype=torch.float64)",tensor([-255]),['n']
64.0,62.10929890742733,63.43462718582322,63.249335822357985,"tensor([[0.5000]], dtype=torch.float64)",tensor([-255]),['s']
42.0,44.13473462452171,42.74292710962141,42.860636910216705,"tensor([[0.5000]], dtype=torch.float64)",tensor([-255]),['n']
61.0,62.895111810025924,60.671625905790826,59.70079229796008,"tensor([[0.5000]], dtype=torch.float64)",tensor([-255]),['n']
48.0,49.51541182106563,48.875126015833274,48.99838273619446,"tensor([[0.5000]], dtype=torch.float64)",tensor([-255]),['s']
5.0,7.547725802496936,5.059675576048355,5.022135921680167,"tensor([[0.5000]], dtype=torch.float64)",tensor([-255]),['s']
9.0,9.771923598110188,9.637791379579026,9.080108924601113,"tensor([[0.5000]], dtype=torch.float64)",tensor([-255]),['s']
8.0,5.504140892092471,8.856027752792965,9.031812665758,"tensor([[0.5000]], dtype=torch.float64)",tensor([-255]),['n']
11.0,12.858778028961073,11.41220301550622,11.242072232325116,"tensor([[0.5000]], dtype=torch.float64)",tensor([-255]),['n']
47.0,36.091929496956325,47.36570742489753,48.29825879205832,"tensor([[0.5000]], dtype=torch.float64)",tensor([-255]),['s']
27.0,60.2658978468088,26.777778969793907,26.963323988103177,"tensor([[0.5000]], dtype=torch.float64)",tensor([-255]),['n']
56.0,56.673930064921855,55.747438185698506,55.76226220806018,"tensor([[0.5000]], dtype=torch.float64)",tensor([-255]),['n']
71.0,70.93193691382834,70.53561421264187,70.84431899398247,"tensor([[0.5000]], dtype=torch.float64)",tensor([-255]),['s']
17.0,19.62229436197649,17.073734219724766,17.023645017278817,"tensor([[0.5000]], dtype=torch.float64)",tensor([-255]),['s']
54.0,53.98219477301691,53.97243762073042,54.00071665024914,"tensor([[0.5000]], dtype=torch.float64)",tensor([-255]),['n']
65.0,63.191914055703045,64.32810830438727,63.994833763603765,"tensor([[0.5000]], dtype=torch.float64)",tensor([-255]),['n']
51.0,53.09714570743637,51.35673681309548,51.87354341793152,"tensor([[0.5000]], dtype=torch.float64)",tensor([-255]),['s']
45.0,41.878573090908674,46.17848075697343,47.71169702373427,"tensor([[0.5000]], dtype=torch.float64)",tensor([-255]),['s']
39.0,43.7635862546095,39.738983257125135,39.82729669388972,"tensor([[0.5000]], dtype=torch.float64)",tensor([-255]),['s']
5.0,6.354586192533613,4.693868230214546,4.869424499395888,"tensor([[0.5000]], dtype=torch.float64)",tensor([-255]),['n']
8.0,5.3324060964939655,8.228186151467424,8.094383357397422,"tensor([[0.5000]], dtype=torch.float64)",tensor([-255]),['s']
3.0,70.80882743514198,2.7069375530045168,3.847888975314572,"tensor([[0.5000]], dtype=torch.float64)",tensor([-255]),['n']
25.0,23.74440739342571,24.866030359990074,24.39779441448934,"tensor([[0.5000]], dtype=torch.float64)",tensor([-255]),['n']
61.0,60.61368415573806,60.07483426014506,60.20231812676473,"tensor([[0.5000]], dtype=torch.float64)",tensor([-255]),['n']
45.0,43.267148343237125,46.07647248739733,47.027246255854436,"tensor([[0.5000]], dtype=torch.float64)",tensor([-255]),['s']
24.0,33.620888312899666,24.005814778689373,24.096232032968686,"tensor([[0.5000]], dtype=torch.float64)",tensor([-255]),['n']
43.0,45.1683904095771,43.47725294589053,43.748578928040594,"tensor([[0.5000]], dtype=torch.float64)",tensor([-255]),['n']
18.0,19.886793610067123,17.99043196483429,18.012199975020387,"tensor([[0.5000]], dtype=torch.float64)",tensor([-255]),['n']
40.0,40.1143753483436,39.974967442097025,39.91493862602569,"tensor([[0.5000]], dtype=torch.float64)",tensor([-255]),['n']
20.0,19.035414372748015,19.781769197184232,19.846356403448127,"tensor([[0.5000]], dtype=torch.float64)",tensor([-255]),['s']
63.0,64.11946588968149,62.10240117778651,61.94866279860642,"tensor([[0.5000]], dtype=torch.float64)",tensor([-255]),['s']
21.0,20.45962573960837,20.72029961716987,20.863228842568248,"tensor([[0.5000]], dtype=torch.float64)",tensor([-255]),['s']
36.0,35.90536881696487,35.92855993581367,35.286395164406564,"tensor([[0.5000]], dtype=torch.float64)",tensor([-255]),['n']
61.0,62.087934940489205,60.24993731496797,60.19273096046297,"tensor([[0.5000]], dtype=torch.float64)",tensor([-255]),['s']
63.0,50.97621939946792,62.034844023334394,61.99382670887139,"tensor([[0.5000]], dtype=torch.float64)",tensor([-255]),['s']
13.0,14.156472725440766,12.965839018511678,12.81245902740845,"tensor([[0.5000]], dtype=torch.float64)",tensor([-255]),['n']
28.0,29.8793376508811,27.673547479229004,27.20809036339958,"tensor([[0.5000]], dtype=torch.float64)",tensor([-255]),['n']
9.0,69.1699208510992,8.836064957689556,9.105943143093022,"tensor([[0.5000]], dtype=torch.float64)",tensor([-255]),['n']
38.0,37.824512720773356,38.06652548273133,37.19601678700215,"tensor([[0.5000]], dtype=torch.float64)",tensor([-255]),['n']
3.0,4.0760647367894185,2.46149312658588,2.995479603499544,"tensor([[0.5000]], dtype=torch.float64)",tensor([-255]),['s']
19.0,20.070791105180255,19.080348562714175,18.995789488987505,"tensor([[0.5000]], dtype=torch.float64)",tensor([-255]),['n']
9.0,9.082893816546882,9.232581118750756,10.563417718609706,"tensor([[0.5000]], dtype=torch.float64)",tensor([-255]),['s']
16.0,14.966770915488896,16.39061238673476,16.23060335233503,"tensor([[0.5000]], dtype=torch.float64)",tensor([-255]),['s']
15.0,10.570847635752747,15.25247413900425,15.350337350105947,"tensor([[0.5000]], dtype=torch.float64)",tensor([-255]),['n']
36.0,36.66261417506058,23.14079105882948,34.24264243587947,"tensor([[0.5000]], dtype=torch.float64)",tensor([-255]),['s']
68.0,69.10959334979174,67.33519763393083,66.9382164189641,"tensor([[0.5000]], dtype=torch.float64)",tensor([-255]),['n']
55.0,57.09136445397149,54.983351374968194,54.800917921042654,"tensor([[0.5000]], dtype=torch.float64)",tensor([-255]),['s']
14.0,13.45719257157755,14.114202951683753,14.081659198551245,"tensor([[0.5000]], dtype=torch.float64)",tensor([-255]),['s']
15.0,46.80134076715479,14.721405429879281,14.858823560698385,"tensor([[0.5000]], dtype=torch.float64)",tensor([-255]),['n']
50.0,51.89689977832111,51.02503112515987,50.766061501875456,"tensor([[0.5000]], dtype=torch.float64)",tensor([-255]),['s']
37.0,34.75339315580332,36.59999404970201,36.4029256262864,"tensor([[0.5000]], dtype=torch.float64)",tensor([-255]),['s']
15.0,68.2010420136351,15.10750081164953,15.331865934710153,"tensor([[0.5000]], dtype=torch.float64)",tensor([-255]),['n']
61.0,59.88048395686121,60.371685298265966,60.16056672867077,"tensor([[0.5000]], dtype=torch.float64)",tensor([-255]),['n']
59.0,59.03891660848768,58.92184223648188,58.81320705634506,"tensor([[0.5000]], dtype=torch.float64)",tensor([-255]),['s']
19.0,18.99330356054554,18.73914127014271,18.953443100070068,"tensor([[0.5000]], dtype=torch.float64)",tensor([-255]),['s']
8.0,6.907122187508005,7.828627141657969,7.919058761326672,"tensor([[0.5000]], dtype=torch.float64)",tensor([-255]),['n']
7.0,7.716396193933136,6.76512012119061,6.926353085750506,"tensor([[0.5000]], dtype=torch.float64)",tensor([-255]),['s']
68.0,67.05887570481175,67.63665955724139,67.00647679183454,"tensor([[0.5000]], dtype=torch.float64)",tensor([-255]),['n']
53.0,38.97747040738344,53.288664815991886,53.13299217541622,"tensor([[0.5000]], dtype=torch.float64)",tensor([-255]),['s']
29.0,28.713689748482594,27.68538753421389,28.697672286561186,"tensor([[0.5000]], dtype=torch.float64)",tensor([-255]),['s']
19.0,22.371984958966934,18.805055162202787,18.873405068760842,"tensor([[0.5000]], dtype=torch.float64)",tensor([-255]),['s']
60.0,61.11557676644861,59.757256001218195,59.8606498384967,"tensor([[0.5000]], dtype=torch.float64)",tensor([-255]),['n']
2.0,2.157987469766829,2.417198583843895,2.357224763173116,"tensor([[0.5000]], dtype=torch.float64)",tensor([-255]),['n']
30.0,29.23542266758469,30.3040826521592,29.69771452943568,"tensor([[0.5000]], dtype=torch.float64)",tensor([-255]),['n']
66.0,14.375760646876962,61.46413511284907,65.76989567203216,"tensor([[0.5000]], dtype=torch.float64)",tensor([-255]),['s']
20.0,52.032899697085014,20.014696335422062,20.012597951537,"tensor([[0.5000]], dtype=torch.float64)",tensor([-255]),['s']
66.0,67.75115694968491,62.1619629549806,64.13992647372054,"tensor([[0.5000]], dtype=torch.float64)",tensor([-255]),['n']
48.0,38.496547903313335,48.199892702825366,48.172381444258626,"tensor([[0.5000]], dtype=torch.float64)",tensor([-255]),['s']
59.0,59.64565797430569,59.1348842672623,58.74369559171609,"tensor([[0.5000]], dtype=torch.float64)",tensor([-255]),['s']
13.0,12.779014988441835,12.71618297619802,12.92749169788725,"tensor([[0.5000]], dtype=torch.float64)",tensor([-255]),['n']
42.0,40.33187811311785,42.7444283928588,43.05575850087251,"tensor([[0.5000]], dtype=torch.float64)",tensor([-255]),['s']
23.0,21.805354884413187,23.68735524954529,23.341985194435296,"tensor([[0.5000]], dtype=torch.float64)",tensor([-255]),['s']
42.0,44.706827447047836,42.77351692019048,42.82101919869869,"tensor([[0.5000]], dtype=torch.float64)",tensor([-255]),['s']
47.0,46.15094541531523,48.02584229900986,48.32199179212492,"tensor([[0.5000]], dtype=torch.float64)",tensor([-255]),['s']
55.0,55.54180725856617,54.92329425550395,54.984486476186426,"tensor([[0.5000]], dtype=torch.float64)",tensor([-255]),['s']
63.0,65.16200147737136,60.23977181334867,62.74024236869354,"tensor([[0.5000]], dtype=torch.float64)",tensor([-255]),['s']
48.0,47.94478514114989,48.563159816733325,48.760357818991984,"tensor([[0.5000]], dtype=torch.float64)",tensor([-255]),['n']
71.0,70.18344499127595,70.82353697431977,70.40299252511718,"tensor([[0.5000]], dtype=torch.float64)",tensor([-255]),['s']
48.0,45.95000581596426,48.23489669388498,48.95829223246878,"tensor([[0.5000]], dtype=torch.float64)",tensor([-255]),['n']
33.0,37.88361419643645,33.03962181956022,32.65936314503815,"tensor([[0.5000]], dtype=torch.float64)",tensor([-255]),['s']
70.0,68.0702648098873,70.27315320700005,69.87047599555062,"tensor([[0.5000]], dtype=torch.float64)",tensor([-255]),['n']
61.0,61.119618465411456,60.79113564524228,60.62231859128603,"tensor([[0.5000]], dtype=torch.float64)",tensor([-255]),['s']
32.0,29.604651362557746,31.316774981311152,31.85365901418585,"tensor([[0.5000]], dtype=torch.float64)",tensor([-255]),['s']
43.0,45.012465733187426,44.004744496554686,44.168536676389174,"tensor([[0.5000]], dtype=torch.float64)",tensor([-255]),['n']
9.0,70.94962568839118,9.520158907086328,9.615382818590842,"tensor([[0.5000]], dtype=torch.float64)",tensor([-255]),['n']
69.0,10.352230518175833,68.87655148526522,68.77732574659865,"tensor([[0.5000]], dtype=torch.float64)",tensor([-255]),['n']
22.0,23.97280925868928,22.1833258660144,22.09166716677789,"tensor([[0.5000]], dtype=torch.float64)",tensor([-255]),['n']
57.0,56.577863454556876,56.24578028527647,56.6157904838627,"tensor([[0.5000]], dtype=torch.float64)",tensor([-255]),['s']
67.0,68.95735819016274,66.7866771755088,66.99939404699867,"tensor([[0.5000]], dtype=torch.float64)",tensor([-255]),['s']
62.0,62.05636750054542,61.60430385969301,61.31179739238533,"tensor([[0.5000]], dtype=torch.float64)",tensor([-255]),['n']
54.0,52.7835307901822,54.113060869125,54.0427715012616,"tensor([[0.5000]], dtype=torch.float64)",tensor([-255]),['n']
39.0,42.46125378613175,40.44126564536882,39.66545198537447,"tensor([[0.5000]], dtype=torch.float64)",tensor([-255]),['s']
34.0,32.055217642867916,34.182110272345135,34.2297697850233,"tensor([[0.5000]], dtype=torch.float64)",tensor([-255]),['n']
24.0,36.00213216139911,24.578584870725575,24.02344324454972,"tensor([[0.5000]], dtype=torch.float64)",tensor([-255]),['s']
6.0,70.82889004886604,5.782178293634907,6.200560786947985,"tensor([[0.5000]], dtype=torch.float64)",tensor([-255]),['n']
8.0,4.895258018515464,7.917570145664904,9.457610328095047,"tensor([[0.5000]], dtype=torch.float64)",tensor([-255]),['s']
0.0,60.68563328943925,0.0,0.0,"tensor([[0.5000]], dtype=torch.float64)",tensor([-255]),['s']
65.0,1.7946138045314308,64.69009196625767,63.05508097054897,"tensor([[0.5000]], dtype=torch.float64)",tensor([-255]),['n']
38.0,41.00485778590587,38.379358371620405,38.58627120994021,"tensor([[0.5000]], dtype=torch.float64)",tensor([-255]),['s']
57.0,56.22598355030043,56.85229676879249,56.64665504875739,"tensor([[0.5000]], dtype=torch.float64)",tensor([-255]),['n']
4.0,71.0,3.715433898100029,3.779424499555851,"tensor([[0.5000]], dtype=torch.float64)",tensor([-255]),['n']
14.0,46.698709714627476,14.112136262150146,14.815121927427873,"tensor([[0.5000]], dtype=torch.float64)",tensor([-255]),['s']
28.0,27.040320928737586,28.145256461241402,27.945016881965014,"tensor([[0.5000]], dtype=torch.float64)",tensor([-255]),['n']
49.0,45.00657879181095,50.043204081539244,49.838578139482124,"tensor([[0.5000]], dtype=torch.float64)",tensor([-255]),['s']
65.0,64.22439822533337,63.893266054633045,64.08222308916321,"tensor([[0.5000]], dtype=torch.float64)",tensor([-255]),['s']
42.0,44.77442935150644,42.74940332049825,42.45882277755443,"tensor([[0.5000]], dtype=torch.float64)",tensor([-255]),['s']
1.0,2.2211247922824198,0.10072643030046341,0.5462804017046765,"tensor([[0.5000]], dtype=torch.float64)",tensor([-255]),['n']
9.0,10.790134750002888,8.688933705491682,8.882530000883436,"tensor([[0.5000]], dtype=torch.float64)",tensor([-255]),['n']
11.0,12.876053591489843,11.04144212327424,11.01072285414792,"tensor([[0.5000]], dtype=torch.float64)",tensor([-255]),['s']
34.0,32.58475975729872,34.27003514681345,34.08652813337837,"tensor([[0.5000]], dtype=torch.float64)",tensor([-255]),['s']
31.0,35.150176556939854,31.357458205704695,31.74117146771328,"tensor([[0.5000]], dtype=torch.float64)",tensor([-255]),['s']
4.0,68.95805921932687,4.0377890497271025,4.608386407152306,"tensor([[0.5000]], dtype=torch.float64)",tensor([-255]),['s']
11.0,10.665486451148839,11.132875700597355,11.063694039341463,"tensor([[0.5000]], dtype=torch.float64)",tensor([-255]),['n']
66.0,69.3096154099115,65.61753425823736,65.03140618368606,"tensor([[0.5000]], dtype=torch.float64)",tensor([-255]),['n']
58.0,7.564038663165546,57.95726285786425,57.74554995579497,"tensor([[0.5000]], dtype=torch.float64)",tensor([-255]),['s']
65.0,63.63978184101656,64.21842264647658,64.59277684020627,"tensor([[0.5000]], dtype=torch.float64)",tensor([-255]),['s']
7.0,69.63142527057312,6.530366208502488,7.009781947834671,"tensor([[0.5000]], dtype=torch.float64)",tensor([-255]),['s']
22.0,24.216636219945606,21.856345559622852,21.965450503833065,"tensor([[0.5000]], dtype=torch.float64)",tensor([-255]),['n']
30.0,29.26669993600116,30.385447759935833,30.109936850201453,"tensor([[0.5000]], dtype=torch.float64)",tensor([-255]),['n']
30.0,27.80018683414503,30.295212925151777,30.710740259110455,"tensor([[0.5000]], dtype=torch.float64)",tensor([-255]),['n']
5.0,8.11535544851989,4.496766154169076,4.690048428222898,"tensor([[0.5000]], dtype=torch.float64)",tensor([-255]),['s']
48.0,46.984029705805796,48.408017777090265,48.93445277574238,"tensor([[0.5000]], dtype=torch.float64)",tensor([-255]),['n']
59.0,57.0585656891916,59.02556921885175,58.852352309105235,"tensor([[0.5000]], dtype=torch.float64)",tensor([-255]),['s']
25.0,23.77171992300019,25.423458190572852,25.203573314081545,"tensor([[0.5000]], dtype=torch.float64)",tensor([-255]),['n']
58.0,59.971164182277874,57.558953708983914,57.36909992828006,"tensor([[0.5000]], dtype=torch.float64)",tensor([-255]),['n']
37.0,39.21694975545901,37.16405464656592,37.239403447379395,"tensor([[0.5000]], dtype=torch.float64)",tensor([-255]),['n']
21.0,20.33870458560209,21.278744601024766,21.058592106904193,"tensor([[0.5000]], dtype=torch.float64)",tensor([-255]),['n']
38.0,38.95542755377744,37.865292803780406,38.450449473461234,"tensor([[0.5000]], dtype=torch.float64)",tensor([-255]),['n']
30.0,27.763326339710627,29.96643368337142,29.873990884719618,"tensor([[0.5000]], dtype=torch.float64)",tensor([-255]),['s']
34.0,34.7826463465415,33.820738111635556,33.9197667398635,"tensor([[0.5000]], dtype=torch.float64)",tensor([-255]),['s']
70.0,63.88015145713533,69.96024335914534,70.05356396046793,"tensor([[0.5000]], dtype=torch.float64)",tensor([-255]),['n']
45.0,46.78072042204111,45.87619314311203,46.51879685094152,"tensor([[0.5000]], dtype=torch.float64)",tensor([-255]),['s']
47.0,46.01922693080238,47.05903300251745,48.1517425699577,"tensor([[0.5000]], dtype=torch.float64)",tensor([-255]),['n']
44.0,45.34175785305494,44.814978010617295,46.16236834867861,"tensor([[0.5000]], dtype=torch.float64)",tensor([-255]),['s']
63.0,63.94296662874085,62.58681704245611,62.83361721193714,"tensor([[0.5000]], dtype=torch.float64)",tensor([-255]),['n']
15.0,13.957198881428834,15.009814141516449,15.083128682020043,"tensor([[0.5000]], dtype=torch.float64)",tensor([-255]),['n']
43.0,42.15426539672286,43.23127230635706,43.52745032298405,"tensor([[0.5000]], dtype=torch.float64)",tensor([-255]),['n']
13.0,9.957060285177498,12.932399247924009,13.57667114428406,"tensor([[0.5000]], dtype=torch.float64)",tensor([-255]),['n']
37.0,38.27454058795797,36.99897965533025,37.41349806365273,"tensor([[0.5000]], dtype=torch.float64)",tensor([-255]),['n']
62.0,61.99759190057043,61.83466540904441,61.84807501830248,"tensor([[0.5000]], dtype=torch.float64)",tensor([-255]),['n']
27.0,27.197601617609706,27.378298880183635,26.93222220506357,"tensor([[0.5000]], dtype=torch.float64)",tensor([-255]),['s']
47.0,35.83846662668577,47.35875490692101,48.799958889722504,"tensor([[0.5000]], dtype=torch.float64)",tensor([-255]),['s']
32.0,29.127052814733425,32.10429617342695,30.800079801456054,"tensor([[0.5000]], dtype=torch.float64)",tensor([-255]),['n']
30.0,29.283737735266282,29.78376609068405,28.47303131329153,"tensor([[0.5000]], dtype=torch.float64)",tensor([-255]),['n']
49.0,9.981286671809325,49.39041151646757,49.68911281848309,"tensor([[0.5000]], dtype=torch.float64)",tensor([-255]),['s']
6.0,6.853982030242092,5.701694451524019,5.824388379558049,"tensor([[0.5000]], dtype=torch.float64)",tensor([-255]),['n']
36.0,37.87641690880776,36.26684467369315,36.10077842451831,"tensor([[0.5000]], dtype=torch.float64)",tensor([-255]),['s']
14.0,24.70698313910765,14.387013755545528,14.22997852402227,"tensor([[0.5000]], dtype=torch.float64)",tensor([-255]),['s']
5.0,4.9636345227375465,11.363768648477798,6.383486316714237,"tensor([[0.5000]], dtype=torch.float64)",tensor([-255]),['s']
61.0,62.739260981196956,60.62846989438323,60.27374126754045,"tensor([[0.5000]], dtype=torch.float64)",tensor([-255]),['s']
0.0,4.104017005397433,0.0,0.18222428015690495,"tensor([[0.5000]], dtype=torch.float64)",tensor([-255]),['s']
38.0,37.86764462702726,38.08388546052574,38.17133906481731,"tensor([[0.5000]], dtype=torch.float64)",tensor([-255]),['n']
15.0,14.831192726401602,14.939083612840207,15.5393912949662,"tensor([[0.5000]], dtype=torch.float64)",tensor([-255]),['s']
15.0,13.938417188367632,15.029827021438347,14.994284029055985,"tensor([[0.5000]], dtype=torch.float64)",tensor([-255]),['s']
30.0,26.893855795137895,30.048937329537022,29.988901640910253,"tensor([[0.5000]], dtype=torch.float64)",tensor([-255]),['n']
5.0,4.234784117139556,4.955595096236716,5.149951630309673,"tensor([[0.5000]], dtype=torch.float64)",tensor([-255]),['s']
31.0,32.13923519268658,30.89615590382212,30.326011520907805,"tensor([[0.5000]], dtype=torch.float64)",tensor([-255]),['n']
45.0,46.5461117071256,45.474763469237224,45.54894124073642,"tensor([[0.5000]], dtype=torch.float64)",tensor([-255]),['s']
55.0,52.709820239315704,54.981810945009286,54.96858602480953,"tensor([[0.5000]], dtype=torch.float64)",tensor([-255]),['s']
45.0,45.26600098179331,45.39069441204239,45.46964417085057,"tensor([[0.5000]], dtype=torch.float64)",tensor([-255]),['s']
62.0,64.0836623612814,61.7468023700237,61.77201610582419,"tensor([[0.5000]], dtype=torch.float64)",tensor([-255]),['s']
62.0,63.058659965052435,61.33479468588734,61.112499363680065,"tensor([[0.5000]], dtype=torch.float64)",tensor([-255]),['s']
70.0,70.65326468017636,70.15946272499592,70.04859784515503,"tensor([[0.5000]], dtype=torch.float64)",tensor([-255]),['s']
16.0,16.802399066038184,15.973018151021028,15.985313479997142,"tensor([[0.5000]], dtype=torch.float64)",tensor([-255]),['n']
50.0,50.14248718741151,50.06758575716108,50.437219324762154,"tensor([[0.5000]], dtype=torch.float64)",tensor([-255]),['s']
48.0,46.85775597900265,48.67674663651517,48.88082110932147,"tensor([[0.5000]], dtype=torch.float64)",tensor([-255]),['n']
26.0,24.065370059758834,26.462208546986023,25.967904607169125,"tensor([[0.5000]], dtype=torch.float64)",tensor([-255]),['s']
18.0,18.302930226450197,17.919367659854846,17.98920242336979,"tensor([[0.5000]], dtype=torch.float64)",tensor([-255]),['s']
24.0,23.942424553046067,23.969464370436413,23.934076269732312,"tensor([[0.5000]], dtype=torch.float64)",tensor([-255]),['n']
44.0,41.92062581638306,45.331305491562425,44.97112212283008,"tensor([[0.5000]], dtype=torch.float64)",tensor([-255]),['s']
13.0,13.952746526270179,13.401020971982424,13.273353148117192,"tensor([[0.5000]], dtype=torch.float64)",tensor([-255]),['n']
37.0,24.555549436010566,36.90096815128702,37.513403782294866,"tensor([[0.5000]], dtype=torch.float64)",tensor([-255]),['s']
16.0,45.79786330775085,16.195269768587078,16.178655509929428,"tensor([[0.5000]], dtype=torch.float64)",tensor([-255]),['n']
7.0,3.509397836887195,10.908911331184775,8.375005677705316,"tensor([[0.5000]], dtype=torch.float64)",tensor([-255]),['s']
41.0,33.624473964688136,46.79159466765092,41.80852828716342,"tensor([[0.5000]], dtype=torch.float64)",tensor([-255]),['s']
59.0,61.32875181540787,58.373530107993325,57.898945984192984,"tensor([[0.5000]], dtype=torch.float64)",tensor([-255]),['n']
39.0,40.15548737732882,39.65814399289403,39.48486464245972,"tensor([[0.5000]], dtype=torch.float64)",tensor([-255]),['n']
45.0,44.2452913075737,45.4362622527266,45.767226483624576,"tensor([[0.5000]], dtype=torch.float64)",tensor([-255]),['n']
48.0,32.095079878297874,48.92995376101013,49.01298256861999,"tensor([[0.5000]], dtype=torch.float64)",tensor([-255]),['s']
8.0,5.51148857391067,8.245872127099426,9.222440181975882,"tensor([[0.5000]], dtype=torch.float64)",tensor([-255]),['n']
11.0,10.480173997833607,10.841736809435455,11.146094266192646,"tensor([[0.5000]], dtype=torch.float64)",tensor([-255]),['n']
68.0,0.0,67.90577869490747,68.06084616555404,"tensor([[0.5000]], dtype=torch.float64)",tensor([-255]),['n']
49.0,46.92841865828008,49.72355887024033,49.73322900459108,"tensor([[0.5000]], dtype=torch.float64)",tensor([-255]),['n']
47.0,46.01686027809356,47.6682612120099,48.453128094471374,"tensor([[0.5000]], dtype=torch.float64)",tensor([-255]),['n']
7.0,7.362809137771871,7.29776862376635,8.048057771326143,"tensor([[0.5000]], dtype=torch.float64)",tensor([-255]),['s']
22.0,23.98024259807321,22.052461868424917,21.99786980263714,"tensor([[0.5000]], dtype=torch.float64)",tensor([-255]),['s']
69.0,65.22670176782617,68.6532299652955,68.87471738769524,"tensor([[0.5000]], dtype=torch.float64)",tensor([-255]),['s']
54.0,56.189865100578245,53.875013521822034,53.87653760351625,"tensor([[0.5000]], dtype=torch.float64)",tensor([-255]),['s']
54.0,20.989687393990792,54.38805637018465,54.08023748505528,"tensor([[0.5000]], dtype=torch.float64)",tensor([-255]),['s']
35.0,37.92283775080064,34.92235978403724,34.556638732011606,"tensor([[0.5000]], dtype=torch.float64)",tensor([-255]),['n']
13.0,13.887309703667427,13.22836409767939,13.211204690411162,"tensor([[0.5000]], dtype=torch.float64)",tensor([-255]),['n']
44.0,45.52836281530983,44.4691878766722,44.56017340740454,"tensor([[0.5000]], dtype=torch.float64)",tensor([-255]),['n']
71.0,69.05854312718921,71.0,71.0,"tensor([[0.5000]], dtype=torch.float64)",tensor([-255]),['n']
8.0,7.798832905403443,7.916416807860884,8.004164605125423,"tensor([[0.5000]], dtype=torch.float64)",tensor([-255]),['n']
13.0,11.150105316302263,13.368953283738126,13.733254904383198,"tensor([[0.5000]], dtype=torch.float64)",tensor([-255]),['s']
71.0,67.85972254394372,71.0,70.98560096105703,"tensor([[0.5000]], dtype=torch.float64)",tensor([-255]),['n']
32.0,36.42398010367185,32.32277280776335,32.25239030455579,"tensor([[0.5000]], dtype=torch.float64)",tensor([-255]),['n']
43.0,45.22426192162524,43.79508699950665,43.80771172915302,"tensor([[0.5000]], dtype=torch.float64)",tensor([-255]),['n']
38.0,40.65492134399127,38.10581620875486,38.58838403651083,"tensor([[0.5000]], dtype=torch.float64)",tensor([-255]),['n']
10.0,7.834016219648527,12.971132600642816,10.026574134993286,"tensor([[0.5000]], dtype=torch.float64)",tensor([-255]),['s']
39.0,36.27121649287142,39.14038206212144,39.752234981131366,"tensor([[0.5000]], dtype=torch.float64)",tensor([-255]),['n']
10.0,10.065080259653916,10.66096408153259,10.248173925191868,"tensor([[0.5000]], dtype=torch.float64)",tensor([-255]),['s']
1.0,39.35933195531574,0.8389538243254024,0.9199789270666876,"tensor([[0.5000]], dtype=torch.float64)",tensor([-255]),['n']
49.0,48.15127419396907,49.436528910937014,49.55408377215476,"tensor([[0.5000]], dtype=torch.float64)",tensor([-255]),['n']
36.0,31.282187023093925,36.025623457506896,35.99652365880586,"tensor([[0.5000]], dtype=torch.float64)",tensor([-255]),['s']
7.0,7.14214810471866,6.910178464310425,7.250919021423556,"tensor([[0.5000]], dtype=torch.float64)",tensor([-255]),['n']
40.0,40.97723111143975,40.15607353458906,40.154329548090814,"tensor([[0.5000]], dtype=torch.float64)",tensor([-255]),['n']
20.0,22.79321669535895,20.099647307810343,19.907265445502613,"tensor([[0.5000]], dtype=torch.float64)",tensor([-255]),['n']
31.0,31.63562629734335,30.80249878073562,30.824221858826128,"tensor([[0.5000]], dtype=torch.float64)",tensor([-255]),['n']
1.0,70.91592881700602,0.8875667018282839,1.0116900245279425,"tensor([[0.5000]], dtype=torch.float64)",tensor([-255]),['n']
18.0,18.14870047207746,18.16483613248642,18.076259921762393,"tensor([[0.5000]], dtype=torch.float64)",tensor([-255]),['n']
60.0,24.05360884851534,59.345251116903626,59.1272671645438,"tensor([[0.5000]], dtype=torch.float64)",tensor([-255]),['s']
65.0,64.67973009580545,64.36159646706504,63.88979767624621,"tensor([[0.5000]], dtype=torch.float64)",tensor([-255]),['s']
36.0,36.71033316148462,35.76086796034043,35.49792411392207,"tensor([[0.5000]], dtype=torch.float64)",tensor([-255]),['s']
45.0,32.816699668935634,45.4570586887023,47.843791025287985,"tensor([[0.5000]], dtype=torch.float64)",tensor([-255]),['s']
65.0,65.69657967186009,64.1863754453715,64.22591904726089,"tensor([[0.5000]], dtype=torch.float64)",tensor([-255]),['s']
61.0,59.89937146155228,60.56145064592485,60.45170816875036,"tensor([[0.5000]], dtype=torch.float64)",tensor([-255]),['n']
10.0,12.238825814386825,9.986056156392017,10.163397562028386,"tensor([[0.5000]], dtype=torch.float64)",tensor([-255]),['n']
63.0,61.08761594697233,62.418106015764145,62.25505725776794,"tensor([[0.5000]], dtype=torch.float64)",tensor([-255]),['n']
70.0,67.3638556943128,69.72415434514919,69.99097851547194,"tensor([[0.5000]], dtype=torch.float64)",tensor([-255]),['s']
26.0,26.684930768576855,25.082494364731886,25.59825167733993,"tensor([[0.5000]], dtype=torch.float64)",tensor([-255]),['s']
65.0,68.07782633060802,64.65142605393802,63.78850266372538,"tensor([[0.5000]], dtype=torch.float64)",tensor([-255]),['s']
55.0,57.28971468033937,55.28017075130191,54.62101405207477,"tensor([[0.5000]], dtype=torch.float64)",tensor([-255]),['s']
5.0,2.6642736615231133,5.139466807697952,5.257583011550994,"tensor([[0.5000]], dtype=torch.float64)",tensor([-255]),['n']
36.0,37.986510673930646,35.87118021797627,36.00745287360175,"tensor([[0.5000]], dtype=torch.float64)",tensor([-255]),['n']
1.0,0.7787718442473318,1.966205794554019,1.3347353217709879,"tensor([[0.5000]], dtype=torch.float64)",tensor([-255]),['s']
19.0,15.305076943188933,19.090255153117113,19.0325489391145,"tensor([[0.5000]], dtype=torch.float64)",tensor([-255]),['n']
40.0,39.04976198079163,39.59014046657283,40.33751202741055,"tensor([[0.5000]], dtype=torch.float64)",tensor([-255]),['s']
26.0,25.07911140051476,25.569787504225005,25.3792582635853,"tensor([[0.5000]], dtype=torch.float64)",tensor([-255]),['n']
10.0,9.608409649869731,10.282510871894162,10.144194255732325,"tensor([[0.5000]], dtype=torch.float64)",tensor([-255]),['s']
4.0,0.40792509427591456,3.9894445310143443,3.5374466519626764,"tensor([[0.5000]], dtype=torch.float64)",tensor([-255]),['n']
68.0,63.85656645828394,68.06320714270569,66.92068758384323,"tensor([[0.5000]], dtype=torch.float64)",tensor([-255]),['s']
21.0,22.938898333217043,20.836385347854776,20.94569789267481,"tensor([[0.5000]], dtype=torch.float64)",tensor([-255]),['s']
15.0,14.89397213531433,14.66017783790524,14.894537980851402,"tensor([[0.5000]], dtype=torch.float64)",tensor([-255]),['n']
6.0,8.971332363923354,7.710485369628066,7.259500530670939,"tensor([[0.5000]], dtype=torch.float64)",tensor([-255]),['s']
32.0,28.005218510526525,32.72023947058727,32.89344597215447,"tensor([[0.5000]], dtype=torch.float64)",tensor([-255]),['s']
24.0,25.9885685224936,23.846323331793787,23.43562815714861,"tensor([[0.5000]], dtype=torch.float64)",tensor([-255]),['n']
24.0,22.634618425827895,24.56208729298414,24.33306248061017,"tensor([[0.5000]], dtype=torch.float64)",tensor([-255]),['n']
18.0,14.954753863949843,17.9802218423817,17.980539615695932,"tensor([[0.5000]], dtype=torch.float64)",tensor([-255]),['s']
15.0,12.919534999985821,15.203701088545564,15.41443672871638,"tensor([[0.5000]], dtype=torch.float64)",tensor([-255]),['n']
65.0,66.80340064731796,64.56306995111156,64.63646623795024,"tensor([[0.5000]], dtype=torch.float64)",tensor([-255]),['n']
7.0,4.92640130639861,6.7883187850015405,6.652660692561064,"tensor([[0.5000]], dtype=torch.float64)",tensor([-255]),['s']
37.0,35.691709108200406,36.99521283695796,36.6351930950489,"tensor([[0.5000]], dtype=torch.float64)",tensor([-255]),['s']
11.0,10.029420497373351,11.077223309553917,10.830281788970268,"tensor([[0.5000]], dtype=torch.float64)",tensor([-255]),['s']
45.0,45.55443423670784,45.60840487490365,45.4150160916133,"tensor([[0.5000]], dtype=torch.float64)",tensor([-255]),['s']
5.0,69.54039459576809,4.524504131272341,4.52298180981703,"tensor([[0.5000]], dtype=torch.float64)",tensor([-255]),['s']
14.0,15.296805167506278,13.329983278998641,13.936933441970611,"tensor([[0.5000]], dtype=torch.float64)",tensor([-255]),['s']
17.0,24.822658371737504,17.123971606291835,17.148772140529893,"tensor([[0.5000]], dtype=torch.float64)",tensor([-255]),['n']
6.0,69.01396641417718,5.540055391536159,6.08081066029208,"tensor([[0.5000]], dtype=torch.float64)",tensor([-255]),['n']
9.0,10.075537461516612,8.809023136554995,9.115365948294597,"tensor([[0.5000]], dtype=torch.float64)",tensor([-255]),['s']
44.0,46.048879649213575,44.609151841810274,44.26643645043701,"tensor([[0.5000]], dtype=torch.float64)",tensor([-255]),['s']
25.0,24.782720903186288,25.406044410458748,25.310017397788208,"tensor([[0.5000]], dtype=torch.float64)",tensor([-255]),['s']
26.0,12.845554728012253,25.7741055213004,25.893535568934958,"tensor([[0.5000]], dtype=torch.float64)",tensor([-255]),['n']
48.0,46.58687719511911,48.211345141279544,49.13966868116038,"tensor([[0.5000]], dtype=torch.float64)",tensor([-255]),['n']
58.0,58.97629711062765,57.72401867565204,57.70109481787064,"tensor([[0.5000]], dtype=torch.float64)",tensor([-255]),['n']
8.0,6.760759036188555,8.625885175593243,8.1420564344804,"tensor([[0.5000]], dtype=torch.float64)",tensor([-255]),['n']
2.0,4.426578263362834,1.7795075714589772,2.107856214626438,"tensor([[0.5000]], dtype=torch.float64)",tensor([-255]),['s']
2.0,4.196331207326967,1.981489153694497,2.2179237870567468,"tensor([[0.5000]], dtype=torch.float64)",tensor([-255]),['s']
50.0,50.03427761023014,50.649637621030465,50.87850988338161,"tensor([[0.5000]], dtype=torch.float64)",tensor([-255]),['n']
17.0,16.39279641208028,17.222271094284153,17.09292195140439,"tensor([[0.5000]], dtype=torch.float64)",tensor([-255]),['s']
31.0,27.300056560829365,31.01817478934856,30.613154211961415,"tensor([[0.5000]], dtype=torch.float64)",tensor([-255]),['s']
39.0,41.08667243154818,39.96251568702234,39.71396465386099,"tensor([[0.5000]], dtype=torch.float64)",tensor([-255]),['s']
19.0,16.526338003049467,18.82568719647027,18.84141265632245,"tensor([[0.5000]], dtype=torch.float64)",tensor([-255]),['n']
12.0,11.014703042704545,12.145183276746067,12.548135999085968,"tensor([[0.5000]], dtype=torch.float64)",tensor([-255]),['n']
54.0,54.53160901705192,53.96352810675512,53.980186911872245,"tensor([[0.5000]], dtype=torch.float64)",tensor([-255]),['s']
67.0,67.42160162873958,67.03026355741143,66.88025788606193,"tensor([[0.5000]], dtype=torch.float64)",tensor([-255]),['n']
68.0,68.80670154295777,67.60981434179952,67.03636715519646,"tensor([[0.5000]], dtype=torch.float64)",tensor([-255]),['n']
70.0,66.1361869166131,69.40685861997588,70.78999624434434,"tensor([[0.5000]], dtype=torch.float64)",tensor([-255]),['s']
8.0,3.2260875750236013,7.793672714218229,8.43939785485718,"tensor([[0.5000]], dtype=torch.float64)",tensor([-255]),['s']
26.0,27.700409401551177,25.4836677965104,25.950556348707952,"tensor([[0.5000]], dtype=torch.float64)",tensor([-255]),['s']
53.0,54.14941007370519,53.03956808518203,52.98392497379057,"tensor([[0.5000]], dtype=torch.float64)",tensor([-255]),['s']
29.0,27.142657989293163,28.839397403667153,28.51233078359849,"tensor([[0.5000]], dtype=torch.float64)",tensor([-255]),['s']
40.0,39.10606181414697,40.225218141011545,40.62808291067772,"tensor([[0.5000]], dtype=torch.float64)",tensor([-255]),['s']
6.0,8.064991416268509,6.135838760354198,6.207700446917869,"tensor([[0.5000]], dtype=torch.float64)",tensor([-255]),['s']
24.0,25.5078342898057,23.563024068354547,23.22652181024756,"tensor([[0.5000]], dtype=torch.float64)",tensor([-255]),['s']
44.0,45.62634388944252,44.68339117307693,44.80205540369859,"tensor([[0.5000]], dtype=torch.float64)",tensor([-255]),['s']
39.0,40.95455111776168,39.68216207056756,39.97092162932249,"tensor([[0.5000]], dtype=torch.float64)",tensor([-255]),['n']
19.0,19.31857627332339,22.74958976617331,19.67086136631572,"tensor([[0.5000]], dtype=torch.float64)",tensor([-255]),['s']
52.0,51.23422289186793,52.161359927605275,52.09627076333529,"tensor([[0.5000]], dtype=torch.float64)",tensor([-255]),['n']
63.0,61.707405291507015,62.49058754080333,62.63136050987993,"tensor([[0.5000]], dtype=torch.float64)",tensor([-255]),['n']
40.0,37.089867603339904,39.999136548830215,40.90449959120138,"tensor([[0.5000]], dtype=torch.float64)",tensor([-255]),['n']
31.0,32.99678621754634,31.191060872673873,30.665546679029674,"tensor([[0.5000]], dtype=torch.float64)",tensor([-255]),['s']
66.0,70.09799791956027,65.51869557606355,65.0514374585021,"tensor([[0.5000]], dtype=torch.float64)",tensor([-255]),['n']
29.0,37.78129319719997,28.978292808910574,28.587784626362634,"tensor([[0.5000]], dtype=torch.float64)",tensor([-255]),['s']
63.0,61.62913584156905,62.67720259084094,62.53714158814974,"tensor([[0.5000]], dtype=torch.float64)",tensor([-255]),['n']
64.0,62.15518083589846,63.70382734648375,63.713245991619665,"tensor([[0.5000]], dtype=torch.float64)",tensor([-255]),['n']
28.0,30.46729108788068,27.79843314919947,27.561620844771006,"tensor([[0.5000]], dtype=torch.float64)",tensor([-255]),['s']
68.0,63.99349794103193,67.95491937945577,67.67094832306461,"tensor([[0.5000]], dtype=torch.float64)",tensor([-255]),['s']
27.0,34.29791409778153,27.150656783831067,26.973776385847994,"tensor([[0.5000]], dtype=torch.float64)",tensor([-255]),['n']
43.0,41.08137687726746,43.72220720787867,43.827632597105016,"tensor([[0.5000]], dtype=torch.float64)",tensor([-255]),['n']
40.0,42.111426674854705,40.148910741110015,39.83672289535251,"tensor([[0.5000]], dtype=torch.float64)",tensor([-255]),['s']
4.0,1.8010477820457496,4.245045905750999,5.80172891147415,"tensor([[0.5000]], dtype=torch.float64)",tensor([-255]),['n']
20.0,23.79851284030206,19.672059485415517,19.819599729166974,"tensor([[0.5000]], dtype=torch.float64)",tensor([-255]),['n']
55.0,53.86220464652523,55.01476891909217,54.91154222120402,"tensor([[0.5000]], dtype=torch.float64)",tensor([-255]),['s']
57.0,56.62968766966964,56.88206130571143,56.682543704267765,"tensor([[0.5000]], dtype=torch.float64)",tensor([-255]),['n']
9.0,7.643806314675815,9.127531397269621,9.101968105510592,"tensor([[0.5000]], dtype=torch.float64)",tensor([-255]),['n']
14.0,11.97927071637037,14.16041970663549,14.10145140243725,"tensor([[0.5000]], dtype=torch.float64)",tensor([-255]),['n']
13.0,45.00519034264312,12.967657988949062,13.044981592773937,"tensor([[0.5000]], dtype=torch.float64)",tensor([-255]),['s']
18.0,22.909624728676434,18.29074717547683,18.272797374032294,"tensor([[0.5000]], dtype=torch.float64)",tensor([-255]),['n']
22.0,20.915739029919827,22.601202795996567,22.491963778447115,"tensor([[0.5000]], dtype=torch.float64)",tensor([-255]),['n']
52.0,51.779901016813284,52.45245522285231,52.66153596120104,"tensor([[0.5000]], dtype=torch.float64)",tensor([-255]),['s']
49.0,49.19230570193743,49.29313552806596,49.475737462210844,"tensor([[0.5000]], dtype=torch.float64)",tensor([-255]),['n']
45.0,42.72201196697837,45.67042017095133,45.817837844951256,"tensor([[0.5000]], dtype=torch.float64)",tensor([-255]),['n']
68.0,67.8294455437874,60.566979557029065,64.54245449075181,"tensor([[0.5000]], dtype=torch.float64)",tensor([-255]),['s']
39.0,40.18370755770947,39.39655224180096,39.383728609905596,"tensor([[0.5000]], dtype=torch.float64)",tensor([-255]),['s']
0.0,70.77205529824607,0.0,0.1037235598531062,"tensor([[0.5000]], dtype=torch.float64)",tensor([-255]),['s']
29.0,30.94919185718759,29.20138936103919,28.61065154218805,"tensor([[0.5000]], dtype=torch.float64)",tensor([-255]),['s']
31.0,33.00532262407128,31.621994542415766,31.288387305670792,"tensor([[0.5000]], dtype=torch.float64)",tensor([-255]),['s']
56.0,56.06565274674145,55.73444876867894,55.58504310151087,"tensor([[0.5000]], dtype=torch.float64)",tensor([-255]),['n']
29.0,29.016224318707977,29.379455252217447,29.296002751217245,"tensor([[0.5000]], dtype=torch.float64)",tensor([-255]),['n']
45.0,42.473102992610386,45.82189986079431,45.912721793939625,"tensor([[0.5000]], dtype=torch.float64)",tensor([-255]),['s']
2.0,7.798413287197951,1.995986195399406,1.8854038230068868,"tensor([[0.5000]], dtype=torch.float64)",tensor([-255]),['s']
60.0,58.03892827159471,59.69566151147979,59.471040631524154,"tensor([[0.5000]], dtype=torch.float64)",tensor([-255]),['s']
70.0,69.06462900828235,69.52729394229164,69.38024876674707,"tensor([[0.5000]], dtype=torch.float64)",tensor([-255]),['s']
11.0,68.84366152478106,11.191448062208856,11.682438612538556,"tensor([[0.5000]], dtype=torch.float64)",tensor([-255]),['s']
9.0,9.926374574943804,9.00776689413398,9.798691965746391,"tensor([[0.5000]], dtype=torch.float64)",tensor([-255]),['n']
41.0,27.743844605846217,41.42489706214681,41.59040590312363,"tensor([[0.5000]], dtype=torch.float64)",tensor([-255]),['s']
7.0,6.989249237956284,6.287847793966326,6.232353508180042,"tensor([[0.5000]], dtype=torch.float64)",tensor([-255]),['n']
13.0,13.147315036207562,12.480024720860166,12.863137964198046,"tensor([[0.5000]], dtype=torch.float64)",tensor([-255]),['n']
28.0,28.870495263924106,28.059932974488493,28.522895383881934,"tensor([[0.5000]], dtype=torch.float64)",tensor([-255]),['n']
45.0,46.911687241486696,45.61305521886122,45.57985712366902,"tensor([[0.5000]], dtype=torch.float64)",tensor([-255]),['n']
26.0,25.608682502957933,25.94859312495427,25.902527058602885,"tensor([[0.5000]], dtype=torch.float64)",tensor([-255]),['n']
2.0,63.87111433193324,1.7635855595909762,1.5671278455912487,"tensor([[0.5000]], dtype=torch.float64)",tensor([-255]),['s']
48.0,46.23452462521864,49.9474276312909,49.227270161930115,"tensor([[0.5000]], dtype=torch.float64)",tensor([-255]),['s']
42.0,45.03885456352767,42.72570994128428,41.87460530946056,"tensor([[0.5000]], dtype=torch.float64)",tensor([-255]),['s']
63.0,66.01552846185282,62.113603245790614,61.9656736881058,"tensor([[0.5000]], dtype=torch.float64)",tensor([-255]),['s']
48.0,47.99094241589738,48.406357049006886,48.388798404693254,"tensor([[0.5000]], dtype=torch.float64)",tensor([-255]),['s']
46.0,46.97088864455239,47.055913591212416,47.043550569587424,"tensor([[0.5000]], dtype=torch.float64)",tensor([-255]),['s']
19.0,23.54149425028133,19.593947145488823,19.105013259375276,"tensor([[0.5000]], dtype=torch.float64)",tensor([-255]),['s']
28.0,27.028236860018136,28.130252501126936,27.989821778529794,"tensor([[0.5000]], dtype=torch.float64)",tensor([-255]),['s']
18.0,19.95626874018333,17.75821461568544,17.84580254301372,"tensor([[0.5000]], dtype=torch.float64)",tensor([-255]),['s']
66.0,65.2641250908409,65.18538626631292,64.8571754665835,"tensor([[0.5000]], dtype=torch.float64)",tensor([-255]),['n']
69.0,1.9654126888699743,68.88761248416661,69.09935205248773,"tensor([[0.5000]], dtype=torch.float64)",tensor([-255]),['n']
15.0,14.826881834905844,15.029833804284173,14.978045877792137,"tensor([[0.5000]], dtype=torch.float64)",tensor([-255]),['n']
55.0,27.761087507950666,55.020039106916784,54.99201690512516,"tensor([[0.5000]], dtype=torch.float64)",tensor([-255]),['s']
71.0,4.068265435275125,70.68001991992472,70.63183464118703,"tensor([[0.5000]], dtype=torch.float64)",tensor([-255]),['s']
15.0,12.757791832608076,15.154692921693298,15.052472394632565,"tensor([[0.5000]], dtype=torch.float64)",tensor([-255]),['n']
2.0,10.547504784950545,2.055270978372812,2.2308010868873804,"tensor([[0.5000]], dtype=torch.float64)",tensor([-255]),['n']
38.0,39.64718103722746,38.02262582998527,38.11110706798546,"tensor([[0.5000]], dtype=torch.float64)",tensor([-255]),['s']
51.0,54.032096724839604,51.371104374600044,51.46637512354173,"tensor([[0.5000]], dtype=torch.float64)",tensor([-255]),['n']
33.0,35.10042386919997,33.02588280863645,33.0054736006881,"tensor([[0.5000]], dtype=torch.float64)",tensor([-255]),['s']
40.0,42.019471411693374,40.262642879905734,40.66225870426425,"tensor([[0.5000]], dtype=torch.float64)",tensor([-255]),['s']
45.0,40.57651181220997,45.425596723843626,45.45793412210405,"tensor([[0.5000]], dtype=torch.float64)",tensor([-255]),['n']
61.0,59.124597309893204,60.54794115244872,60.561845622881975,"tensor([[0.5000]], dtype=torch.float64)",tensor([-255]),['n']
57.0,33.60203865948992,56.61596764885203,56.20033613454126,"tensor([[0.5000]], dtype=torch.float64)",tensor([-255]),['s']
2.0,68.91750786373153,1.9125409453041349,2.070559097565312,"tensor([[0.5000]], dtype=torch.float64)",tensor([-255]),['n']
41.0,42.79764848808556,41.463490611164254,41.69068689841476,"tensor([[0.5000]], dtype=torch.float64)",tensor([-255]),['n']
37.0,34.87651941913821,36.97774192525741,36.93308519703659,"tensor([[0.5000]], dtype=torch.float64)",tensor([-255]),['s']
47.0,47.98593996742909,48.19663619447083,48.57479347732839,"tensor([[0.5000]], dtype=torch.float64)",tensor([-255]),['s']
50.0,50.06870908253959,50.35904803351733,50.596867688863476,"tensor([[0.5000]], dtype=torch.float64)",tensor([-255]),['s']
7.0,6.721168948260466,6.83995572360024,6.810966277496348,"tensor([[0.5000]], dtype=torch.float64)",tensor([-255]),['n']
19.0,36.08554189662821,18.78129057314716,18.8402982091991,"tensor([[0.5000]], dtype=torch.float64)",tensor([-255]),['s']
69.0,70.07896296637402,68.89971573394546,68.86556876479543,"tensor([[0.5000]], dtype=torch.float64)",tensor([-255]),['s']
36.0,27.247444246246648,36.14405973630641,35.913449452830385,"tensor([[0.5000]], dtype=torch.float64)",tensor([-255]),['s']
18.0,20.23244311286064,18.00136835965096,17.97504133820608,"tensor([[0.5000]], dtype=torch.float64)",tensor([-255]),['n']
20.0,61.56222265507068,19.878163340195552,19.799995208644766,"tensor([[0.5000]], dtype=torch.float64)",tensor([-255]),['s']
31.0,33.607787712272874,31.052676406698907,30.02645900401464,"tensor([[0.5000]], dtype=torch.float64)",tensor([-255]),['n']
21.0,23.168666228374505,21.054216761044042,20.87064847067043,"tensor([[0.5000]], dtype=torch.float64)",tensor([-255]),['s']
46.0,45.88247311251088,46.50920772369336,46.57909249945013,"tensor([[0.5000]], dtype=torch.float64)",tensor([-255]),['n']
62.0,66.43107185598899,61.03780142561187,61.08669934285022,"tensor([[0.5000]], dtype=torch.float64)",tensor([-255]),['n']
60.0,58.30532169530496,59.2852220165536,59.06357110689085,"tensor([[0.5000]], dtype=torch.float64)",tensor([-255]),['s']
37.0,29.98983150679144,36.93064506285414,37.82126478575801,"tensor([[0.5000]], dtype=torch.float64)",tensor([-255]),['s']
20.0,20.54233735638622,47.91857177355549,47.97738939405331,"tensor([[0.5000]], dtype=torch.float64)",tensor([-255]),['s']
20.0,23.114305870828296,19.88340207981881,19.94287501032367,"tensor([[0.5000]], dtype=torch.float64)",tensor([-255]),['s']
13.0,10.042064890840411,12.965893961742852,13.354863723559246,"tensor([[0.5000]], dtype=torch.float64)",tensor([-255]),['s']
7.0,9.535146345468306,6.892568485458412,7.432104538515114,"tensor([[0.5000]], dtype=torch.float64)",tensor([-255]),['n']
31.0,31.921682871528784,31.51291605766572,30.79708206820635,"tensor([[0.5000]], dtype=torch.float64)",tensor([-255]),['s']
22.0,25.032789319305152,21.28436827538762,21.315407428532634,"tensor([[0.5000]], dtype=torch.float64)",tensor([-255]),['s']
14.0,64.04116906080341,13.383640023996016,13.5725391987361,"tensor([[0.5000]], dtype=torch.float64)",tensor([-255]),['n']
54.0,18.76515475028935,53.84912892579523,53.94545746994287,"tensor([[0.5000]], dtype=torch.float64)",tensor([-255]),['n']
10.0,9.972655475567564,10.667706213667085,10.587424937764531,"tensor([[0.5000]], dtype=torch.float64)",tensor([-255]),['n']
39.0,35.8194658589579,39.80278154562478,38.80272765302282,"tensor([[0.5000]], dtype=torch.float64)",tensor([-255]),['s']
69.0,70.72148870302277,68.98796445882175,68.71251675877953,"tensor([[0.5000]], dtype=torch.float64)",tensor([-255]),['n']
36.0,36.1924728883098,36.0667198201253,36.02205654964017,"tensor([[0.5000]], dtype=torch.float64)",tensor([-255]),['n']
31.0,32.35051524192717,31.185960689417943,30.719154064316122,"tensor([[0.5000]], dtype=torch.float64)",tensor([-255]),['s']
68.0,65.09008995644074,67.76224890790436,67.77257524715763,"tensor([[0.5000]], dtype=torch.float64)",tensor([-255]),['n']
70.0,0.9398953015528989,69.63682640590642,69.57466356369036,"tensor([[0.5000]], dtype=torch.float64)",tensor([-255]),['n']
8.0,10.797122026365685,8.132927648799182,8.01857193349341,"tensor([[0.5000]], dtype=torch.float64)",tensor([-255]),['n']
24.0,22.914110863171867,24.236718093469417,24.21194034612609,"tensor([[0.5000]], dtype=torch.float64)",tensor([-255]),['s']
52.0,52.046086215679104,52.098195228463446,52.03444115943137,"tensor([[0.5000]], dtype=torch.float64)",tensor([-255]),['n']
62.0,61.960890024779346,61.70000335459335,61.52811267383403,"tensor([[0.5000]], dtype=torch.float64)",tensor([-255]),['n']
48.0,47.92568574787228,48.325794493971905,49.00828542171731,"tensor([[0.5000]], dtype=torch.float64)",tensor([-255]),['n']
64.0,62.243717855583625,63.39253428763509,63.56087680542657,"tensor([[0.5000]], dtype=torch.float64)",tensor([-255]),['n']
29.0,27.27336385289545,29.183491626905578,28.989965045126787,"tensor([[0.5000]], dtype=torch.float64)",tensor([-255]),['s']
5.0,58.64868027667404,4.86624115281028,4.990064995768375,"tensor([[0.5000]], dtype=torch.float64)",tensor([-255]),['n']
11.0,10.020187895193768,11.725743941946096,11.927411906704757,"tensor([[0.5000]], dtype=torch.float64)",tensor([-255]),['n']
45.0,43.04780311322215,45.694370875166584,45.833889995403375,"tensor([[0.5000]], dtype=torch.float64)",tensor([-255]),['n']
6.0,6.9540250644450365,5.4744675202765425,5.8549543712623064,"tensor([[0.5000]], dtype=torch.float64)",tensor([-255]),['s']
67.0,65.03605645075591,66.85347266505569,66.85247948380113,"tensor([[0.5000]], dtype=torch.float64)",tensor([-255]),['n']
65.0,67.20597634611741,64.42168115610245,63.682922531035814,"tensor([[0.5000]], dtype=torch.float64)",tensor([-255]),['n']
34.0,33.12879203088812,34.01566512554249,32.95920988811119,"tensor([[0.5000]], dtype=torch.float64)",tensor([-255]),['n']
52.0,23.164250517195228,52.24196047108711,52.14622776037893,"tensor([[0.5000]], dtype=torch.float64)",tensor([-255]),['s']
70.0,64.26991684558425,69.9905028910272,69.08725660901861,"tensor([[0.5000]], dtype=torch.float64)",tensor([-255]),['n']
16.0,15.968931867065189,16.02212904390105,16.091561841912313,"tensor([[0.5000]], dtype=torch.float64)",tensor([-255]),['s']
68.0,10.020804732576284,67.45584434722807,67.46310341436536,"tensor([[0.5000]], dtype=torch.float64)",tensor([-255]),['s']
35.0,33.653369744127914,35.26177734968362,35.16040295571179,"tensor([[0.5000]], dtype=torch.float64)",tensor([-255]),['n']
6.0,3.9650633336379872,5.786764949140871,6.957949183947519,"tensor([[0.5000]], dtype=torch.float64)",tensor([-255]),['s']
10.0,45.92761889328162,9.699320792347615,9.421027142799527,"tensor([[0.5000]], dtype=torch.float64)",tensor([-255]),['s']
62.0,26.883306657396474,61.062800023783375,60.93356688345117,"tensor([[0.5000]], dtype=torch.float64)",tensor([-255]),['n']
2.0,4.468864428853363,1.9547483991446557,1.2759164379501273,"tensor([[0.5000]], dtype=torch.float64)",tensor([-255]),['n']
5.0,6.681932563529346,4.893545193161381,5.0849074713169005,"tensor([[0.5000]], dtype=torch.float64)",tensor([-255]),['n']
8.0,6.164503314730346,8.006567073405014,7.850435220558533,"tensor([[0.5000]], dtype=torch.float64)",tensor([-255]),['s']
13.0,11.52614569062462,12.699864943761826,13.024617817367943,"tensor([[0.5000]], dtype=torch.float64)",tensor([-255]),['s']
32.0,27.305135526684374,32.45985169393765,32.24736504441451,"tensor([[0.5000]], dtype=torch.float64)",tensor([-255]),['n']
42.0,43.80589213608666,42.774326375171846,42.69609387959248,"tensor([[0.5000]], dtype=torch.float64)",tensor([-255]),['s']
38.0,42.69363305132382,38.30966951619487,38.22480715513223,"tensor([[0.5000]], dtype=torch.float64)",tensor([-255]),['s']
38.0,37.520618818251585,38.96615425853038,38.80523991570195,"tensor([[0.5000]], dtype=torch.float64)",tensor([-255]),['s']
41.0,38.25979774520421,41.095924364135804,40.48583060396393,"tensor([[0.5000]], dtype=torch.float64)",tensor([-255]),['n']
71.0,68.96945026408432,69.56144215637131,70.80585336574168,"tensor([[0.5000]], dtype=torch.float64)",tensor([-255]),['s']
23.0,23.77427703078334,23.191884434155053,23.102121039565898,"tensor([[0.5000]], dtype=torch.float64)",tensor([-255]),['n']
20.0,17.840094054492127,19.899067912863554,19.962935376040452,"tensor([[0.5000]], dtype=torch.float64)",tensor([-255]),['n']
21.0,66.07216027511242,20.88916174863493,20.908344541771147,"tensor([[0.5000]], dtype=torch.float64)",tensor([-255]),['n']
6.0,8.875130364507534,5.530018314377237,5.9485604148946605,"tensor([[0.5000]], dtype=torch.float64)",tensor([-255]),['n']
11.0,10.234695177321337,10.854233709283982,12.106278942455631,"tensor([[0.5000]], dtype=torch.float64)",tensor([-255]),['s']
65.0,64.14759551170782,64.82755589067156,63.877639902977975,"tensor([[0.5000]], dtype=torch.float64)",tensor([-255]),['n']
65.0,64.9652761969491,64.59872278593086,63.86119287408835,"tensor([[0.5000]], dtype=torch.float64)",tensor([-255]),['n']
5.0,5.014874480952721,4.895171388399931,5.332708298776744,"tensor([[0.5000]], dtype=torch.float64)",tensor([-255]),['n']
49.0,46.63345470535401,49.23697976907609,49.82249490098127,"tensor([[0.5000]], dtype=torch.float64)",tensor([-255]),['s']
15.0,65.44480959945973,14.752196306899968,14.89041301928466,"tensor([[0.5000]], dtype=torch.float64)",tensor([-255]),['n']
1.0,4.680773224634784,0.9664347312339986,1.7712173874739716,"tensor([[0.5000]], dtype=torch.float64)",tensor([-255]),['n']
39.0,40.14978566684913,38.858115810948874,39.04632720906029,"tensor([[0.5000]], dtype=torch.float64)",tensor([-255]),['n']
27.0,27.031787892219327,27.60368716174634,27.571786627222775,"tensor([[0.5000]], dtype=torch.float64)",tensor([-255]),['n']
49.0,48.95836536023947,49.21889344911509,49.79782642386351,"tensor([[0.5000]], dtype=torch.float64)",tensor([-255]),['s']
28.0,26.408568856593387,27.924369387215812,27.571949460850927,"tensor([[0.5000]], dtype=torch.float64)",tensor([-255]),['s']
58.0,60.087420815698465,57.362785553296796,57.51859264771888,"tensor([[0.5000]], dtype=torch.float64)",tensor([-255]),['n']
59.0,4.132745336567179,58.355445768039814,58.074387007017165,"tensor([[0.5000]], dtype=torch.float64)",tensor([-255]),['n']
11.0,29.246735536481502,11.11493318549293,11.204162623143686,"tensor([[0.5000]], dtype=torch.float64)",tensor([-255]),['n']
23.0,23.715727064652203,23.657230195532446,22.548864939293125,"tensor([[0.5000]], dtype=torch.float64)",tensor([-255]),['s']
29.0,30.078826022515578,29.031386826248696,29.009834791757235,"tensor([[0.5000]], dtype=torch.float64)",tensor([-255]),['n']
20.0,20.185073778351857,20.205128317134733,20.081202493347543,"tensor([[0.5000]], dtype=torch.float64)",tensor([-255]),['n']
62.0,64.1632514034466,61.06505496799829,59.37948809864741,"tensor([[0.5000]], dtype=torch.float64)",tensor([-255]),['n']
25.0,24.01362487705502,24.845931624822995,24.73567015110447,"tensor([[0.5000]], dtype=torch.float64)",tensor([-255]),['n']
2.0,65.65645148355588,1.4704331090356428,1.8755525288133845,"tensor([[0.5000]], dtype=torch.float64)",tensor([-255]),['s']
14.0,14.271343866327648,13.998162155217795,14.053392378132287,"tensor([[0.5000]], dtype=torch.float64)",tensor([-255]),['s']
40.0,34.328677986960386,40.06513913991157,39.89293573327549,"tensor([[0.5000]], dtype=torch.float64)",tensor([-255]),['s']
50.0,52.03227167748965,50.22619530332957,50.589958783391474,"tensor([[0.5000]], dtype=torch.float64)",tensor([-255]),['s']
19.0,22.43234766160201,18.963949380189334,18.944801385433145,"tensor([[0.5000]], dtype=torch.float64)",tensor([-255]),['s']
6.0,14.209161472467027,5.284097334437225,5.478678605376628,"tensor([[0.5000]], dtype=torch.float64)",tensor([-255]),['n']
11.0,45.87930748143894,10.273928388755817,10.188712495704157,"tensor([[0.5000]], dtype=torch.float64)",tensor([-255]),['n']
65.0,2.0385476233429074,64.70479152392141,64.75310248243055,"tensor([[0.5000]], dtype=torch.float64)",tensor([-255]),['s']
51.0,30.97824447980346,51.21448275737803,51.05882106710981,"tensor([[0.5000]], dtype=torch.float64)",tensor([-255]),['s']
10.0,7.929923626875333,9.961778967719178,9.965739982539086,"tensor([[0.5000]], dtype=torch.float64)",tensor([-255]),['s']
51.0,48.6439402588088,51.54505580288958,51.58302488682066,"tensor([[0.5000]], dtype=torch.float64)",tensor([-255]),['s']
37.0,40.312367698651755,37.13223113466473,37.201791422783224,"tensor([[0.5000]], dtype=torch.float64)",tensor([-255]),['s']
38.0,37.231611292501086,37.48041182874513,38.1509157547778,"tensor([[0.5000]], dtype=torch.float64)",tensor([-255]),['s']
8.0,7.992798575956834,8.67855643006577,9.326685075178878,"tensor([[0.5000]], dtype=torch.float64)",tensor([-255]),['n']
10.0,9.345214603743418,9.790553377499581,9.504286968428854,"tensor([[0.5000]], dtype=torch.float64)",tensor([-255]),['s']
14.0,45.74760188593291,13.781401159556326,13.91878361098721,"tensor([[0.5000]], dtype=torch.float64)",tensor([-255]),['s']
37.0,42.00053505543701,38.058223528859045,36.72130761788826,"tensor([[0.5000]], dtype=torch.float64)",tensor([-255]),['s']
11.0,69.19509340332013,10.847662230949833,11.320698993514988,"tensor([[0.5000]], dtype=torch.float64)",tensor([-255]),['n']
44.0,34.865761867246235,45.12984447173914,46.24691375379594,"tensor([[0.5000]], dtype=torch.float64)",tensor([-255]),['n']
34.0,27.8484003560189,34.109456506418084,33.92581729812304,"tensor([[0.5000]], dtype=torch.float64)",tensor([-255]),['n']
15.0,16.003506474614536,15.415840678297673,15.023701482418279,"tensor([[0.5000]], dtype=torch.float64)",tensor([-255]),['s']
18.0,23.788586444072536,17.94169927986932,17.9163063555342,"tensor([[0.5000]], dtype=torch.float64)",tensor([-255]),['n']
71.0,59.490615996921235,70.90088644129693,0.0,"tensor([[0.5000]], dtype=torch.float64)",tensor([-255]),['s']
4.0,1.989551466263919,3.827241426127081,4.4229986948946864,"tensor([[0.5000]], dtype=torch.float64)",tensor([-255]),['s']
63.0,65.5334305990555,62.26726707048462,62.22426298070381,"tensor([[0.5000]], dtype=torch.float64)",tensor([-255]),['s']
40.0,38.83716000267039,39.85026625342243,44.8236812788494,"tensor([[0.5000]], dtype=torch.float64)",tensor([-255]),['n']
62.0,61.185724695893455,60.87688934150007,61.06365996291724,"tensor([[0.5000]], dtype=torch.float64)",tensor([-255]),['s']
70.0,67.24861028585946,69.49806272538171,68.96280419738652,"tensor([[0.5000]], dtype=torch.float64)",tensor([-255]),['s']
62.0,64.53041743855817,61.42707356535211,60.996088848321406,"tensor([[0.5000]], dtype=torch.float64)",tensor([-255]),['n']
29.0,36.48649140888929,29.38164637074445,29.12368196154295,"tensor([[0.5000]], dtype=torch.float64)",tensor([-255]),['n']
14.0,24.6586806681509,13.994843170424083,14.167538965861885,"tensor([[0.5000]], dtype=torch.float64)",tensor([-255]),['n']
12.0,13.853441443408183,11.858043209555357,12.059667279929828,"tensor([[0.5000]], dtype=torch.float64)",tensor([-255]),['n']
61.0,62.078623721487986,60.572482964909454,60.54640074958815,"tensor([[0.5000]], dtype=torch.float64)",tensor([-255]),['n']
8.0,6.096734752344682,8.31534873257098,8.190383586662538,"tensor([[0.5000]], dtype=torch.float64)",tensor([-255]),['n']
68.0,0.5290883810621653,67.53232232653923,67.87780960886455,"tensor([[0.5000]], dtype=torch.float64)",tensor([-255]),['n']
15.0,14.860066848242035,14.941001472621636,15.192656244956655,"tensor([[0.5000]], dtype=torch.float64)",tensor([-255]),['n']
13.0,12.7678175373383,12.934365813075276,13.024512955896936,"tensor([[0.5000]], dtype=torch.float64)",tensor([-255]),['s']
11.0,10.906898564589152,10.96578873378929,11.815567065900547,"tensor([[0.5000]], dtype=torch.float64)",tensor([-255]),['n']
2.0,5.431064572083519,2.0397475435483012,1.7405403708300868,"tensor([[0.5000]], dtype=torch.float64)",tensor([-255]),['s']
40.0,40.8366633371556,40.031001391695774,39.983365040409105,"tensor([[0.5000]], dtype=torch.float64)",tensor([-255]),['n']
5.0,8.177873992832474,5.110491334700296,5.0798484942437385,"tensor([[0.5000]], dtype=torch.float64)",tensor([-255]),['s']
53.0,55.21063505779476,53.11341289769293,53.07101044666579,"tensor([[0.5000]], dtype=torch.float64)",tensor([-255]),['s']
29.0,28.50204945895645,29.047080279879864,28.665237309888788,"tensor([[0.5000]], dtype=torch.float64)",tensor([-255]),['n']
63.0,1.728213045532513,62.36830794640548,62.302133304465045,"tensor([[0.5000]], dtype=torch.float64)",tensor([-255]),['n']
15.0,45.90028039724407,15.092203825510252,15.115533415866969,"tensor([[0.5000]], dtype=torch.float64)",tensor([-255]),['n']
59.0,59.262114411234364,58.35391470494319,57.892304146135224,"tensor([[0.5000]], dtype=torch.float64)",tensor([-255]),['s']
36.0,35.70619707617952,35.72792368514006,35.71354940132041,"tensor([[0.5000]], dtype=torch.float64)",tensor([-255]),['n']
52.0,53.17865769365906,52.35764884213285,52.12576464794221,"tensor([[0.5000]], dtype=torch.float64)",tensor([-255]),['s']
52.0,51.975458760969616,52.016632940345445,52.01416766062091,"tensor([[0.5000]], dtype=torch.float64)",tensor([-255]),['n']
22.0,20.42764172190885,21.91296816480504,21.254405803704273,"tensor([[0.5000]], dtype=torch.float64)",tensor([-255]),['s']
23.0,21.68142789482166,23.084873942316847,23.02700950829724,"tensor([[0.5000]], dtype=torch.float64)",tensor([-255]),['s']
14.0,14.889749993288728,13.929932749795253,14.124914594782553,"tensor([[0.5000]], dtype=torch.float64)",tensor([-255]),['s']
37.0,38.008662840179326,37.18313251581849,37.11318774555646,"tensor([[0.5000]], dtype=torch.float64)",tensor([-255]),['n']
51.0,47.5395197752743,51.58177285339428,51.39263854122017,"tensor([[0.5000]], dtype=torch.float64)",tensor([-255]),['s']
7.0,5.580823455542757,6.927152458517551,7.234513100706496,"tensor([[0.5000]], dtype=torch.float64)",tensor([-255]),['s']
48.0,47.59257035628403,48.23587359191097,48.75930712871565,"tensor([[0.5000]], dtype=torch.float64)",tensor([-255]),['n']
38.0,32.5354438698718,38.07925122513631,38.18605244329229,"tensor([[0.5000]], dtype=torch.float64)",tensor([-255]),['n']
12.0,11.37040834935869,11.857228399903704,12.852361011886142,"tensor([[0.5000]], dtype=torch.float64)",tensor([-255]),['n']
36.0,35.88043435140113,36.193884789472,36.32132050840457,"tensor([[0.5000]], dtype=torch.float64)",tensor([-255]),['s']
22.0,59.63659664570172,22.25877686456484,22.171907602002896,"tensor([[0.5000]], dtype=torch.float64)",tensor([-255]),['n']
13.0,10.245110701491324,13.503770774833148,13.392823207827778,"tensor([[0.5000]], dtype=torch.float64)",tensor([-255]),['n']
27.0,28.019459464301,27.051525871015777,26.0952035217211,"tensor([[0.5000]], dtype=torch.float64)",tensor([-255]),['s']
20.0,20.333081177918352,19.89361466637241,19.93529764534945,"tensor([[0.5000]], dtype=torch.float64)",tensor([-255]),['n']
65.0,63.18559026351757,63.785286110970176,63.15675202603403,"tensor([[0.5000]], dtype=torch.float64)",tensor([-255]),['s']
60.0,63.51307007256369,57.37319417110049,58.65230946943933,"tensor([[0.5000]], dtype=torch.float64)",tensor([-255]),['s']
26.0,37.04080894573879,26.370617536858695,26.240477127638734,"tensor([[0.5000]], dtype=torch.float64)",tensor([-255]),['n']
47.0,47.17382170415532,47.40556182798648,48.207141708206336,"tensor([[0.5000]], dtype=torch.float64)",tensor([-255]),['s']
25.0,25.08399226907057,25.462983667960415,25.275361714725076,"tensor([[0.5000]], dtype=torch.float64)",tensor([-255]),['n']
25.0,23.087399586907566,25.544094032211742,25.73707606522437,"tensor([[0.5000]], dtype=torch.float64)",tensor([-255]),['s']
51.0,50.054596351658176,51.75319368846719,51.79265058865301,"tensor([[0.5000]], dtype=torch.float64)",tensor([-255]),['s']
60.0,61.50158897585937,59.73060541754313,59.15713090820094,"tensor([[0.5000]], dtype=torch.float64)",tensor([-255]),['n']
55.0,31.97025489590957,55.18611161159025,55.0470783801438,"tensor([[0.5000]], dtype=torch.float64)",tensor([-255]),['n']
46.0,45.46408694189678,46.768740372367816,46.9030985424552,"tensor([[0.5000]], dtype=torch.float64)",tensor([-255]),['n']
52.0,49.988102770574976,51.96220329329174,52.04758654670158,"tensor([[0.5000]], dtype=torch.float64)",tensor([-255]),['n']
1.0,66.29693399554694,1.046154083239876,1.0573607822138664,"tensor([[0.5000]], dtype=torch.float64)",tensor([-255]),['s']
11.0,8.72057720914097,10.91675379790243,11.31001104562205,"tensor([[0.5000]], dtype=torch.float64)",tensor([-255]),['n']
71.0,69.24681740227749,71.0,71.0,"tensor([[0.5000]], dtype=torch.float64)",tensor([-255]),['n']
6.0,6.2523030475239505,6.55291034124797,8.087523399031342,"tensor([[0.5000]], dtype=torch.float64)",tensor([-255]),['s']
51.0,52.95379549364636,51.0891296911734,51.08113291843859,"tensor([[0.5000]], dtype=torch.float64)",tensor([-255]),['s']
26.0,22.991834128159624,25.986300732326427,25.852858790585074,"tensor([[0.5000]], dtype=torch.float64)",tensor([-255]),['s']
69.0,64.33214475288362,67.88476965034188,68.34155425707942,"tensor([[0.5000]], dtype=torch.float64)",tensor([-255]),['s']
38.0,35.542194077821975,37.92052708566402,37.99938461279663,"tensor([[0.5000]], dtype=torch.float64)",tensor([-255]),['s']
1.0,2.425171066405623,1.2068031203376461,2.0488534969941163,"tensor([[0.5000]], dtype=torch.float64)",tensor([-255]),['n']
36.0,32.008317784871416,35.90247948759045,35.372920712300676,"tensor([[0.5000]], dtype=torch.float64)",tensor([-255]),['s']
10.0,9.078681392106493,9.953420254556132,9.99232975007535,"tensor([[0.5000]], dtype=torch.float64)",tensor([-255]),['s']
53.0,51.54508635861925,52.97309927263339,53.00933823518721,"tensor([[0.5000]], dtype=torch.float64)",tensor([-255]),['n']
48.0,46.392845223031756,48.507636913957114,49.045536125189045,"tensor([[0.5000]], dtype=torch.float64)",tensor([-255]),['n']
64.0,62.08403987722768,63.44748075864713,63.30752409661878,"tensor([[0.5000]], dtype=torch.float64)",tensor([-255]),['n']
30.0,28.18882742252091,30.72302015189394,28.884497949561663,"tensor([[0.5000]], dtype=torch.float64)",tensor([-255]),['s']
53.0,52.808731369543054,53.08712568344285,53.098495999047515,"tensor([[0.5000]], dtype=torch.float64)",tensor([-255]),['s']
16.0,15.602540738984638,16.16982098639519,16.18072722835792,"tensor([[0.5000]], dtype=torch.float64)",tensor([-255]),['n']
46.0,42.877421027553076,46.78047527509962,47.066003061091834,"tensor([[0.5000]], dtype=torch.float64)",tensor([-255]),['n']
22.0,23.098182877820655,21.862347913077468,21.692141201680798,"tensor([[0.5000]], dtype=torch.float64)",tensor([-255]),['n']
8.0,8.829139791486222,8.099881119273237,8.060192987070886,"tensor([[0.5000]], dtype=torch.float64)",tensor([-255]),['s']
61.0,62.29401254335066,60.52921790567654,60.61420940238405,"tensor([[0.5000]], dtype=torch.float64)",tensor([-255]),['s']
44.0,34.65689820458266,44.740776830923636,46.72265023211251,"tensor([[0.5000]], dtype=torch.float64)",tensor([-255]),['n']
19.0,60.811352374961444,19.502501102770434,19.08680049185134,"tensor([[0.5000]], dtype=torch.float64)",tensor([-255]),['s']
57.0,7.984633421654465,56.83223719627865,56.59004262994724,"tensor([[0.5000]], dtype=torch.float64)",tensor([-255]),['n']
29.0,28.70674976465562,29.11381082085137,28.96803807837591,"tensor([[0.5000]], dtype=torch.float64)",tensor([-255]),['s']
55.0,52.32534519868177,55.14023896034034,55.02707989436776,"tensor([[0.5000]], dtype=torch.float64)",tensor([-255]),['s']
54.0,53.700088794758464,54.19800002759371,53.98820955512393,"tensor([[0.5000]], dtype=torch.float64)",tensor([-255]),['s']
23.0,22.087442687293443,23.002055107204896,23.09217081059599,"tensor([[0.5000]], dtype=torch.float64)",tensor([-255]),['s']
37.0,35.25445946266793,37.330351387888925,36.91351676845349,"tensor([[0.5000]], dtype=torch.float64)",tensor([-255]),['s']
21.0,21.823269389224922,20.943327263798036,20.859526154441348,"tensor([[0.5000]], dtype=torch.float64)",tensor([-255]),['n']
64.0,61.331193509294295,62.99559020475412,62.935774702336346,"tensor([[0.5000]], dtype=torch.float64)",tensor([-255]),['s']
0.0,3.2430259609619654,0.0,0.0,"tensor([[0.5000]], dtype=torch.float64)",tensor([-255]),['n']
37.0,32.27143090246606,36.84063835568963,35.65525755461411,"tensor([[0.5000]], dtype=torch.float64)",tensor([-255]),['n']
62.0,62.354765008947325,60.88080459935436,60.47108118736456,"tensor([[0.5000]], dtype=torch.float64)",tensor([-255]),['s']
34.0,36.42153587065462,34.27391233058511,28.973855419053113,"tensor([[0.5000]], dtype=torch.float64)",tensor([-255]),['s']
13.0,13.024975348801751,12.88857625146423,13.034482773968296,"tensor([[0.5000]], dtype=torch.float64)",tensor([-255]),['s']
37.0,36.27807790214858,36.66984485174034,36.78391413974788,"tensor([[0.5000]], dtype=torch.float64)",tensor([-255]),['s']
13.0,65.22336245117992,12.836222412471075,12.955607176160493,"tensor([[0.5000]], dtype=torch.float64)",tensor([-255]),['s']
71.0,1.396817985472507,70.98348788495618,71.0,"tensor([[0.5000]], dtype=torch.float64)",tensor([-255]),['n']
70.0,67.1396758686168,69.33297260067363,68.55779545829539,"tensor([[0.5000]], dtype=torch.float64)",tensor([-255]),['s']
18.0,17.269779592942104,18.165274461171965,18.005793850812992,"tensor([[0.5000]], dtype=torch.float64)",tensor([-255]),['s']
58.0,39.4649499734801,57.95763731488959,57.87448633042996,"tensor([[0.5000]], dtype=torch.float64)",tensor([-255]),['s']
47.0,46.97529548757947,47.68845922954949,47.96835403980657,"tensor([[0.5000]], dtype=torch.float64)",tensor([-255]),['s']
5.0,7.381567581525207,5.559406430567282,5.882852404692873,"tensor([[0.5000]], dtype=torch.float64)",tensor([-255]),['n']
62.0,61.07677285933819,61.67703146975965,61.063446798790025,"tensor([[0.5000]], dtype=torch.float64)",tensor([-255]),['n']
19.0,61.885190206861736,19.049348689211897,18.996303325072343,"tensor([[0.5000]], dtype=torch.float64)",tensor([-255]),['n']
67.0,66.56595985205558,66.45466664348622,65.68883636032848,"tensor([[0.5000]], dtype=torch.float64)",tensor([-255]),['n']
0.0,3.819127504859937,0.10253998922243034,0.13230110076974602,"tensor([[0.5000]], dtype=torch.float64)",tensor([-255]),['n']
43.0,43.191895241410975,43.598825025702034,44.16263730089266,"tensor([[0.5000]], dtype=torch.float64)",tensor([-255]),['s']
68.0,4.167880524554359,67.67436371914131,67.76284328205205,"tensor([[0.5000]], dtype=torch.float64)",tensor([-255]),['s']
63.0,63.75452838467356,61.692782504081485,61.36460346036769,"tensor([[0.5000]], dtype=torch.float64)",tensor([-255]),['s']
13.0,50.582023833212986,13.13965706502126,13.524200640140613,"tensor([[0.5000]], dtype=torch.float64)",tensor([-255]),['n']
34.0,34.48190006482531,34.2166609258859,33.966572777988205,"tensor([[0.5000]], dtype=torch.float64)",tensor([-255]),['s']
13.0,12.962844439673997,12.812236976679388,12.940805937604953,"tensor([[0.5000]], dtype=torch.float64)",tensor([-255]),['n']
3.0,2.142507507200915,2.9693951651768464,3.4577305877345594,"tensor([[0.5000]], dtype=torch.float64)",tensor([-255]),['s']
56.0,59.030466507666716,55.294768798969294,55.214744906267974,"tensor([[0.5000]], dtype=torch.float64)",tensor([-255]),['s']
25.0,23.216205500615253,25.126634338098576,24.85740349409792,"tensor([[0.5000]], dtype=torch.float64)",tensor([-255]),['n']
42.0,42.52846410386344,42.42376049330078,42.23096577342569,"tensor([[0.5000]], dtype=torch.float64)",tensor([-255]),['s']
56.0,58.12576687523162,55.59785327449988,55.379459466008335,"tensor([[0.5000]], dtype=torch.float64)",tensor([-255]),['n']
36.0,35.881882404228406,36.35435217968997,36.6149868090538,"tensor([[0.5000]], dtype=torch.float64)",tensor([-255]),['s']
6.0,6.894586086387717,6.012824246320887,9.484673659026365,"tensor([[0.5000]], dtype=torch.float64)",tensor([-255]),['n']
16.0,18.38797563787685,15.957541282878728,15.97784501922629,"tensor([[0.5000]], dtype=torch.float64)",tensor([-255]),['s']
19.0,19.07553775462251,19.01463795658585,19.116388856646083,"tensor([[0.5000]], dtype=torch.float64)",tensor([-255]),['s']
69.0,70.67549034559802,68.63700669807022,68.7202745011825,"tensor([[0.5000]], dtype=torch.float64)",tensor([-255]),['n']
26.0,25.11946582192792,26.642185695135144,25.29342488039542,"tensor([[0.5000]], dtype=torch.float64)",tensor([-255]),['s']
54.0,54.17242298405789,53.96888376759678,53.99417320288067,"tensor([[0.5000]], dtype=torch.float64)",tensor([-255]),['n']
53.0,51.106207107206444,53.22179888308314,53.053073722525525,"tensor([[0.5000]], dtype=torch.float64)",tensor([-255]),['s']
7.0,5.558249656109011,9.69132984780487,7.9741965446560945,"tensor([[0.5000]], dtype=torch.float64)",tensor([-255]),['n']
4.0,69.86461681103438,4.469857467263698,4.961137751974158,"tensor([[0.5000]], dtype=torch.float64)",tensor([-255]),['s']
28.0,28.088658220835065,27.417901121669253,26.88582733872369,"tensor([[0.5000]], dtype=torch.float64)",tensor([-255]),['n']
36.0,38.59637343925407,35.987650588740216,35.790125255310926,"tensor([[0.5000]], dtype=torch.float64)",tensor([-255]),['s']
35.0,38.304718312588456,34.90926953687112,34.97033771244848,"tensor([[0.5000]], dtype=torch.float64)",tensor([-255]),['s']
18.0,16.925471720732965,18.450953308021273,18.307053220603393,"tensor([[0.5000]], dtype=torch.float64)",tensor([-255]),['n']
64.0,60.89342935749533,63.917003346031144,62.803495459625665,"tensor([[0.5000]], dtype=torch.float64)",tensor([-255]),['s']
45.0,34.765351618056165,45.955588732302964,45.8367539041585,"tensor([[0.5000]], dtype=torch.float64)",tensor([-255]),['s']
43.0,43.99691393919355,43.648411136318245,43.67958673931051,"tensor([[0.5000]], dtype=torch.float64)",tensor([-255]),['s']
69.0,60.53536925559939,69.00958128936853,68.86152349727885,"tensor([[0.5000]], dtype=torch.float64)",tensor([-255]),['s']
41.0,39.11454704168821,41.769020792382406,41.955872745358555,"tensor([[0.5000]], dtype=torch.float64)",tensor([-255]),['n']
19.0,19.4807022864496,18.881802787006926,18.953498903816484,"tensor([[0.5000]], dtype=torch.float64)",tensor([-255]),['n']
43.0,45.607105218491114,44.22854739177058,44.25157647459099,"tensor([[0.5000]], dtype=torch.float64)",tensor([-255]),['n']
18.0,15.750503643964045,18.153489747256113,17.98114731601245,"tensor([[0.5000]], dtype=torch.float64)",tensor([-255]),['s']
0.0,67.90584796954403,71.0,71.0,"tensor([[0.5000]], dtype=torch.float64)",tensor([-255]),['s']
65.0,67.70195228749247,64.32228898972062,64.62261968721752,"tensor([[0.5000]], dtype=torch.float64)",tensor([-255]),['n']
57.0,57.37588910486272,56.886451698664146,56.33751931801843,"tensor([[0.5000]], dtype=torch.float64)",tensor([-255]),['s']
10.0,60.894561761976945,10.407909427219483,10.300957742174289,"tensor([[0.5000]], dtype=torch.float64)",tensor([-255]),['s']
25.0,39.03730217521924,25.467144343082968,25.248908187073567,"tensor([[0.5000]], dtype=torch.float64)",tensor([-255]),['n']
24.0,23.908182874477305,23.29676345364051,23.004636244964104,"tensor([[0.5000]], dtype=torch.float64)",tensor([-255]),['n']
70.0,70.6649218991305,69.91954748275136,69.821557034268,"tensor([[0.5000]], dtype=torch.float64)",tensor([-255]),['s']
2.0,4.033095773297299,1.8717439737865373,1.9570003489191303,"tensor([[0.5000]], dtype=torch.float64)",tensor([-255]),['n']
56.0,55.936958580265994,55.824447238489164,55.85053823628129,"tensor([[0.5000]], dtype=torch.float64)",tensor([-255]),['n']
14.0,23.98427686483901,13.491631348652774,13.439922811313696,"tensor([[0.5000]], dtype=torch.float64)",tensor([-255]),['n']
8.0,10.157499367638152,7.304438145397344,7.222668402138524,"tensor([[0.5000]], dtype=torch.float64)",tensor([-255]),['n']
67.0,67.16500835949175,65.9747195228691,65.68678564693843,"tensor([[0.5000]], dtype=torch.float64)",tensor([-255]),['s']
66.0,66.08223099628341,65.82498843662874,65.59579460502367,"tensor([[0.5000]], dtype=torch.float64)",tensor([-255]),['s']
13.0,15.157277465251365,12.95879817416281,13.140234847881628,"tensor([[0.5000]], dtype=torch.float64)",tensor([-255]),['n']
10.0,10.311726335360877,10.184586686200104,10.079235362403045,"tensor([[0.5000]], dtype=torch.float64)",tensor([-255]),['s']
35.0,33.507168111130696,34.96423448988746,34.47406321726206,"tensor([[0.5000]], dtype=torch.float64)",tensor([-255]),['s']
48.0,45.83173648918909,48.80796476090624,48.697157260733434,"tensor([[0.5000]], dtype=torch.float64)",tensor([-255]),['s']
8.0,8.044593502615221,7.727100175239759,7.887268754329646,"tensor([[0.5000]], dtype=torch.float64)",tensor([-255]),['n']
8.0,6.1170136151891406,7.654523903760845,7.804108908841485,"tensor([[0.5000]], dtype=torch.float64)",tensor([-255]),['n']
61.0,61.805658201081165,60.364725876885984,60.08539198533735,"tensor([[0.5000]], dtype=torch.float64)",tensor([-255]),['n']
58.0,58.3038411995262,57.721386721762904,57.86410012962187,"tensor([[0.5000]], dtype=torch.float64)",tensor([-255]),['s']
61.0,63.944662256689384,60.68185458010153,60.155192969731424,"tensor([[0.5000]], dtype=torch.float64)",tensor([-255]),['n']
49.0,48.86629602731402,49.69091733288666,49.864270784630186,"tensor([[0.5000]], dtype=torch.float64)",tensor([-255]),['s']
64.0,65.44264308653592,63.31192018303759,62.901591329580675,"tensor([[0.5000]], dtype=torch.float64)",tensor([-255]),['n']
3.0,6.899837570435155,3.113875311375681,3.3268689249457335,"tensor([[0.5000]], dtype=torch.float64)",tensor([-255]),['s']
62.0,70.27657655934951,61.10086387497325,60.70999225881069,"tensor([[0.5000]], dtype=torch.float64)",tensor([-255]),['n']
17.0,41.71947015640221,16.849272431446803,16.9489057195554,"tensor([[0.5000]], dtype=torch.float64)",tensor([-255]),['s']
68.0,67.83222053528584,68.01904156603999,69.0517010181255,"tensor([[0.5000]], dtype=torch.float64)",tensor([-255]),['s']
2.0,3.515061250529782,1.221443754265453,1.4691090209506759,"tensor([[0.5000]], dtype=torch.float64)",tensor([-255]),['s']
45.0,43.18344991498487,45.27902481500681,48.91467841986563,"tensor([[0.5000]], dtype=torch.float64)",tensor([-255]),['s']
61.0,60.12244855616339,60.80039804881765,59.177086213186264,"tensor([[0.5000]], dtype=torch.float64)",tensor([-255]),['n']
2.0,2.1106815973576913,2.3427879757820955,3.12870473086451,"tensor([[0.5000]], dtype=torch.float64)",tensor([-255]),['s']
60.0,62.63010518170405,59.411636168108764,58.85331941012325,"tensor([[0.5000]], dtype=torch.float64)",tensor([-255]),['n']
0.0,68.42421897546663,0.0,0.0,"tensor([[0.5000]], dtype=torch.float64)",tensor([-255]),['s']
66.0,68.32405932029427,65.55145686119234,65.06097768832171,"tensor([[0.5000]], dtype=torch.float64)",tensor([-255]),['s']
26.0,27.847747958033857,26.128152813853276,26.039984741801465,"tensor([[0.5000]], dtype=torch.float64)",tensor([-255]),['s']
0.0,69.22906649826234,70.98359237839252,1.6498685387664613,"tensor([[0.5000]], dtype=torch.float64)",tensor([-255]),['s']
17.0,19.81073615996916,17.304037649471617,17.132475871635194,"tensor([[0.5000]], dtype=torch.float64)",tensor([-255]),['s']
64.0,69.2918656500734,63.69730983873004,62.54219433824966,"tensor([[0.5000]], dtype=torch.float64)",tensor([-255]),['n']
40.0,40.76185394895914,40.70211925898673,40.87447857109071,"tensor([[0.5000]], dtype=torch.float64)",tensor([-255]),['s']
55.0,55.42494250743242,54.74474878164114,54.70906889416864,"tensor([[0.5000]], dtype=torch.float64)",tensor([-255]),['n']
17.0,67.65194510406374,17.120882648246653,17.07141234543365,"tensor([[0.5000]], dtype=torch.float64)",tensor([-255]),['n']
34.0,32.44454132070167,33.8382855242979,33.79452841218216,"tensor([[0.5000]], dtype=torch.float64)",tensor([-255]),['s']
1.0,1.8378870262080549,0.9797348835413391,0.8352712113259217,"tensor([[0.5000]], dtype=torch.float64)",tensor([-255]),['n']
56.0,55.12112092503891,55.624670786390105,55.605107089065356,"tensor([[0.5000]], dtype=torch.float64)",tensor([-255]),['n']
36.0,34.8870455026188,35.639676301934315,35.55161972273969,"tensor([[0.5000]], dtype=torch.float64)",tensor([-255]),['n']
16.0,18.0085129677718,16.075054641595873,16.044482417388007,"tensor([[0.5000]], dtype=torch.float64)",tensor([-255]),['n']
35.0,29.265643146182974,34.89643370873576,34.49693029059642,"tensor([[0.5000]], dtype=torch.float64)",tensor([-255]),['n']
9.0,8.721154942153483,9.085634784733402,8.942652456065026,"tensor([[0.5000]], dtype=torch.float64)",tensor([-255]),['s']
36.0,29.49486824649244,35.96539631463287,36.06883949559468,"tensor([[0.5000]], dtype=torch.float64)",tensor([-255]),['n']
54.0,30.098593544280924,54.073776730798876,54.012661855484005,"tensor([[0.5000]], dtype=torch.float64)",tensor([-255]),['s']
63.0,61.960666200876496,62.58316052082208,62.675995152665806,"tensor([[0.5000]], dtype=torch.float64)",tensor([-255]),['s']
1.0,71.0,0.7715735868341578,0.7434976534254014,"tensor([[0.5000]], dtype=torch.float64)",tensor([-255]),['n']
53.0,53.14040322508323,53.13657144284202,53.04083616103117,"tensor([[0.5000]], dtype=torch.float64)",tensor([-255]),['n']
47.0,43.86192173448295,47.78005958328734,48.14859873534414,"tensor([[0.5000]], dtype=torch.float64)",tensor([-255]),['n']
49.0,49.57689960254815,49.28286889392815,49.92693630572257,"tensor([[0.5000]], dtype=torch.float64)",tensor([-255]),['s']
19.0,18.336371854340218,18.728963040685702,18.86396233631751,"tensor([[0.5000]], dtype=torch.float64)",tensor([-255]),['n']
47.0,47.86370050101004,47.434617501843064,47.69117037838095,"tensor([[0.5000]], dtype=torch.float64)",tensor([-255]),['n']
8.0,9.760885082582657,7.807843596196866,7.984714455812436,"tensor([[0.5000]], dtype=torch.float64)",tensor([-255]),['n']
46.0,43.077374458867126,47.3833947514948,48.04828184610341,"tensor([[0.5000]], dtype=torch.float64)",tensor([-255]),['s']
3.0,3.9801928099879613,3.2359031344786597,3.153252992859057,"tensor([[0.5000]], dtype=torch.float64)",tensor([-255]),['s']
34.0,33.36323804115082,33.903655193275405,33.8268044401617,"tensor([[0.5000]], dtype=torch.float64)",tensor([-255]),['n']
67.0,67.27133232574786,66.35071586272507,65.51858930699198,"tensor([[0.5000]], dtype=torch.float64)",tensor([-255]),['s']
4.0,2.3189838637626394,4.096115063913137,4.908869443463378,"tensor([[0.5000]], dtype=torch.float64)",tensor([-255]),['s']
59.0,30.602656127223135,58.126324050183,58.083165799604416,"tensor([[0.5000]], dtype=torch.float64)",tensor([-255]),['s']
40.0,43.08247503513293,40.560552188860306,40.37531366915548,"tensor([[0.5000]], dtype=torch.float64)",tensor([-255]),['n']
57.0,3.393036759073693,56.36639208946117,56.14798313706135,"tensor([[0.5000]], dtype=torch.float64)",tensor([-255]),['n']
63.0,62.2705538727913,62.63934633118214,62.31915378126267,"tensor([[0.5000]], dtype=torch.float64)",tensor([-255]),['s']
27.0,28.311266633633167,27.073897138281943,27.02894768896716,"tensor([[0.5000]], dtype=torch.float64)",tensor([-255]),['s']
6.0,4.810290656175242,6.339866320606735,6.3262952472946665,"tensor([[0.5000]], dtype=torch.float64)",tensor([-255]),['s']
25.0,26.210502690035653,24.550500252311576,24.11706738270323,"tensor([[0.5000]], dtype=torch.float64)",tensor([-255]),['s']
46.0,44.80683530076317,46.47107667556891,47.630994443631536,"tensor([[0.5000]], dtype=torch.float64)",tensor([-255]),['n']
51.0,28.59029214082567,50.923713336887324,50.9317258516898,"tensor([[0.5000]], dtype=torch.float64)",tensor([-255]),['n']
27.0,29.53312923580057,27.01670123790352,26.248122663986635,"tensor([[0.5000]], dtype=torch.float64)",tensor([-255]),['n']
24.0,22.855946296878557,23.982874056040128,23.965569161390157,"tensor([[0.5000]], dtype=torch.float64)",tensor([-255]),['s']
9.0,8.223766123534462,8.930954946297975,10.047552992200385,"tensor([[0.5000]], dtype=torch.float64)",tensor([-255]),['n']
63.0,24.321052108137984,62.83558961312646,62.98250244783706,"tensor([[0.5000]], dtype=torch.float64)",tensor([-255]),['s']
4.0,7.03535231283961,4.0665883914780965,4.189034142618599,"tensor([[0.5000]], dtype=torch.float64)",tensor([-255]),['n']
33.0,34.23140233157704,33.29828212469375,33.968808330321416,"tensor([[0.5000]], dtype=torch.float64)",tensor([-255]),['n']
54.0,56.58054823674666,53.96959102206263,53.96490660766636,"tensor([[0.5000]], dtype=torch.float64)",tensor([-255]),['n']
54.0,51.449938585330756,53.85123854061464,54.0007183781247,"tensor([[0.5000]], dtype=torch.float64)",tensor([-255]),['n']
41.0,42.080275455883466,47.84767555755668,41.80801404634191,"tensor([[0.5000]], dtype=torch.float64)",tensor([-255]),['s']
57.0,56.81394907720873,56.76236072540723,56.5069074373336,"tensor([[0.5000]], dtype=torch.float64)",tensor([-255]),['n']
70.0,69.60508415299634,69.17857006779565,66.82151349897967,"tensor([[0.5000]], dtype=torch.float64)",tensor([-255]),['n']
6.0,57.94413393449982,8.809044419692315,8.56470387896136,"tensor([[0.5000]], dtype=torch.float64)",tensor([-255]),['s']
58.0,57.41846523772338,57.42870213893586,57.31367958504589,"tensor([[0.5000]], dtype=torch.float64)",tensor([-255]),['n']
12.0,23.568296332311483,12.139873001513243,12.125063418024384,"tensor([[0.5000]], dtype=torch.float64)",tensor([-255]),['n']
48.0,50.256090411690664,48.29562147053062,48.47780109462785,"tensor([[0.5000]], dtype=torch.float64)",tensor([-255]),['n']
12.0,11.068812668271134,11.91656420584603,12.019823236796345,"tensor([[0.5000]], dtype=torch.float64)",tensor([-255]),['n']
53.0,30.894591171953586,53.30682320382524,53.1321953389324,"tensor([[0.5000]], dtype=torch.float64)",tensor([-255]),['n']
8.0,68.72066299097892,8.41152549284209,8.698634990235888,"tensor([[0.5000]], dtype=torch.float64)",tensor([-255]),['n']
68.0,64.0503756222893,68.12741079059879,68.16477345471078,"tensor([[0.5000]], dtype=torch.float64)",tensor([-255]),['n']
33.0,36.10291358870919,33.31351035324975,33.086530568124,"tensor([[0.5000]], dtype=torch.float64)",tensor([-255]),['n']
31.0,29.86556935858347,31.078637807198863,31.020325009077673,"tensor([[0.5000]], dtype=torch.float64)",tensor([-255]),['n']
38.0,40.516313973106044,37.94726306171365,37.96410800286024,"tensor([[0.5000]], dtype=torch.float64)",tensor([-255]),['s']
69.0,68.949920127753,69.00250780072906,68.63261069730085,"tensor([[0.5000]], dtype=torch.float64)",tensor([-255]),['n']
43.0,44.875368226920216,43.745258443111766,44.82433823836053,"tensor([[0.5000]], dtype=torch.float64)",tensor([-255]),['s']
0.0,1.6488632031334642,0.0,0.9888976799745198,"tensor([[0.5000]], dtype=torch.float64)",tensor([-255]),['s']
52.0,65.57624631166703,52.10153612037976,52.122956466815175,"tensor([[0.5000]], dtype=torch.float64)",tensor([-255]),['s']
56.0,59.00071163413332,55.604057225587475,55.80724479903033,"tensor([[0.5000]], dtype=torch.float64)",tensor([-255]),['n']
9.0,9.482415061069524,8.915794013221966,9.460563334450098,"tensor([[0.5000]], dtype=torch.float64)",tensor([-255]),['n']
70.0,9.186225113306294,69.60804325335903,69.61242378190157,"tensor([[0.5000]], dtype=torch.float64)",tensor([-255]),['n']
29.0,29.00551886568485,28.768242998604258,28.917221641054166,"tensor([[0.5000]], dtype=torch.float64)",tensor([-255]),['n']
31.0,34.2499866059832,31.27119348768219,30.667073106974936,"tensor([[0.5000]], dtype=torch.float64)",tensor([-255]),['n']
64.0,62.49032076028264,63.44597623700611,63.08926773299699,"tensor([[0.5000]], dtype=torch.float64)",tensor([-255]),['n']
6.0,7.863659109574651,6.295467117837521,6.68594528836794,"tensor([[0.5000]], dtype=torch.float64)",tensor([-255]),['s']
71.0,1.6622676761505168,70.78541765082979,70.73464688136936,"tensor([[0.5000]], dtype=torch.float64)",tensor([-255]),['s']
2.0,0.4974764640236129,1.3078622557095823,1.8802897993659535,"tensor([[0.5000]], dtype=torch.float64)",tensor([-255]),['s']
41.0,39.910610193318526,41.29525192484899,41.67776144213503,"tensor([[0.5000]], dtype=torch.float64)",tensor([-255]),['s']
4.0,3.05059649176345,11.966883431166156,5.379370073037935,"tensor([[0.5000]], dtype=torch.float64)",tensor([-255]),['s']
30.0,33.647108098007834,30.071285283781496,30.205596123632123,"tensor([[0.5000]], dtype=torch.float64)",tensor([-255]),['s']
6.0,6.765615292259661,5.784546857811768,6.179421285470646,"tensor([[0.5000]], dtype=torch.float64)",tensor([-255]),['n']
12.0,10.551539986296753,11.974017975407174,12.203907986308165,"tensor([[0.5000]], dtype=torch.float64)",tensor([-255]),['s']
63.0,60.36024728965088,62.84522046296283,62.93622623041908,"tensor([[0.5000]], dtype=torch.float64)",tensor([-255]),['n']
55.0,56.06940641501468,54.58237793053748,54.958470803136926,"tensor([[0.5000]], dtype=torch.float64)",tensor([-255]),['s']
28.0,28.039428784886823,28.254121009819205,27.970159774051613,"tensor([[0.5000]], dtype=torch.float64)",tensor([-255]),['s']
64.0,61.95000899738621,63.596143341679266,63.28679101720113,"tensor([[0.5000]], dtype=torch.float64)",tensor([-255]),['s']
13.0,14.019662530072097,12.420426778618722,12.67119102431307,"tensor([[0.5000]], dtype=torch.float64)",tensor([-255]),['s']
43.0,42.93255895308227,43.32562254958669,44.270190114746754,"tensor([[0.5000]], dtype=torch.float64)",tensor([-255]),['n']
62.0,63.81268535160778,61.239871004033986,61.13375126176421,"tensor([[0.5000]], dtype=torch.float64)",tensor([-255]),['s']
27.0,29.968275147138705,27.009201666056445,26.527739792766308,"tensor([[0.5000]], dtype=torch.float64)",tensor([-255]),['s']
21.0,20.397303455198372,20.960495055517022,20.99891110595983,"tensor([[0.5000]], dtype=torch.float64)",tensor([-255]),['n']
7.0,4.668737627274104,7.254518139593781,7.043268770165564,"tensor([[0.5000]], dtype=torch.float64)",tensor([-255]),['s']
15.0,25.13828510610712,14.872960209258542,15.092438244249129,"tensor([[0.5000]], dtype=torch.float64)",tensor([-255]),['n']
14.0,12.826106960415053,14.204828979249417,14.188853712196854,"tensor([[0.5000]], dtype=torch.float64)",tensor([-255]),['n']
3.0,1.1687663207849006,2.765146663030089,2.7390464803090926,"tensor([[0.5000]], dtype=torch.float64)",tensor([-255]),['n']
43.0,44.23712573842427,43.16186926452742,43.82153418932018,"tensor([[0.5000]], dtype=torch.float64)",tensor([-255]),['n']
18.0,21.51135995820837,18.196313586158354,18.176553605792094,"tensor([[0.5000]], dtype=torch.float64)",tensor([-255]),['s']
1.0,1.9451792579461717,1.0276177446167465,0.9928757921868445,"tensor([[0.5000]], dtype=torch.float64)",tensor([-255]),['n']
38.0,38.61127022622776,37.85857643769535,37.912509929474915,"tensor([[0.5000]], dtype=torch.float64)",tensor([-255]),['n']
46.0,41.79282723432635,46.76392772485308,47.34609508430488,"tensor([[0.5000]], dtype=torch.float64)",tensor([-255]),['s']
6.0,47.99720555894554,6.425390482577097,6.309303650884998,"tensor([[0.5000]], dtype=torch.float64)",tensor([-255]),['s']
50.0,52.197546676530045,50.45784809688634,50.736676436227704,"tensor([[0.5000]], dtype=torch.float64)",tensor([-255]),['n']
44.0,43.32257469300571,44.898719041824776,45.56667281837991,"tensor([[0.5000]], dtype=torch.float64)",tensor([-255]),['n']
38.0,40.48378206411385,37.67805396064495,37.97819674661968,"tensor([[0.5000]], dtype=torch.float64)",tensor([-255]),['s']
51.0,49.349370087815096,51.715196028443394,51.70129660431628,"tensor([[0.5000]], dtype=torch.float64)",tensor([-255]),['n']
31.0,32.16467380523958,31.16415140580895,30.771717857897123,"tensor([[0.5000]], dtype=torch.float64)",tensor([-255]),['s']
3.0,2.267998418141276,2.872348157199376,2.6598733493417592,"tensor([[0.5000]], dtype=torch.float64)",tensor([-255]),['s']
14.0,13.73618075319791,13.934409989831277,13.957534971139047,"tensor([[0.5000]], dtype=torch.float64)",tensor([-255]),['s']
25.0,38.2284599438169,24.6535593440777,24.835377478656884,"tensor([[0.5000]], dtype=torch.float64)",tensor([-255]),['s']
56.0,60.079836243886376,55.7717699989301,55.89986530528949,"tensor([[0.5000]], dtype=torch.float64)",tensor([-255]),['n']
13.0,62.2625011084796,13.006623190473741,13.09239831183102,"tensor([[0.5000]], dtype=torch.float64)",tensor([-255]),['s']
52.0,49.00249267210271,52.436337108501284,52.74675428861857,"tensor([[0.5000]], dtype=torch.float64)",tensor([-255]),['s']
15.0,13.064908188217865,15.369957487416952,15.657329073405146,"tensor([[0.5000]], dtype=torch.float64)",tensor([-255]),['s']
24.0,25.781981712322185,24.009392060774406,23.854123073435325,"tensor([[0.5000]], dtype=torch.float64)",tensor([-255]),['n']
31.0,26.689999416458,30.830134581345344,30.27788665364482,"tensor([[0.5000]], dtype=torch.float64)",tensor([-255]),['n']
14.0,11.748825267605042,13.836639592131311,13.930612514545617,"tensor([[0.5000]], dtype=torch.float64)",tensor([-255]),['s']
1.0,59.06363689507575,0.5795753731570322,1.6505018307238253,"tensor([[0.5000]], dtype=torch.float64)",tensor([-255]),['n']
69.0,66.00857263975013,68.42372394129613,68.36408389466726,"tensor([[0.5000]], dtype=torch.float64)",tensor([-255]),['s']
42.0,37.13180264113134,42.763296149907305,42.890976132762596,"tensor([[0.5000]], dtype=torch.float64)",tensor([-255]),['s']
43.0,45.08499426264109,43.269762536799746,43.79117041167475,"tensor([[0.5000]], dtype=torch.float64)",tensor([-255]),['s']
68.0,66.06877522386606,68.02940417389766,68.16207157627872,"tensor([[0.5000]], dtype=torch.float64)",tensor([-255]),['n']
22.0,23.99066693053482,21.68596699898203,21.146524605452036,"tensor([[0.5000]], dtype=torch.float64)",tensor([-255]),['s']
53.0,52.98581805924908,53.11444258585381,53.10275548077559,"tensor([[0.5000]], dtype=torch.float64)",tensor([-255]),['n']
1.0,5.675084343293044,0.6563448631699852,0.327060642044023,"tensor([[0.5000]], dtype=torch.float64)",tensor([-255]),['s']
43.0,44.84300334160556,43.758099842896016,43.46876375340812,"tensor([[0.5000]], dtype=torch.float64)",tensor([-255]),['s']
10.0,11.908971466837428,9.882497628760024,10.06164941570715,"tensor([[0.5000]], dtype=torch.float64)",tensor([-255]),['s']
37.0,41.01763559070491,37.25043329069857,37.19371224917169,"tensor([[0.5000]], dtype=torch.float64)",tensor([-255]),['n']
28.0,31.686767840080112,27.548022164383713,27.74894670448887,"tensor([[0.5000]], dtype=torch.float64)",tensor([-255]),['s']
7.0,7.677069410932659,7.142403814200265,6.927347442088035,"tensor([[0.5000]], dtype=torch.float64)",tensor([-255]),['s']
19.0,21.03744333231212,19.004787945975973,19.014615990682433,"tensor([[0.5000]], dtype=torch.float64)",tensor([-255]),['s']
4.0,0.12925597335324662,3.6154327733022207,3.464174971978728,"tensor([[0.5000]], dtype=torch.float64)",tensor([-255]),['n']
25.0,26.395157754288917,24.332690135714948,24.59541789125342,"tensor([[0.5000]], dtype=torch.float64)",tensor([-255]),['s']
22.0,21.028140318080695,22.07773132625964,22.03472639908915,"tensor([[0.5000]], dtype=torch.float64)",tensor([-255]),['n']
67.0,66.80359352827634,66.71136147700092,66.83182369937867,"tensor([[0.5000]], dtype=torch.float64)",tensor([-255]),['s']
26.0,27.026685728095664,25.550020329826694,25.84574060070996,"tensor([[0.5000]], dtype=torch.float64)",tensor([-255]),['s']
44.0,42.159689820106706,44.95430942563148,44.57726756825497,"tensor([[0.5000]], dtype=torch.float64)",tensor([-255]),['s']
37.0,37.177494069625354,36.89565703757137,37.10677471064021,"tensor([[0.5000]], dtype=torch.float64)",tensor([-255]),['n']
1.0,0.7569313846818082,0.8316848124309298,1.5903453129724856,"tensor([[0.5000]], dtype=torch.float64)",tensor([-255]),['n']
22.0,23.03346615240349,22.210418734998722,22.135152552240648,"tensor([[0.5000]], dtype=torch.float64)",tensor([-255]),['n']
8.0,5.165711120912362,7.939101570408101,7.909027258837206,"tensor([[0.5000]], dtype=torch.float64)",tensor([-255]),['n']
25.0,25.889404458183648,25.035037390704677,24.16922214713345,"tensor([[0.5000]], dtype=torch.float64)",tensor([-255]),['n']
8.0,7.481843053213588,8.27129246853253,7.955851292064909,"tensor([[0.5000]], dtype=torch.float64)",tensor([-255]),['s']
20.0,24.246048388942356,20.636242670843604,20.579630332985545,"tensor([[0.5000]], dtype=torch.float64)",tensor([-255]),['n']
16.0,16.56021248985966,15.73393798466786,15.947216247045157,"tensor([[0.5000]], dtype=torch.float64)",tensor([-255]),['n']
43.0,40.02698893336387,47.76931164843997,44.80929452973351,"tensor([[0.5000]], dtype=torch.float64)",tensor([-255]),['n']
38.0,41.82803411052651,38.29499648175765,38.05375402181433,"tensor([[0.5000]], dtype=torch.float64)",tensor([-255]),['n']
61.0,58.58634836924554,60.63678870813328,60.50554605912282,"tensor([[0.5000]], dtype=torch.float64)",tensor([-255]),['n']
13.0,10.030089110502999,13.408643267146632,13.272863389458655,"tensor([[0.5000]], dtype=torch.float64)",tensor([-255]),['s']
12.0,9.50890551652487,12.469008009480817,12.432546299089996,"tensor([[0.5000]], dtype=torch.float64)",tensor([-255]),['s']
0.0,2.8575731334995456,0.0,5.191258211361263,"tensor([[0.5000]], dtype=torch.float64)",tensor([-255]),['s']
64.0,64.14165710367405,63.19971491720659,62.984035254780295,"tensor([[0.5000]], dtype=torch.float64)",tensor([-255]),['n']
51.0,48.89560353312146,51.23251314325466,51.27091377510271,"tensor([[0.5000]], dtype=torch.float64)",tensor([-255]),['n']
59.0,62.18607061806108,58.34113664042357,57.93913061170528,"tensor([[0.5000]], dtype=torch.float64)",tensor([-255]),['n']
5.0,7.793313870282882,5.419001732037527,5.720935634472583,"tensor([[0.5000]], dtype=torch.float64)",tensor([-255]),['s']
60.0,60.7474710241987,59.457442748343844,59.11388836187167,"tensor([[0.5000]], dtype=torch.float64)",tensor([-255]),['n']
32.0,32.684146702018666,32.499217359404355,31.99421333113854,"tensor([[0.5000]], dtype=torch.float64)",tensor([-255]),['s']
2.0,7.506779070645499,2.043130037916879,2.3364375640846182,"tensor([[0.5000]], dtype=torch.float64)",tensor([-255]),['n']
9.0,63.89001118123785,8.779929057732343,9.821306626773799,"tensor([[0.5000]], dtype=torch.float64)",tensor([-255]),['n']
14.0,25.148682900467865,14.000619315749548,14.104520098391037,"tensor([[0.5000]], dtype=torch.float64)",tensor([-255]),['s']
32.0,29.776818588540433,32.08632778733753,31.9421900131389,"tensor([[0.5000]], dtype=torch.float64)",tensor([-255]),['n']
19.0,16.715662342739638,18.881418081390553,18.90251556828171,"tensor([[0.5000]], dtype=torch.float64)",tensor([-255]),['s']
26.0,25.394539589529586,25.97349956219732,26.040794143868933,"tensor([[0.5000]], dtype=torch.float64)",tensor([-255]),['n']
8.0,6.29233982575206,8.81146399382426,8.735166041815805,"tensor([[0.5000]], dtype=torch.float64)",tensor([-255]),['s']
30.0,28.165842857707666,30.11268270321949,30.012338088915918,"tensor([[0.5000]], dtype=torch.float64)",tensor([-255]),['s']
40.0,36.31568947024692,40.26787065517165,44.96594376860704,"tensor([[0.5000]], dtype=torch.float64)",tensor([-255]),['s']
38.0,39.11026711505581,38.32085678432906,38.64969261598982,"tensor([[0.5000]], dtype=torch.float64)",tensor([-255]),['n']
16.0,14.773833991415792,16.325146677598916,16.37677588646931,"tensor([[0.5000]], dtype=torch.float64)",tensor([-255]),['n']
3.0,67.50419924007232,2.1516504025114336,2.143092851912302,"tensor([[0.5000]], dtype=torch.float64)",tensor([-255]),['s']
58.0,57.291848894996555,57.288026479557494,57.06426934919993,"tensor([[0.5000]], dtype=torch.float64)",tensor([-255]),['s']
32.0,30.155624588225614,32.013692219660264,31.964092401456572,"tensor([[0.5000]], dtype=torch.float64)",tensor([-255]),['n']
4.0,5.4805179183622705,3.685610540473899,3.8694605525192034,"tensor([[0.5000]], dtype=torch.float64)",tensor([-255]),['s']
6.0,8.910686749417806,6.172071907812333,6.948658727498679,"tensor([[0.5000]], dtype=torch.float64)",tensor([-255]),['s']
30.0,27.282948737697552,29.035041289029962,29.258524759981313,"tensor([[0.5000]], dtype=torch.float64)",tensor([-255]),['s']
43.0,43.40603610803384,43.1594669365913,42.93260172838762,"tensor([[0.5000]], dtype=torch.float64)",tensor([-255]),['s']
20.0,23.752638892497245,20.18781945317177,20.094419455801553,"tensor([[0.5000]], dtype=torch.float64)",tensor([-255]),['n']
57.0,59.80106137491752,56.551133488403174,56.221962411237776,"tensor([[0.5000]], dtype=torch.float64)",tensor([-255]),['s']
66.0,65.17689181855977,65.10905214436445,64.90267445110406,"tensor([[0.5000]], dtype=torch.float64)",tensor([-255]),['n']
57.0,59.747778301966996,56.50963617613116,56.30492392340411,"tensor([[0.5000]], dtype=torch.float64)",tensor([-255]),['n']
13.0,14.498025743376557,12.87240884567163,13.319541758305684,"tensor([[0.5000]], dtype=torch.float64)",tensor([-255]),['s']
14.0,12.949626731677979,14.128810171521655,14.126413107146812,"tensor([[0.5000]], dtype=torch.float64)",tensor([-255]),['s']
38.0,35.99843925905748,37.94023685330209,38.81564922916857,"tensor([[0.5000]], dtype=torch.float64)",tensor([-255]),['n']
9.0,10.144106626821415,8.87496633115817,9.016076286645891,"tensor([[0.5000]], dtype=torch.float64)",tensor([-255]),['n']
50.0,47.03524347039941,50.46697817787671,51.052376401061814,"tensor([[0.5000]], dtype=torch.float64)",tensor([-255]),['s']
13.0,12.822208103787679,12.996282119182549,13.055316487051122,"tensor([[0.5000]], dtype=torch.float64)",tensor([-255]),['s']
24.0,21.20377342407921,23.997112585181572,23.06700509021476,"tensor([[0.5000]], dtype=torch.float64)",tensor([-255]),['n']
62.0,67.63652842719749,60.53991072537913,61.789888320058814,"tensor([[0.5000]], dtype=torch.float64)",tensor([-255]),['s']
30.0,32.162088439622636,30.557182267313546,30.333975701315666,"tensor([[0.5000]], dtype=torch.float64)",tensor([-255]),['n']
6.0,5.955442541626827,6.687924110744968,6.6908698056838904,"tensor([[0.5000]], dtype=torch.float64)",tensor([-255]),['s']
59.0,59.163533753312706,58.46980923332823,58.3253888822299,"tensor([[0.5000]], dtype=torch.float64)",tensor([-255]),['n']
19.0,23.164074822672426,19.207567684483507,18.9874912645717,"tensor([[0.5000]], dtype=torch.float64)",tensor([-255]),['s']
44.0,40.85298313317443,44.97186131321687,45.42918812305791,"tensor([[0.5000]], dtype=torch.float64)",tensor([-255]),['s']
29.0,32.428617050320284,29.15486489911979,29.02795446962993,"tensor([[0.5000]], dtype=torch.float64)",tensor([-255]),['s']
66.0,65.28153862911141,64.9650648291807,63.0899274919527,"tensor([[0.5000]], dtype=torch.float64)",tensor([-255]),['s']
37.0,36.4856996519389,37.02364786750752,36.887048547575226,"tensor([[0.5000]], dtype=torch.float64)",tensor([-255]),['n']
48.0,47.984233938891656,48.47514992715738,49.327323655989304,"tensor([[0.5000]], dtype=torch.float64)",tensor([-255]),['s']
30.0,38.51100230757561,29.806294845417707,29.880805682232086,"tensor([[0.5000]], dtype=torch.float64)",tensor([-255]),['n']
44.0,45.44909049527925,45.02279821480474,44.93867355524971,"tensor([[0.5000]], dtype=torch.float64)",tensor([-255]),['s']
69.0,70.76704979906332,68.86438028203663,68.91314583798372,"tensor([[0.5000]], dtype=torch.float64)",tensor([-255]),['n']
34.0,26.808113171347944,32.98452860501539,32.44777551072499,"tensor([[0.5000]], dtype=torch.float64)",tensor([-255]),['n']
41.0,38.36077998515019,41.63322874290684,41.81538482690181,"tensor([[0.5000]], dtype=torch.float64)",tensor([-255]),['s']
70.0,4.733138821668092,70.32270116510374,69.7710183261843,"tensor([[0.5000]], dtype=torch.float64)",tensor([-255]),['n']
19.0,27.976863264828594,18.96818039366474,19.03130901834478,"tensor([[0.5000]], dtype=torch.float64)",tensor([-255]),['s']
62.0,62.41341367845439,60.838054861888644,60.48572907618444,"tensor([[0.5000]], dtype=torch.float64)",tensor([-255]),['n']
23.0,24.065729089400435,23.242063258931687,23.27093610804559,"tensor([[0.5000]], dtype=torch.float64)",tensor([-255]),['s']
6.0,6.409165434695248,5.579362359533977,6.130668854332688,"tensor([[0.5000]], dtype=torch.float64)",tensor([-255]),['s']
30.0,36.365831924744974,30.257400693532457,28.038692596361244,"tensor([[0.5000]], dtype=torch.float64)",tensor([-255]),['s']
35.0,31.60588009192222,34.78996271667194,34.104781786513726,"tensor([[0.5000]], dtype=torch.float64)",tensor([-255]),['s']
21.0,20.249842486494078,21.22766276774012,21.00848769455886,"tensor([[0.5000]], dtype=torch.float64)",tensor([-255]),['n']
61.0,60.02697883715092,60.75212091681616,60.205317133984906,"tensor([[0.5000]], dtype=torch.float64)",tensor([-255]),['n']
17.0,16.217827308213664,16.966120917052116,16.938771297747735,"tensor([[0.5000]], dtype=torch.float64)",tensor([-255]),['n']
35.0,35.29706328932342,35.14354548831995,35.17448728850492,"tensor([[0.5000]], dtype=torch.float64)",tensor([-255]),['n']
15.0,16.04987380424656,14.511671298024092,14.991190675917418,"tensor([[0.5000]], dtype=torch.float64)",tensor([-255]),['n']
65.0,66.84374428524734,63.63393024758189,63.62109857913395,"tensor([[0.5000]], dtype=torch.float64)",tensor([-255]),['s']
5.0,4.95414715164153,8.538547000251363,6.9853881086799126,"tensor([[0.5000]], dtype=torch.float64)",tensor([-255]),['s']
12.0,12.107788032658025,11.848856635599853,11.966953564713759,"tensor([[0.5000]], dtype=torch.float64)",tensor([-255]),['s']
71.0,4.0222411232862445,70.87446743547558,0.0,"tensor([[0.5000]], dtype=torch.float64)",tensor([-255]),['n']
26.0,24.43467197667475,26.0296016866158,26.238482167353922,"tensor([[0.5000]], dtype=torch.float64)",tensor([-255]),['s']
9.0,11.12682516183484,8.52677810344931,8.61728734409642,"tensor([[0.5000]], dtype=torch.float64)",tensor([-255]),['n']
63.0,61.10106997411907,62.50627548902569,62.389149079789036,"tensor([[0.5000]], dtype=torch.float64)",tensor([-255]),['s']
32.0,36.09840080334465,32.35107117541132,31.697468537069906,"tensor([[0.5000]], dtype=torch.float64)",tensor([-255]),['s']
25.0,29.44912437853016,25.333005615251327,25.19671308189663,"tensor([[0.5000]], dtype=torch.float64)",tensor([-255]),['n']
54.0,30.161106856266265,54.17724808822972,54.052933118610284,"tensor([[0.5000]], dtype=torch.float64)",tensor([-255]),['s']
17.0,18.048815346140383,16.808650530852507,16.869890404604874,"tensor([[0.5000]], dtype=torch.float64)",tensor([-255]),['s']
41.0,35.50814609431973,41.28026752813787,41.69556515653086,"tensor([[0.5000]], dtype=torch.float64)",tensor([-255]),['n']
3.0,62.04481912427455,2.852800733130267,3.505113349107468,"tensor([[0.5000]], dtype=torch.float64)",tensor([-255]),['s']
15.0,16.06732121356022,15.221962776463533,15.047445613346273,"tensor([[0.5000]], dtype=torch.float64)",tensor([-255]),['s']
44.0,45.21718369617864,44.33446987753239,44.243726339143244,"tensor([[0.5000]], dtype=torch.float64)",tensor([-255]),['n']
39.0,32.98848768192702,39.36984522578827,39.78264925790305,"tensor([[0.5000]], dtype=torch.float64)",tensor([-255]),['s']
69.0,67.0329098199083,68.78375575733935,68.62625837092776,"tensor([[0.5000]], dtype=torch.float64)",tensor([-255]),['s']
62.0,60.7529380492407,61.33481092843571,61.18305374226439,"tensor([[0.5000]], dtype=torch.float64)",tensor([-255]),['s']
35.0,36.071637519361616,34.950388736466024,34.73386257294367,"tensor([[0.5000]], dtype=torch.float64)",tensor([-255]),['n']
27.0,27.89819572780125,26.85315781981901,25.887094945603906,"tensor([[0.5000]], dtype=torch.float64)",tensor([-255]),['n']
48.0,49.865034815954985,48.384686402356884,49.27747762336503,"tensor([[0.5000]], dtype=torch.float64)",tensor([-255]),['n']
15.0,14.102249455693652,14.768939999598931,14.75733776610736,"tensor([[0.5000]], dtype=torch.float64)",tensor([-255]),['n']
64.0,63.86689976939829,63.59864929565917,63.0905791682426,"tensor([[0.5000]], dtype=torch.float64)",tensor([-255]),['n']
4.0,8.777200810800895,3.204100733601916,10.876903100915081,"tensor([[0.5000]], dtype=torch.float64)",tensor([-255]),['n']
47.0,43.64261712070015,50.07867648386527,48.38103802792951,"tensor([[0.5000]], dtype=torch.float64)",tensor([-255]),['s']
55.0,53.679207091103926,55.05438579065477,54.99771018971754,"tensor([[0.5000]], dtype=torch.float64)",tensor([-255]),['s']
3.0,4.24585969952909,2.6541391033363375,2.7681333543382465,"tensor([[0.5000]], dtype=torch.float64)",tensor([-255]),['s']
21.0,61.864485676994704,21.17613122240546,20.979709578291864,"tensor([[0.5000]], dtype=torch.float64)",tensor([-255]),['s']
40.0,37.398092705823025,40.69797848941759,39.72117785902039,"tensor([[0.5000]], dtype=torch.float64)",tensor([-255]),['s']
59.0,58.51136046842916,58.3839232662217,58.06636763123857,"tensor([[0.5000]], dtype=torch.float64)",tensor([-255]),['s']
19.0,19.548877437347564,18.85882079827481,18.656742085383442,"tensor([[0.5000]], dtype=torch.float64)",tensor([-255]),['n']
27.0,26.9237477805431,26.97829258703536,26.84417015541655,"tensor([[0.5000]], dtype=torch.float64)",tensor([-255]),['s']
61.0,64.99151107982722,59.536384393338935,59.920820206852774,"tensor([[0.5000]], dtype=torch.float64)",tensor([-255]),['s']
70.0,4.224863874046292,69.95720819195023,69.33290314765362,"tensor([[0.5000]], dtype=torch.float64)",tensor([-255]),['s']
27.0,27.018781108624236,27.109009144621137,27.026820162764082,"tensor([[0.5000]], dtype=torch.float64)",tensor([-255]),['n']
52.0,50.91826876043793,51.9725302003978,52.06922917275332,"tensor([[0.5000]], dtype=torch.float64)",tensor([-255]),['n']
15.0,15.901521935580668,14.898213207772091,14.896288858693655,"tensor([[0.5000]], dtype=torch.float64)",tensor([-255]),['s']
41.0,41.538590189924946,42.05197022669247,41.88360180212468,"tensor([[0.5000]], dtype=torch.float64)",tensor([-255]),['s']
21.0,22.72871974209832,21.198872187677292,21.085773333095702,"tensor([[0.5000]], dtype=torch.float64)",tensor([-255]),['s']
41.0,42.82228862189551,41.35475774870187,41.28039641654445,"tensor([[0.5000]], dtype=torch.float64)",tensor([-255]),['n']
28.0,27.879661361663914,28.121548711520337,28.135044045780855,"tensor([[0.5000]], dtype=torch.float64)",tensor([-255]),['s']
36.0,37.615110783102175,36.58814905150943,36.73719689011728,"tensor([[0.5000]], dtype=torch.float64)",tensor([-255]),['s']
19.0,16.857091143588345,19.325249393011852,19.0383729515367,"tensor([[0.5000]], dtype=torch.float64)",tensor([-255]),['s']
7.0,6.934581612170206,6.9150833323077086,7.512288626809981,"tensor([[0.5000]], dtype=torch.float64)",tensor([-255]),['n']
49.0,46.902576525067566,49.36272254978906,49.7986306677405,"tensor([[0.5000]], dtype=torch.float64)",tensor([-255]),['n']
29.0,31.11902696920642,28.984345364215514,28.834935833854136,"tensor([[0.5000]], dtype=torch.float64)",tensor([-255]),['n']
67.0,65.06736408527567,66.53458064870807,66.00494718130783,"tensor([[0.5000]], dtype=torch.float64)",tensor([-255]),['n']
23.0,23.719678655130615,23.2660124622703,22.979101451177055,"tensor([[0.5000]], dtype=torch.float64)",tensor([-255]),['s']
32.0,35.766487200909545,31.969180039862994,30.982023204145282,"tensor([[0.5000]], dtype=torch.float64)",tensor([-255]),['n']
34.0,37.89971721456408,34.72956468575801,34.94156955317187,"tensor([[0.5000]], dtype=torch.float64)",tensor([-255]),['n']
11.0,11.795147448752703,11.258996269276254,11.84277560159301,"tensor([[0.5000]], dtype=torch.float64)",tensor([-255]),['n']
26.0,26.03141402606083,26.059008430247985,25.951751067574634,"tensor([[0.5000]], dtype=torch.float64)",tensor([-255]),['n']
62.0,64.06894598386711,61.55622224279113,61.38213036183455,"tensor([[0.5000]], dtype=torch.float64)",tensor([-255]),['s']
26.0,27.61528117324474,26.57242930360235,26.44047335425065,"tensor([[0.5000]], dtype=torch.float64)",tensor([-255]),['s']
50.0,49.201466773822176,50.42931061222352,50.43013844923604,"tensor([[0.5000]], dtype=torch.float64)",tensor([-255]),['s']
53.0,53.65696445376995,53.043459644166994,53.01978096943067,"tensor([[0.5000]], dtype=torch.float64)",tensor([-255]),['s']
62.0,59.56861144827945,61.587675955762,60.413310286753415,"tensor([[0.5000]], dtype=torch.float64)",tensor([-255]),['n']
23.0,22.13666971638777,22.685967736142324,22.2884742279888,"tensor([[0.5000]], dtype=torch.float64)",tensor([-255]),['n']
9.0,9.23270240727657,10.318529471388548,9.164579173043412,"tensor([[0.5000]], dtype=torch.float64)",tensor([-255]),['s']
25.0,29.61593981538463,24.80722528336823,24.849172661501473,"tensor([[0.5000]], dtype=torch.float64)",tensor([-255]),['n']
57.0,23.184534786302354,56.556998767893354,56.339885237817874,"tensor([[0.5000]], dtype=torch.float64)",tensor([-255]),['n']
1.0,67.10256632641303,0.2842529339899365,1.5526901552089407,"tensor([[0.5000]], dtype=torch.float64)",tensor([-255]),['n']
25.0,24.009576512879466,25.026692914403696,25.39028209310393,"tensor([[0.5000]], dtype=torch.float64)",tensor([-255]),['s']
61.0,61.017055891013904,60.185717547401396,60.03797950087402,"tensor([[0.5000]], dtype=torch.float64)",tensor([-255]),['s']
38.0,31.498566489186864,37.88431116304514,38.47353466437977,"tensor([[0.5000]], dtype=torch.float64)",tensor([-255]),['s']
53.0,29.06747563247384,52.99311911343988,53.02713412310351,"tensor([[0.5000]], dtype=torch.float64)",tensor([-255]),['n']
45.0,43.71330269383814,48.4041358141865,47.95541834101089,"tensor([[0.5000]], dtype=torch.float64)",tensor([-255]),['s']
50.0,48.8520091144878,50.744693876473264,50.72296650657068,"tensor([[0.5000]], dtype=torch.float64)",tensor([-255]),['s']
53.0,52.62707879642129,53.04230836871834,52.997011156662055,"tensor([[0.5000]], dtype=torch.float64)",tensor([-255]),['s']
11.0,29.785821498067122,11.694844125906462,11.80516162975086,"tensor([[0.5000]], dtype=torch.float64)",tensor([-255]),['s']
22.0,23.018911338474837,21.77340817487882,21.92757108987082,"tensor([[0.5000]], dtype=torch.float64)",tensor([-255]),['s']
9.0,6.9663507948158605,9.374093125187661,9.933780842274045,"tensor([[0.5000]], dtype=torch.float64)",tensor([-255]),['s']
39.0,37.05279044986432,39.04505498558642,38.395300993250224,"tensor([[0.5000]], dtype=torch.float64)",tensor([-255]),['n']
51.0,51.23936498985852,51.499254268114804,51.42859882101326,"tensor([[0.5000]], dtype=torch.float64)",tensor([-255]),['n']
2.0,70.9812942225394,1.7262636343913598,1.9503905563449926,"tensor([[0.5000]], dtype=torch.float64)",tensor([-255]),['s']
16.0,15.133332427259145,15.722661547665995,15.918859625019461,"tensor([[0.5000]], dtype=torch.float64)",tensor([-255]),['s']
64.0,66.99339229176664,63.92294746862196,63.71336298587816,"tensor([[0.5000]], dtype=torch.float64)",tensor([-255]),['n']
50.0,51.76945051265567,50.45560219867474,50.286729394608955,"tensor([[0.5000]], dtype=torch.float64)",tensor([-255]),['n']
64.0,62.29576423672269,63.83994331657713,62.32541929583961,"tensor([[0.5000]], dtype=torch.float64)",tensor([-255]),['n']
4.0,5.998231890657444,3.8311942982751517,4.060864493760911,"tensor([[0.5000]], dtype=torch.float64)",tensor([-255]),['s']
12.0,12.880149097381828,11.398342650579742,11.786522951589806,"tensor([[0.5000]], dtype=torch.float64)",tensor([-255]),['s']
6.0,6.603378090720177,6.561640349054074,6.384744157152846,"tensor([[0.5000]], dtype=torch.float64)",tensor([-255]),['s']
26.0,27.163989651481963,26.60893951361326,25.97859587471688,"tensor([[0.5000]], dtype=torch.float64)",tensor([-255]),['n']
13.0,23.446649575292838,14.176309693056782,13.924770968786342,"tensor([[0.5000]], dtype=torch.float64)",tensor([-255]),['s']
0.0,70.1300516208012,0.04941439847044278,0.0537229259432374,"tensor([[0.5000]], dtype=torch.float64)",tensor([-255]),['n']
9.0,8.7079183186346,9.31030208829329,9.203863226220175,"tensor([[0.5000]], dtype=torch.float64)",tensor([-255]),['n']
11.0,12.688895833136293,10.673974703328325,10.655273320168412,"tensor([[0.5000]], dtype=torch.float64)",tensor([-255]),['s']
54.0,28.127828577010956,53.9339930353733,53.99387597672722,"tensor([[0.5000]], dtype=torch.float64)",tensor([-255]),['s']
35.0,33.69795814202118,34.79137592457999,34.10348251022454,"tensor([[0.5000]], dtype=torch.float64)",tensor([-255]),['s']
18.0,64.03173740536317,17.95835173463264,17.918767735871274,"tensor([[0.5000]], dtype=torch.float64)",tensor([-255]),['s']
0.0,67.33092158345718,0.1288115993647336,0.736651300887386,"tensor([[0.5000]], dtype=torch.float64)",tensor([-255]),['n']
65.0,64.93571922973939,64.76347500732672,63.8670862477729,"tensor([[0.5000]], dtype=torch.float64)",tensor([-255]),['s']
29.0,28.978461187151403,28.840009469032257,28.687694347885568,"tensor([[0.5000]], dtype=torch.float64)",tensor([-255]),['n']
2.0,3.0188295438612185,2.0793097021358236,1.8938370835258633,"tensor([[0.5000]], dtype=torch.float64)",tensor([-255]),['s']
8.0,10.669444818978228,8.12170177823734,8.47294640156213,"tensor([[0.5000]], dtype=torch.float64)",tensor([-255]),['n']
69.0,69.78848025349194,69.0715268947641,69.2027052223228,"tensor([[0.5000]], dtype=torch.float64)",tensor([-255]),['n']
6.0,3.450583311524942,6.326752239016017,6.727947794423576,"tensor([[0.5000]], dtype=torch.float64)",tensor([-255]),['n']
40.0,39.908635819915276,39.94699389107429,39.67144431855273,"tensor([[0.5000]], dtype=torch.float64)",tensor([-255]),['n']
11.0,10.513982735360846,10.860479780672113,11.088288431112975,"tensor([[0.5000]], dtype=torch.float64)",tensor([-255]),['n']
4.0,7.9006673982151945,4.148064370707391,4.1168448280804455,"tensor([[0.5000]], dtype=torch.float64)",tensor([-255]),['s']
35.0,32.261937586097204,27.02554830580668,36.533242280373386,"tensor([[0.5000]], dtype=torch.float64)",tensor([-255]),['s']
54.0,53.59736814449363,54.13233369480759,54.04976359830318,"tensor([[0.5000]], dtype=torch.float64)",tensor([-255]),['s']
69.0,66.21925168214577,68.21023842558026,67.98948383061926,"tensor([[0.5000]], dtype=torch.float64)",tensor([-255]),['n']
15.0,15.33595769405559,14.458840081811799,14.783109265334145,"tensor([[0.5000]], dtype=torch.float64)",tensor([-255]),['n']
56.0,56.14151875555089,55.87908307502146,55.92948732282101,"tensor([[0.5000]], dtype=torch.float64)",tensor([-255]),['n']
64.0,62.392262166315334,63.16451315894051,62.8425982236402,"tensor([[0.5000]], dtype=torch.float64)",tensor([-255]),['n']
44.0,42.909329407444815,44.91007693962254,45.03236487464214,"tensor([[0.5000]], dtype=torch.float64)",tensor([-255]),['s']
44.0,44.621265879502985,44.288184457912095,47.42882461061949,"tensor([[0.5000]], dtype=torch.float64)",tensor([-255]),['s']
51.0,51.148234551632115,51.577049875972506,51.76979941541064,"tensor([[0.5000]], dtype=torch.float64)",tensor([-255]),['n']
67.0,70.8118193242558,67.1425870379165,66.62713162812045,"tensor([[0.5000]], dtype=torch.float64)",tensor([-255]),['n']
50.0,49.08663777453316,50.2790093364845,50.840491454708314,"tensor([[0.5000]], dtype=torch.float64)",tensor([-255]),['n']
2.0,60.727773587274214,1.7359180785730621,1.9772331400471588,"tensor([[0.5000]], dtype=torch.float64)",tensor([-255]),['n']
45.0,45.160218228926084,45.98690882722423,45.67690643549573,"tensor([[0.5000]], dtype=torch.float64)",tensor([-255]),['s']
47.0,37.138200170238406,48.44617448365778,48.05365081756851,"tensor([[0.5000]], dtype=torch.float64)",tensor([-255]),['s']
14.0,14.44822058020312,14.28317732686732,14.306707819654362,"tensor([[0.5000]], dtype=torch.float64)",tensor([-255]),['s']
35.0,29.48693385635517,35.406943727667915,35.03719358397884,"tensor([[0.5000]], dtype=torch.float64)",tensor([-255]),['n']
10.0,6.796204600393841,11.158928561651214,10.372223891270755,"tensor([[0.5000]], dtype=torch.float64)",tensor([-255]),['s']
42.0,38.320928456092545,42.239289381114084,42.58999794216436,"tensor([[0.5000]], dtype=torch.float64)",tensor([-255]),['s']
54.0,53.02721834580513,53.97598838513729,53.97151807415794,"tensor([[0.5000]], dtype=torch.float64)",tensor([-255]),['s']
48.0,28.03449614687928,48.63236758685539,49.021095537279,"tensor([[0.5000]], dtype=torch.float64)",tensor([-255]),['s']
3.0,3.549901466701468,2.759313411947628,3.2827218762366406,"tensor([[0.5000]], dtype=torch.float64)",tensor([-255]),['n']
59.0,60.21314829018114,58.64212544987617,58.08295825746725,"tensor([[0.5000]], dtype=torch.float64)",tensor([-255]),['s']
70.0,69.87125970100388,70.37593235583856,70.72200237038693,"tensor([[0.5000]], dtype=torch.float64)",tensor([-255]),['s']
71.0,68.00912116282899,71.0,71.0,"tensor([[0.5000]], dtype=torch.float64)",tensor([-255]),['n']
34.0,32.72391752759505,33.957077876469285,33.61878721990615,"tensor([[0.5000]], dtype=torch.float64)",tensor([-255]),['n']
27.0,25.26055500209582,27.321617170442472,26.724161128545873,"tensor([[0.5000]], dtype=torch.float64)",tensor([-255]),['s']
67.0,69.0406356036832,58.054670378606446,65.13366736030827,"tensor([[0.5000]], dtype=torch.float64)",tensor([-255]),['s']
25.0,25.144406475090342,25.314747515602786,25.173302735478686,"tensor([[0.5000]], dtype=torch.float64)",tensor([-255]),['n']
70.0,62.01189497302325,70.22086292615586,59.91036600954702,"tensor([[0.5000]], dtype=torch.float64)",tensor([-255]),['s']
61.0,58.78796830663956,60.54554178325992,60.109997266231396,"tensor([[0.5000]], dtype=torch.float64)",tensor([-255]),['s']
3.0,6.59962628406543,3.2220726083663465,3.1428823900821254,"tensor([[0.5000]], dtype=torch.float64)",tensor([-255]),['s']
53.0,30.962587100866074,53.209605066230466,53.835507591502996,"tensor([[0.5000]], dtype=torch.float64)",tensor([-255]),['s']
7.0,2.42438078735175,6.782755993419279,7.812724686760017,"tensor([[0.5000]], dtype=torch.float64)",tensor([-255]),['n']
71.0,4.687072470124667,71.0,0.0,"tensor([[0.5000]], dtype=torch.float64)",tensor([-255]),['n']
48.0,29.544472514823617,48.66652329936506,48.92173719947638,"tensor([[0.5000]], dtype=torch.float64)",tensor([-255]),['n']
18.0,17.541785203659714,18.22099659973192,18.130373704380165,"tensor([[0.5000]], dtype=torch.float64)",tensor([-255]),['s']
58.0,28.589658336396525,58.43560805625165,57.2747947984212,"tensor([[0.5000]], dtype=torch.float64)",tensor([-255]),['s']
10.0,11.934935358142775,9.664706938687711,11.081189156898049,"tensor([[0.5000]], dtype=torch.float64)",tensor([-255]),['n']
47.0,45.56703509320313,47.19004045591223,47.19083787289573,"tensor([[0.5000]], dtype=torch.float64)",tensor([-255]),['n']
47.0,36.2488041931252,47.54691391853235,47.81632805460258,"tensor([[0.5000]], dtype=torch.float64)",tensor([-255]),['s']
32.0,37.918461170541796,32.133530789639565,32.14206123290776,"tensor([[0.5000]], dtype=torch.float64)",tensor([-255]),['s']
61.0,59.93935869240859,60.12259183694748,60.076146482283406,"tensor([[0.5000]], dtype=torch.float64)",tensor([-255]),['s']
14.0,11.077209944731855,14.388129438786825,14.043897063194837,"tensor([[0.5000]], dtype=torch.float64)",tensor([-255]),['s']
56.0,56.03281153625353,55.82486510165484,55.18344046750607,"tensor([[0.5000]], dtype=torch.float64)",tensor([-255]),['n']
32.0,32.38307097582021,32.0348553178101,31.75241360574775,"tensor([[0.5000]], dtype=torch.float64)",tensor([-255]),['s']
23.0,25.998490577672946,22.96016941912528,22.16354348474981,"tensor([[0.5000]], dtype=torch.float64)",tensor([-255]),['n']
49.0,50.88394283108516,49.49238733777249,49.899053398999264,"tensor([[0.5000]], dtype=torch.float64)",tensor([-255]),['n']
36.0,32.735127911163175,35.585710310019124,36.20123196242427,"tensor([[0.5000]], dtype=torch.float64)",tensor([-255]),['n']
20.0,19.71763759874907,19.88050700389911,19.979379572872205,"tensor([[0.5000]], dtype=torch.float64)",tensor([-255]),['s']
28.0,29.18291820425403,27.539938866741352,27.529936429652544,"tensor([[0.5000]], dtype=torch.float64)",tensor([-255]),['s']
55.0,54.292274565808015,54.93741653907164,54.95627907538729,"tensor([[0.5000]], dtype=torch.float64)",tensor([-255]),['s']
29.0,27.10258678967651,29.13113990646827,28.810106972785356,"tensor([[0.5000]], dtype=torch.float64)",tensor([-255]),['s']
61.0,68.71911582876126,59.904518087479666,59.23445591520145,"tensor([[0.5000]], dtype=torch.float64)",tensor([-255]),['s']
18.0,16.511323262941943,17.934699064350784,17.961640838208687,"tensor([[0.5000]], dtype=torch.float64)",tensor([-255]),['n']
4.0,15.057245611479894,3.624388941248108,3.8115474115423282,"tensor([[0.5000]], dtype=torch.float64)",tensor([-255]),['s']
1.0,2.481387386268745,1.8934769057064056,2.258754953938822,"tensor([[0.5000]], dtype=torch.float64)",tensor([-255]),['n']
18.0,18.24284287049522,18.243650805954314,18.20253319413701,"tensor([[0.5000]], dtype=torch.float64)",tensor([-255]),['s']
36.0,39.892613907620785,35.77625437566208,35.69077498357494,"tensor([[0.5000]], dtype=torch.float64)",tensor([-255]),['n']
50.0,48.51434083246425,50.69823844997179,50.886547517322036,"tensor([[0.5000]], dtype=torch.float64)",tensor([-255]),['s']
1.0,11.18498192495481,0.7499824894022182,1.0973074041375517,"tensor([[0.5000]], dtype=torch.float64)",tensor([-255]),['n']
58.0,24.562933624108815,57.708085967852945,57.194332005658204,"tensor([[0.5000]], dtype=torch.float64)",tensor([-255]),['n']
59.0,59.095472940626294,58.38059751552775,58.18615297783397,"tensor([[0.5000]], dtype=torch.float64)",tensor([-255]),['n']
2.0,59.51490139032829,1.9892209861709451,2.6292440219406874,"tensor([[0.5000]], dtype=torch.float64)",tensor([-255]),['n']
62.0,64.44763825705286,60.79454341501296,60.089054632610704,"tensor([[0.5000]], dtype=torch.float64)",tensor([-255]),['n']
56.0,11.983300490730365,55.64517949404146,55.7838946631791,"tensor([[0.5000]], dtype=torch.float64)",tensor([-255]),['n']
34.0,29.015704200694877,34.07867958395885,34.0407559155223,"tensor([[0.5000]], dtype=torch.float64)",tensor([-255]),['s']
54.0,53.028482068831956,54.067041969919615,54.03375422703342,"tensor([[0.5000]], dtype=torch.float64)",tensor([-255]),['n']
44.0,42.260730341175616,44.05277389214994,44.3695377108735,"tensor([[0.5000]], dtype=torch.float64)",tensor([-255]),['n']
40.0,42.872738253244215,40.53292199429239,40.723969982921986,"tensor([[0.5000]], dtype=torch.float64)",tensor([-255]),['s']
7.0,7.794343790417413,6.281411533694902,6.5075246867941114,"tensor([[0.5000]], dtype=torch.float64)",tensor([-255]),['s']
7.0,11.169151182837108,7.378092947253542,7.769143943541319,"tensor([[0.5000]], dtype=torch.float64)",tensor([-255]),['n']
16.0,11.640808017743126,15.75217406453423,15.804276914200512,"tensor([[0.5000]], dtype=torch.float64)",tensor([-255]),['n']
68.0,64.15351680568756,67.81642626933404,67.76014863982957,"tensor([[0.5000]], dtype=torch.float64)",tensor([-255]),['n']
13.0,11.833222248874591,13.29877774141346,13.090676929829987,"tensor([[0.5000]], dtype=torch.float64)",tensor([-255]),['s']
60.0,59.63539618320442,59.3990975340456,59.29266045059941,"tensor([[0.5000]], dtype=torch.float64)",tensor([-255]),['s']
22.0,42.90146838068575,21.84224129717403,21.18825058979379,"tensor([[0.5000]], dtype=torch.float64)",tensor([-255]),['s']
34.0,40.98278319473799,34.20807456975555,32.19212217127069,"tensor([[0.5000]], dtype=torch.float64)",tensor([-255]),['s']
21.0,19.494853240119884,20.197602554382588,20.713832046717155,"tensor([[0.5000]], dtype=torch.float64)",tensor([-255]),['s']
49.0,50.096054912012434,49.4295808235694,49.92449156463812,"tensor([[0.5000]], dtype=torch.float64)",tensor([-255]),['n']
38.0,35.534402443635884,38.15100432807908,38.463452080681805,"tensor([[0.5000]], dtype=torch.float64)",tensor([-255]),['n']
42.0,38.82476306787591,42.544330718949425,42.49696306557559,"tensor([[0.5000]], dtype=torch.float64)",tensor([-255]),['n']
22.0,22.574418241875243,21.841399362079056,22.0174259894417,"tensor([[0.5000]], dtype=torch.float64)",tensor([-255]),['n']
17.0,16.28685326466237,17.236320990552937,17.093158771679278,"tensor([[0.5000]], dtype=torch.float64)",tensor([-255]),['n']
44.0,46.783001904779056,44.41960711586576,44.97518944895237,"tensor([[0.5000]], dtype=torch.float64)",tensor([-255]),['n']
16.0,16.80755251105736,16.04838124660326,16.072517204173945,"tensor([[0.5000]], dtype=torch.float64)",tensor([-255]),['s']
51.0,50.33729324817421,51.243673733288055,51.85872681938181,"tensor([[0.5000]], dtype=torch.float64)",tensor([-255]),['s']
17.0,19.858466008256467,16.952475644207194,16.893182378176473,"tensor([[0.5000]], dtype=torch.float64)",tensor([-255]),['n']
26.0,27.05816023482413,25.818667416768065,25.90554804011511,"tensor([[0.5000]], dtype=torch.float64)",tensor([-255]),['s']
63.0,63.940945043056395,62.58094538089048,62.02056617817978,"tensor([[0.5000]], dtype=torch.float64)",tensor([-255]),['n']
25.0,26.876372388205514,24.102266533738284,24.68723999931518,"tensor([[0.5000]], dtype=torch.float64)",tensor([-255]),['n']
23.0,26.373792403232343,23.14604536421736,22.804237432699853,"tensor([[0.5000]], dtype=torch.float64)",tensor([-255]),['s']
4.0,5.91927860097891,3.4533942035341165,3.807506152738492,"tensor([[0.5000]], dtype=torch.float64)",tensor([-255]),['s']
28.0,29.309958102311505,28.409125017257974,27.921898539504767,"tensor([[0.5000]], dtype=torch.float64)",tensor([-255]),['n']
40.0,27.060113948685412,40.29583881459046,40.40115962647901,"tensor([[0.5000]], dtype=torch.float64)",tensor([-255]),['n']
67.0,63.67438272092207,66.723498569053,66.12240133735384,"tensor([[0.5000]], dtype=torch.float64)",tensor([-255]),['n']
49.0,49.111875674296165,49.33266437044616,49.962481837391614,"tensor([[0.5000]], dtype=torch.float64)",tensor([-255]),['s']
65.0,62.52946533264092,64.80671244197774,62.74060424491552,"tensor([[0.5000]], dtype=torch.float64)",tensor([-255]),['s']
45.0,45.011547588887815,46.14187704081948,46.160922056057,"tensor([[0.5000]], dtype=torch.float64)",tensor([-255]),['s']
41.0,36.26912289868483,40.71302484574955,40.77735337840864,"tensor([[0.5000]], dtype=torch.float64)",tensor([-255]),['n']
68.0,68.58815558964,67.65700459731232,67.44040866246635,"tensor([[0.5000]], dtype=torch.float64)",tensor([-255]),['s']
66.0,64.90677780267018,65.04104984778077,65.01314760392152,"tensor([[0.5000]], dtype=torch.float64)",tensor([-255]),['n']
4.0,8.364045791030042,4.184607261808928,4.066319507407785,"tensor([[0.5000]], dtype=torch.float64)",tensor([-255]),['n']
11.0,47.45085813771948,10.560215743671947,10.710948533460128,"tensor([[0.5000]], dtype=torch.float64)",tensor([-255]),['n']
47.0,41.99486393359976,50.40758322156118,49.502509621353376,"tensor([[0.5000]], dtype=torch.float64)",tensor([-255]),['s']
64.0,26.04091370533485,63.73758192154081,63.038650574897794,"tensor([[0.5000]], dtype=torch.float64)",tensor([-255]),['n']
54.0,49.197046660483934,54.04737843345731,54.10116992933956,"tensor([[0.5000]], dtype=torch.float64)",tensor([-255]),['n']
0.0,65.06723112942333,0.0,71.0,"tensor([[0.5000]], dtype=torch.float64)",tensor([-255]),['n']
69.0,49.95615078704242,69.29898116296941,68.96621988779941,"tensor([[0.5000]], dtype=torch.float64)",tensor([-255]),['s']
16.0,14.269816168158673,16.251700373786626,16.28511838902691,"tensor([[0.5000]], dtype=torch.float64)",tensor([-255]),['n']
16.0,16.97366611554913,15.900373505918996,16.046295713291265,"tensor([[0.5000]], dtype=torch.float64)",tensor([-255]),['s']
65.0,65.66760840212123,64.70378571642651,64.81107518179061,"tensor([[0.5000]], dtype=torch.float64)",tensor([-255]),['s']
8.0,4.6737856154704325,7.954283281180434,8.148239473351001,"tensor([[0.5000]], dtype=torch.float64)",tensor([-255]),['n']
23.0,23.688829934399546,23.17425125214349,23.073901214407773,"tensor([[0.5000]], dtype=torch.float64)",tensor([-255]),['n']
14.0,14.748340577385683,13.993269370672365,14.02236354266616,"tensor([[0.5000]], dtype=torch.float64)",tensor([-255]),['n']
43.0,42.850731282878016,43.547480292761044,43.65314298579104,"tensor([[0.5000]], dtype=torch.float64)",tensor([-255]),['n']
26.0,59.99747117645804,25.915727604258787,25.95701412742571,"tensor([[0.5000]], dtype=torch.float64)",tensor([-255]),['s']
45.0,46.03817333717684,45.391725502542414,45.78217325900474,"tensor([[0.5000]], dtype=torch.float64)",tensor([-255]),['n']
10.0,69.13534641312354,14.19040000193427,11.84181722892989,"tensor([[0.5000]], dtype=torch.float64)",tensor([-255]),['s']
15.0,56.59093347107325,15.116294215344539,15.018148900883743,"tensor([[0.5000]], dtype=torch.float64)",tensor([-255]),['n']
51.0,46.66859476234665,51.01277994378819,51.600391310971055,"tensor([[0.5000]], dtype=torch.float64)",tensor([-255]),['s']
57.0,56.72730399655339,56.77571837603716,56.85057962194046,"tensor([[0.5000]], dtype=torch.float64)",tensor([-255]),['n']
54.0,38.1550047226649,54.08380457255131,54.17546980689286,"tensor([[0.5000]], dtype=torch.float64)",tensor([-255]),['s']
2.0,61.187716517132316,1.5237007620610474,1.814719329157166,"tensor([[0.5000]], dtype=torch.float64)",tensor([-255]),['n']
37.0,40.57821589556675,37.05041553674281,36.91975879161082,"tensor([[0.5000]], dtype=torch.float64)",tensor([-255]),['n']
42.0,42.88856947498489,42.77100222807929,42.89996005645864,"tensor([[0.5000]], dtype=torch.float64)",tensor([-255]),['s']
70.0,70.6863179318259,70.34508732870437,70.70219219667396,"tensor([[0.5000]], dtype=torch.float64)",tensor([-255]),['s']
45.0,45.015192333113035,45.77396346141094,45.99864413056954,"tensor([[0.5000]], dtype=torch.float64)",tensor([-255]),['s']
12.0,14.012205742198299,11.993157010922085,12.020732047884836,"tensor([[0.5000]], dtype=torch.float64)",tensor([-255]),['s']
34.0,32.91165421779779,33.898233060016565,33.79320787359347,"tensor([[0.5000]], dtype=torch.float64)",tensor([-255]),['n']
5.0,6.40242955047183,5.146781111582183,5.756421138246092,"tensor([[0.5000]], dtype=torch.float64)",tensor([-255]),['s']
25.0,26.830296196035633,24.79615478143989,24.309667769619853,"tensor([[0.5000]], dtype=torch.float64)",tensor([-255]),['s']
27.0,28.02414211506794,26.906534528707585,26.86008597633121,"tensor([[0.5000]], dtype=torch.float64)",tensor([-255]),['s']
40.0,41.21356720534038,40.69774094917085,39.329396180944116,"tensor([[0.5000]], dtype=torch.float64)",tensor([-255]),['s']
70.0,69.90203309680955,69.92132791833215,70.22146699400294,"tensor([[0.5000]], dtype=torch.float64)",tensor([-255]),['n']
70.0,68.26616683611584,69.85333203389612,69.34831240321817,"tensor([[0.5000]], dtype=torch.float64)",tensor([-255]),['n']
56.0,54.49344409937507,55.76878818350814,55.96757607280937,"tensor([[0.5000]], dtype=torch.float64)",tensor([-255]),['n']
4.0,4.444650816992568,3.936883155088132,3.9699767372959665,"tensor([[0.5000]], dtype=torch.float64)",tensor([-255]),['s']
25.0,38.43275984726028,25.1770349344736,25.030554986116652,"tensor([[0.5000]], dtype=torch.float64)",tensor([-255]),['n']
66.0,63.2793797109835,65.03921608334824,65.01249541160948,"tensor([[0.5000]], dtype=torch.float64)",tensor([-255]),['s']
42.0,32.701962782091144,42.39409105873725,42.969180621127244,"tensor([[0.5000]], dtype=torch.float64)",tensor([-255]),['n']
24.0,29.794931545697835,23.734963882462647,23.086340507433565,"tensor([[0.5000]], dtype=torch.float64)",tensor([-255]),['n']
37.0,39.154762538188436,36.491754002709456,37.123589173930846,"tensor([[0.5000]], dtype=torch.float64)",tensor([-255]),['s']
71.0,9.670974959924193,0.0,71.0,"tensor([[0.5000]], dtype=torch.float64)",tensor([-255]),['s']
69.0,67.66719702417764,68.65862263070154,67.955615088541,"tensor([[0.5000]], dtype=torch.float64)",tensor([-255]),['s']
64.0,64.02541824475522,63.2219163010199,63.58203100904933,"tensor([[0.5000]], dtype=torch.float64)",tensor([-255]),['s']
53.0,53.21735320014663,53.01551385799421,52.99307638004935,"tensor([[0.5000]], dtype=torch.float64)",tensor([-255]),['n']
64.0,63.16690182207918,62.299876141955615,62.46206901179451,"tensor([[0.5000]], dtype=torch.float64)",tensor([-255]),['n']
32.0,29.427502316727534,32.0341073416024,32.0082185988128,"tensor([[0.5000]], dtype=torch.float64)",tensor([-255]),['n']
3.0,5.264928654247392,2.8828026584356365,3.1086594793682587,"tensor([[0.5000]], dtype=torch.float64)",tensor([-255]),['n']
43.0,45.12427685279816,43.47201650110421,43.872468902376816,"tensor([[0.5000]], dtype=torch.float64)",tensor([-255]),['n']
55.0,56.05598478430976,55.017680956487595,54.653621942526804,"tensor([[0.5000]], dtype=torch.float64)",tensor([-255]),['n']
36.0,35.14484970686911,36.002025412299936,35.395226950084194,"tensor([[0.5000]], dtype=torch.float64)",tensor([-255]),['n']
15.0,17.52365187329954,14.958110073287193,15.085970484525822,"tensor([[0.5000]], dtype=torch.float64)",tensor([-255]),['n']
33.0,32.911952414764635,32.904946276290985,32.32184175241438,"tensor([[0.5000]], dtype=torch.float64)",tensor([-255]),['n']
24.0,27.186433190744644,23.98435711839093,23.912503183092127,"tensor([[0.5000]], dtype=torch.float64)",tensor([-255]),['s']
55.0,33.09601025460513,55.120863294737966,55.085226612701405,"tensor([[0.5000]], dtype=torch.float64)",tensor([-255]),['s']
14.0,13.994480188322783,14.139615470667685,14.890190061764093,"tensor([[0.5000]], dtype=torch.float64)",tensor([-255]),['n']
66.0,66.10497165313814,65.28923965309944,65.44791565691682,"tensor([[0.5000]], dtype=torch.float64)",tensor([-255]),['s']
0.0,67.22436558629522,0.0,0.0,"tensor([[0.5000]], dtype=torch.float64)",tensor([-255]),['n']
22.0,23.066078499442582,21.881522766176538,21.841014970551786,"tensor([[0.5000]], dtype=torch.float64)",tensor([-255]),['n']
65.0,62.17098617144201,64.25023190548029,63.96885492542091,"tensor([[0.5000]], dtype=torch.float64)",tensor([-255]),['n']
65.0,64.72103727091762,64.47388822062591,63.568046145208186,"tensor([[0.5000]], dtype=torch.float64)",tensor([-255]),['n']
54.0,52.33937197313738,54.13330311172157,54.01210892344073,"tensor([[0.5000]], dtype=torch.float64)",tensor([-255]),['s']
27.0,34.556703236142866,25.706115157217237,25.937043712987805,"tensor([[0.5000]], dtype=torch.float64)",tensor([-255]),['n']
40.0,35.88793187185878,40.31884960978951,40.68845193412329,"tensor([[0.5000]], dtype=torch.float64)",tensor([-255]),['n']
23.0,22.012207348524683,23.094881248887916,21.445070471723835,"tensor([[0.5000]], dtype=torch.float64)",tensor([-255]),['s']
18.0,15.815684680155758,18.332940730975672,18.142785584944683,"tensor([[0.5000]], dtype=torch.float64)",tensor([-255]),['s']
45.0,44.69330357532549,45.732827710217585,45.81375027409604,"tensor([[0.5000]], dtype=torch.float64)",tensor([-255]),['n']
63.0,2.431031828994226,62.842060270227854,60.88881158184453,"tensor([[0.5000]], dtype=torch.float64)",tensor([-255]),['n']
21.0,61.961645330543,20.915831327247336,20.772016284847318,"tensor([[0.5000]], dtype=torch.float64)",tensor([-255]),['n']
30.0,27.83638611553443,30.17298739543906,30.140262134871477,"tensor([[0.5000]], dtype=torch.float64)",tensor([-255]),['n']
47.0,46.81121430448583,47.2361722280329,47.58569841943979,"tensor([[0.5000]], dtype=torch.float64)",tensor([-255]),['n']
62.0,60.041849873706866,61.66860825776893,61.89278927202897,"tensor([[0.5000]], dtype=torch.float64)",tensor([-255]),['n']
7.0,8.825065876078977,7.155257040720271,7.3484971837315936,"tensor([[0.5000]], dtype=torch.float64)",tensor([-255]),['s']
44.0,46.83920313875274,44.448742469613485,44.59246091221251,"tensor([[0.5000]], dtype=torch.float64)",tensor([-255]),['s']
41.0,40.33245160802963,45.70040309130973,43.17785460400004,"tensor([[0.5000]], dtype=torch.float64)",tensor([-255]),['s']
38.0,44.263276384058976,38.59593429213266,38.77870477445035,"tensor([[0.5000]], dtype=torch.float64)",tensor([-255]),['s']
58.0,58.80348375385937,57.686292670125276,57.73249945019332,"tensor([[0.5000]], dtype=torch.float64)",tensor([-255]),['s']
27.0,28.121321531878777,26.97670165476608,26.852098770395713,"tensor([[0.5000]], dtype=torch.float64)",tensor([-255]),['s']
8.0,6.609855765060524,8.241636081235471,8.934272393097812,"tensor([[0.5000]], dtype=torch.float64)",tensor([-255]),['s']
48.0,47.949544896111234,48.38658970504783,48.2327386056471,"tensor([[0.5000]], dtype=torch.float64)",tensor([-255]),['n']
1.0,61.94233927460988,0.28299955381280484,1.280089993243767,"tensor([[0.5000]], dtype=torch.float64)",tensor([-255]),['s']
65.0,62.86025416051407,64.94127548058415,64.81231989298134,"tensor([[0.5000]], dtype=torch.float64)",tensor([-255]),['n']
67.0,18.530804373811065,66.25899625733389,66.22270394160242,"tensor([[0.5000]], dtype=torch.float64)",tensor([-255]),['s']
9.0,10.047698185653546,8.943855928411557,8.997353445736636,"tensor([[0.5000]], dtype=torch.float64)",tensor([-255]),['s']
4.0,2.290334028065738,3.8007088283775277,3.7618391637801265,"tensor([[0.5000]], dtype=torch.float64)",tensor([-255]),['s']
69.0,70.36119545320987,68.52548770998196,68.71091427350873,"tensor([[0.5000]], dtype=torch.float64)",tensor([-255]),['s']
4.0,3.370005955086951,3.955532027878543,4.531803242951947,"tensor([[0.5000]], dtype=torch.float64)",tensor([-255]),['s']
13.0,11.752321313353404,12.96656574865339,13.037723431853145,"tensor([[0.5000]], dtype=torch.float64)",tensor([-255]),['n']
41.0,43.900979401177274,41.73567851539031,41.58439906964005,"tensor([[0.5000]], dtype=torch.float64)",tensor([-255]),['s']
8.0,6.594447782292159,7.522866864723256,7.428881189241861,"tensor([[0.5000]], dtype=torch.float64)",tensor([-255]),['s']
4.0,68.64234703284968,3.699516121307272,4.926759221070614,"tensor([[0.5000]], dtype=torch.float64)",tensor([-255]),['s']
22.0,23.876295332710637,21.079168727587327,21.62364637190566,"tensor([[0.5000]], dtype=torch.float64)",tensor([-255]),['s']
63.0,64.00057953317709,62.396416887998576,62.13869121385397,"tensor([[0.5000]], dtype=torch.float64)",tensor([-255]),['s']
49.0,37.77329289709975,50.11566237775205,50.027114181914534,"tensor([[0.5000]], dtype=torch.float64)",tensor([-255]),['s']
20.0,20.85765051875558,19.69551479520612,19.764503203078508,"tensor([[0.5000]], dtype=torch.float64)",tensor([-255]),['n']
42.0,40.820716986279194,42.35342671982467,44.5292565732632,"tensor([[0.5000]], dtype=torch.float64)",tensor([-255]),['n']
65.0,66.92310349338372,58.27419324088093,63.65160294325865,"tensor([[0.5000]], dtype=torch.float64)",tensor([-255]),['s']
57.0,56.04736222540819,56.65126969481664,56.48905122591589,"tensor([[0.5000]], dtype=torch.float64)",tensor([-255]),['n']
24.0,58.333312174556056,23.958883697736177,23.756455684419137,"tensor([[0.5000]], dtype=torch.float64)",tensor([-255]),['n']
17.0,18.309782157628025,16.85715233802863,16.91068403861201,"tensor([[0.5000]], dtype=torch.float64)",tensor([-255]),['s']
24.0,25.2235390853652,24.553317258630084,24.43769116137535,"tensor([[0.5000]], dtype=torch.float64)",tensor([-255]),['n']
36.0,40.670781736132334,36.074212897776036,35.80281111958109,"tensor([[0.5000]], dtype=torch.float64)",tensor([-255]),['s']
32.0,35.66831404581322,32.38160042688687,31.318343778436514,"tensor([[0.5000]], dtype=torch.float64)",tensor([-255]),['n']
57.0,58.30905891148507,57.00513346724117,56.0819510676961,"tensor([[0.5000]], dtype=torch.float64)",tensor([-255]),['n']
47.0,47.860408619574386,47.59871887475943,47.84770968419694,"tensor([[0.5000]], dtype=torch.float64)",tensor([-255]),['n']
26.0,26.07155140316958,25.66418908589797,25.36071947043798,"tensor([[0.5000]], dtype=torch.float64)",tensor([-255]),['n']
32.0,36.39250486235444,32.89600626277919,32.03722057397165,"tensor([[0.5000]], dtype=torch.float64)",tensor([-255]),['n']
35.0,33.36255733939756,35.294757671156205,35.44136513255728,"tensor([[0.5000]], dtype=torch.float64)",tensor([-255]),['s']
57.0,59.83362015268213,56.3168171856961,56.35841788521667,"tensor([[0.5000]], dtype=torch.float64)",tensor([-255]),['n']
32.0,39.81647226422832,32.437153545612205,32.11699898339753,"tensor([[0.5000]], dtype=torch.float64)",tensor([-255]),['s']
37.0,40.63323460288268,37.42915103866371,37.11330462777595,"tensor([[0.5000]], dtype=torch.float64)",tensor([-255]),['s']
21.0,59.86856336528291,21.063729826577227,21.04351935056656,"tensor([[0.5000]], dtype=torch.float64)",tensor([-255]),['n']
25.0,23.917517802612636,24.781667459853573,24.735946781872563,"tensor([[0.5000]], dtype=torch.float64)",tensor([-255]),['n']
50.0,47.54116977699561,50.84018563712067,50.27450063440039,"tensor([[0.5000]], dtype=torch.float64)",tensor([-255]),['s']
37.0,33.3266748125005,37.12891036009806,36.90780287561717,"tensor([[0.5000]], dtype=torch.float64)",tensor([-255]),['s']
18.0,17.105356940980307,17.827302112736017,17.93414798710735,"tensor([[0.5000]], dtype=torch.float64)",tensor([-255]),['s']
19.0,19.050543108546307,19.031455459770573,19.008094257283425,"tensor([[0.5000]], dtype=torch.float64)",tensor([-255]),['s']
46.0,48.90264372087161,45.93210064511994,46.96498117228778,"tensor([[0.5000]], dtype=torch.float64)",tensor([-255]),['s']
53.0,51.90622478277102,53.620034686978435,53.13832198593373,"tensor([[0.5000]], dtype=torch.float64)",tensor([-255]),['s']
20.0,21.922852944874027,19.84066119896972,19.859136892073796,"tensor([[0.5000]], dtype=torch.float64)",tensor([-255]),['n']
12.0,45.97818518009203,12.22183250891589,12.123671651200416,"tensor([[0.5000]], dtype=torch.float64)",tensor([-255]),['s']
3.0,7.63784960631039,2.4308658175424642,2.5193975715319725,"tensor([[0.5000]], dtype=torch.float64)",tensor([-255]),['s']
61.0,24.80474807090163,60.24674406758865,60.15508570598996,"tensor([[0.5000]], dtype=torch.float64)",tensor([-255]),['n']
37.0,39.10857971908978,36.72420141963266,36.496645034952685,"tensor([[0.5000]], dtype=torch.float64)",tensor([-255]),['n']
60.0,34.85982462936864,59.393257423367515,59.36210603689306,"tensor([[0.5000]], dtype=torch.float64)",tensor([-255]),['s']
26.0,31.12340873234059,25.933033006939308,25.682643927352736,"tensor([[0.5000]], dtype=torch.float64)",tensor([-255]),['n']
39.0,29.542373999240567,38.92196778864439,39.073187991587,"tensor([[0.5000]], dtype=torch.float64)",tensor([-255]),['n']
68.0,46.424958431874884,67.50627483983541,67.10048518750423,"tensor([[0.5000]], dtype=torch.float64)",tensor([-255]),['n']
19.0,65.94404703211373,18.876487731368684,18.749475953283504,"tensor([[0.5000]], dtype=torch.float64)",tensor([-255]),['n']
36.0,35.10947796846519,35.590991783834454,35.761886108314876,"tensor([[0.5000]], dtype=torch.float64)",tensor([-255]),['s']
51.0,36.1662047502248,51.54161669248812,52.003542840710516,"tensor([[0.5000]], dtype=torch.float64)",tensor([-255]),['n']
30.0,27.524266749908023,30.03719786858171,29.7538623849189,"tensor([[0.5000]], dtype=torch.float64)",tensor([-255]),['n']
59.0,57.00943351968276,58.66084254888428,58.59313281904405,"tensor([[0.5000]], dtype=torch.float64)",tensor([-255]),['n']
47.0,46.74562731681368,47.389804838791775,48.766555794434616,"tensor([[0.5000]], dtype=torch.float64)",tensor([-255]),['n']
57.0,60.68160191947709,56.595581706445095,56.70433299384185,"tensor([[0.5000]], dtype=torch.float64)",tensor([-255]),['n']
15.0,14.568537810579095,14.831698886755099,15.065170471704818,"tensor([[0.5000]], dtype=torch.float64)",tensor([-255]),['s']
64.0,61.17867048440063,63.57127585808849,63.251287925899085,"tensor([[0.5000]], dtype=torch.float64)",tensor([-255]),['n']
51.0,48.93810765330405,51.22716422171966,51.19617144648097,"tensor([[0.5000]], dtype=torch.float64)",tensor([-255]),['n']
3.0,1.9302045155366994,2.414785266219116,2.6627809018192403,"tensor([[0.5000]], dtype=torch.float64)",tensor([-255]),['n']
60.0,60.28338928241526,59.277151979747885,59.06984052263405,"tensor([[0.5000]], dtype=torch.float64)",tensor([-255]),['s']
2.0,4.833423386638968,2.978339609787521,2.36770789396194,"tensor([[0.5000]], dtype=torch.float64)",tensor([-255]),['s']
37.0,39.39587768170932,36.63488118513105,37.84899619123855,"tensor([[0.5000]], dtype=torch.float64)",tensor([-255]),['s']
47.0,48.585971408689645,47.489352723013965,48.01678797179056,"tensor([[0.5000]], dtype=torch.float64)",tensor([-255]),['n']
53.0,54.370651406779004,53.00200121625327,52.971405969232435,"tensor([[0.5000]], dtype=torch.float64)",tensor([-255]),['s']
46.0,42.67935410764392,48.00212162197199,47.07487701921694,"tensor([[0.5000]], dtype=torch.float64)",tensor([-255]),['s']
40.0,43.71144024528815,40.59603030737322,40.7960525502525,"tensor([[0.5000]], dtype=torch.float64)",tensor([-255]),['n']
71.0,66.87899712524342,70.42274220396084,70.29545869135733,"tensor([[0.5000]], dtype=torch.float64)",tensor([-255]),['s']
24.0,22.616437103688305,24.793482957889378,24.656580274743472,"tensor([[0.5000]], dtype=torch.float64)",tensor([-255]),['s']
62.0,59.2975492611896,61.658311692512726,61.67702580103943,"tensor([[0.5000]], dtype=torch.float64)",tensor([-255]),['n']
6.0,3.1204161000722896,5.7866467641772115,6.210344881508785,"tensor([[0.5000]], dtype=torch.float64)",tensor([-255]),['s']
34.0,31.342455513288343,34.15072318285408,34.20184579320044,"tensor([[0.5000]], dtype=torch.float64)",tensor([-255]),['n']
23.0,23.85424506491721,23.05543730163819,22.72257091614148,"tensor([[0.5000]], dtype=torch.float64)",tensor([-255]),['s']
14.0,14.221212763978802,14.031533445219308,14.28383106930306,"tensor([[0.5000]], dtype=torch.float64)",tensor([-255]),['s']
4.0,7.013721981557081,4.469827884816848,4.118615429281961,"tensor([[0.5000]], dtype=torch.float64)",tensor([-255]),['s']
52.0,19.261507511411104,52.43521962145421,52.15528276502936,"tensor([[0.5000]], dtype=torch.float64)",tensor([-255]),['n']
57.0,56.9680181392301,56.18590945625441,56.28986870204287,"tensor([[0.5000]], dtype=torch.float64)",tensor([-255]),['s']
61.0,2.599861668779391,60.238360908753876,60.24463387420457,"tensor([[0.5000]], dtype=torch.float64)",tensor([-255]),['n']
26.0,13.400972064346465,26.38043704746484,26.271657693617808,"tensor([[0.5000]], dtype=torch.float64)",tensor([-255]),['n']
41.0,44.32648101515181,41.93863923329836,42.44043441358949,"tensor([[0.5000]], dtype=torch.float64)",tensor([-255]),['s']
14.0,13.998574244888845,13.937967540230005,14.093264575047016,"tensor([[0.5000]], dtype=torch.float64)",tensor([-255]),['n']
40.0,33.094795188068375,39.80556525174248,40.023989287833665,"tensor([[0.5000]], dtype=torch.float64)",tensor([-255]),['s']
25.0,23.7831469076216,25.008642724259303,24.939201058926326,"tensor([[0.5000]], dtype=torch.float64)",tensor([-255]),['n']
5.0,4.850829210840724,5.024269623943734,5.299476249157972,"tensor([[0.5000]], dtype=torch.float64)",tensor([-255]),['n']
35.0,38.970345709706265,35.493347474515545,34.931410768107746,"tensor([[0.5000]], dtype=torch.float64)",tensor([-255]),['n']
62.0,61.989045478513546,60.70033011907351,60.84090490578995,"tensor([[0.5000]], dtype=torch.float64)",tensor([-255]),['n']
4.0,4.010244940138758,7.4133425093873235,4.862415410229292,"tensor([[0.5000]], dtype=torch.float64)",tensor([-255]),['s']
36.0,35.95315953369398,36.14754389959651,36.01291281211018,"tensor([[0.5000]], dtype=torch.float64)",tensor([-255]),['n']
51.0,49.012186855905846,12.209426068433197,51.09890613603744,"tensor([[0.5000]], dtype=torch.float64)",tensor([-255]),['s']
34.0,32.96850331193426,34.17284171376068,34.06739074588468,"tensor([[0.5000]], dtype=torch.float64)",tensor([-255]),['n']
44.0,42.62416033618305,44.748953599207354,44.867223081820256,"tensor([[0.5000]], dtype=torch.float64)",tensor([-255]),['n']
39.0,42.12370630504718,39.48378402900655,39.42169478061337,"tensor([[0.5000]], dtype=torch.float64)",tensor([-255]),['s']
37.0,39.78997234378905,36.885351448968954,36.796421156512814,"tensor([[0.5000]], dtype=torch.float64)",tensor([-255]),['n']
7.0,9.272012538353945,6.5734288860929455,6.603198163441245,"tensor([[0.5000]], dtype=torch.float64)",tensor([-255]),['n']
33.0,34.93440378522672,33.223861613832604,33.09069217817163,"tensor([[0.5000]], dtype=torch.float64)",tensor([-255]),['s']
20.0,22.61179415819909,20.137791382231438,20.0734631199416,"tensor([[0.5000]], dtype=torch.float64)",tensor([-255]),['s']
35.0,35.415555836810164,35.328339069345475,35.12613818920187,"tensor([[0.5000]], dtype=torch.float64)",tensor([-255]),['s']
56.0,58.03151094399287,55.40574817654247,55.22942673080659,"tensor([[0.5000]], dtype=torch.float64)",tensor([-255]),['n']
61.0,61.93886703354651,60.019590216253846,59.79150979542431,"tensor([[0.5000]], dtype=torch.float64)",tensor([-255]),['n']
58.0,56.927283369881934,57.47337176345514,57.31690531752709,"tensor([[0.5000]], dtype=torch.float64)",tensor([-255]),['s']
25.0,27.01570260178828,25.53794955243962,24.214191882524002,"tensor([[0.5000]], dtype=torch.float64)",tensor([-255]),['s']
43.0,45.40725150157891,43.6384391729671,43.53064940453303,"tensor([[0.5000]], dtype=torch.float64)",tensor([-255]),['n']
41.0,42.93676274024462,41.32346823596224,41.3180823922917,"tensor([[0.5000]], dtype=torch.float64)",tensor([-255]),['n']
63.0,64.8993838908786,61.380095699575705,61.265333701085446,"tensor([[0.5000]], dtype=torch.float64)",tensor([-255]),['n']
60.0,58.155230212167986,59.94543873489825,59.804349391404585,"tensor([[0.5000]], dtype=torch.float64)",tensor([-255]),['s']
9.0,7.84667384526683,9.121272630304286,9.493261560181285,"tensor([[0.5000]], dtype=torch.float64)",tensor([-255]),['n']
26.0,30.99450612825118,25.844322976373874,25.392801477444255,"tensor([[0.5000]], dtype=torch.float64)",tensor([-255]),['s']
68.0,65.34409166825942,67.81411921865241,67.95704446946394,"tensor([[0.5000]], dtype=torch.float64)",tensor([-255]),['s']
50.0,49.187038829067774,50.41329667138078,50.46485534492147,"tensor([[0.5000]], dtype=torch.float64)",tensor([-255]),['n']
46.0,43.860442504358204,46.49651756010564,47.41946481634626,"tensor([[0.5000]], dtype=torch.float64)",tensor([-255]),['n']
43.0,43.019224764989104,43.989300235388754,46.32754507723256,"tensor([[0.5000]], dtype=torch.float64)",tensor([-255]),['n']
71.0,69.14732245199144,70.69901753343046,71.0,"tensor([[0.5000]], dtype=torch.float64)",tensor([-255]),['s']
27.0,27.17493301084464,26.34481712342647,26.818079038553993,"tensor([[0.5000]], dtype=torch.float64)",tensor([-255]),['n']
22.0,20.327488030186075,21.789775968565444,21.746606874455967,"tensor([[0.5000]], dtype=torch.float64)",tensor([-255]),['s']
39.0,38.74439430115648,38.911983812054174,39.10562237940754,"tensor([[0.5000]], dtype=torch.float64)",tensor([-255]),['s']
41.0,39.90800134880959,40.788340542895824,44.08022745833137,"tensor([[0.5000]], dtype=torch.float64)",tensor([-255]),['s']
68.0,65.37212075081754,67.22551737534772,67.09458369221998,"tensor([[0.5000]], dtype=torch.float64)",tensor([-255]),['n']
1.0,27.967182120136577,1.2817369486783314,1.1612508646201214,"tensor([[0.5000]], dtype=torch.float64)",tensor([-255]),['s']
19.0,22.06960990418441,18.68887891082533,18.858449929723562,"tensor([[0.5000]], dtype=torch.float64)",tensor([-255]),['n']
45.0,42.4231582215346,45.840217987211545,46.57719971804825,"tensor([[0.5000]], dtype=torch.float64)",tensor([-255]),['s']
18.0,40.647491729333716,17.95613697178328,17.990813635940043,"tensor([[0.5000]], dtype=torch.float64)",tensor([-255]),['n']
3.0,1.254662091217829,3.2886413223057684,3.8685467794931525,"tensor([[0.5000]], dtype=torch.float64)",tensor([-255]),['n']
37.0,36.45109275870814,37.07718583784782,36.969894284633405,"tensor([[0.5000]], dtype=torch.float64)",tensor([-255]),['s']
17.0,17.736425744051168,16.85451006666429,16.93680408554855,"tensor([[0.5000]], dtype=torch.float64)",tensor([-255]),['n']
65.0,63.91015492174376,64.15699013312525,64.80795140512073,"tensor([[0.5000]], dtype=torch.float64)",tensor([-255]),['n']
64.0,68.50299808142259,63.524835206443065,62.46233080751209,"tensor([[0.5000]], dtype=torch.float64)",tensor([-255]),['n']
62.0,62.9060095395556,61.28843412210595,61.04167249915913,"tensor([[0.5000]], dtype=torch.float64)",tensor([-255]),['n']
49.0,38.98238697204545,49.66578649673498,49.541560841348925,"tensor([[0.5000]], dtype=torch.float64)",tensor([-255]),['n']
5.0,0.20293108082278352,4.912655199465894,5.669579606547961,"tensor([[0.5000]], dtype=torch.float64)",tensor([-255]),['n']
41.0,40.495163012586424,41.50554363761091,41.931811268919674,"tensor([[0.5000]], dtype=torch.float64)",tensor([-255]),['n']
55.0,56.07782431969012,54.21642007385221,54.5046289018514,"tensor([[0.5000]], dtype=torch.float64)",tensor([-255]),['s']
22.0,62.111083338619736,22.08212083108132,21.532244903323228,"tensor([[0.5000]], dtype=torch.float64)",tensor([-255]),['s']
7.0,6.021698566317232,6.7685640155564055,6.732765065154342,"tensor([[0.5000]], dtype=torch.float64)",tensor([-255]),['s']
42.0,42.267387692255056,42.341395681803924,42.51935592896544,"tensor([[0.5000]], dtype=torch.float64)",tensor([-255]),['n']
41.0,34.61241311339939,41.438503591785334,42.861879418069535,"tensor([[0.5000]], dtype=torch.float64)",tensor([-255]),['n']
71.0,3.751473150795132,70.69227381796392,70.23575784227305,"tensor([[0.5000]], dtype=torch.float64)",tensor([-255]),['n']
20.0,64.19438787130994,19.897181488181964,19.946975606107923,"tensor([[0.5000]], dtype=torch.float64)",tensor([-255]),['n']
61.0,58.12234007004176,60.583878252934454,60.394917872440175,"tensor([[0.5000]], dtype=torch.float64)",tensor([-255]),['n']
50.0,49.980038909558246,50.50601763689146,50.92531087151288,"tensor([[0.5000]], dtype=torch.float64)",tensor([-255]),['n']
12.0,13.445295349181135,11.696916546839004,12.04947488816581,"tensor([[0.5000]], dtype=torch.float64)",tensor([-255]),['s']
19.0,19.584866517327924,19.10090647054212,18.95728343204786,"tensor([[0.5000]], dtype=torch.float64)",tensor([-255]),['s']
19.0,40.83902814939832,18.956247019077576,19.047676782068827,"tensor([[0.5000]], dtype=torch.float64)",tensor([-255]),['n']
23.0,20.167640307936384,22.92918799636772,22.962516293808942,"tensor([[0.5000]], dtype=torch.float64)",tensor([-255]),['s']
25.0,26.087727201816115,24.66034334916301,24.32521161193523,"tensor([[0.5000]], dtype=torch.float64)",tensor([-255]),['n']
55.0,53.81102532852147,54.987376744203665,54.99598421263423,"tensor([[0.5000]], dtype=torch.float64)",tensor([-255]),['s']
4.0,3.6111411673256244,3.7861323733441252,4.535314926214889,"tensor([[0.5000]], dtype=torch.float64)",tensor([-255]),['n']
51.0,47.762698920044706,51.36633863252729,51.77270993753841,"tensor([[0.5000]], dtype=torch.float64)",tensor([-255]),['s']
32.0,32.09209958765217,32.28616240092892,32.098690217033756,"tensor([[0.5000]], dtype=torch.float64)",tensor([-255]),['s']
71.0,65.97760708968758,71.0,70.99744418521415,"tensor([[0.5000]], dtype=torch.float64)",tensor([-255]),['n']
23.0,36.44820754675585,22.727769728348154,22.35217114124747,"tensor([[0.5000]], dtype=torch.float64)",tensor([-255]),['s']
14.0,15.905591393369669,14.130858975537283,14.020158348279342,"tensor([[0.5000]], dtype=torch.float64)",tensor([-255]),['s']
13.0,8.764344559324552,13.522700633613878,13.351588059651377,"tensor([[0.5000]], dtype=torch.float64)",tensor([-255]),['s']
31.0,28.18526109627025,29.374008984368075,29.1214224057972,"tensor([[0.5000]], dtype=torch.float64)",tensor([-255]),['n']
59.0,58.373396010633925,58.75898429314898,58.41403848975252,"tensor([[0.5000]], dtype=torch.float64)",tensor([-255]),['s']
11.0,11.94129840307044,11.195548828623991,11.318890556783655,"tensor([[0.5000]], dtype=torch.float64)",tensor([-255]),['s']
27.0,28.465940996930794,26.218831918036344,25.558216183559203,"tensor([[0.5000]], dtype=torch.float64)",tensor([-255]),['s']
5.0,5.803942013899723,4.932946062305391,5.313530897815054,"tensor([[0.5000]], dtype=torch.float64)",tensor([-255]),['n']
50.0,52.16790757750165,50.403404684798616,50.32519268227426,"tensor([[0.5000]], dtype=torch.float64)",tensor([-255]),['n']
56.0,8.112432266478022,56.003265814031984,55.75874214237593,"tensor([[0.5000]], dtype=torch.float64)",tensor([-255]),['s']
42.0,41.72183558590124,42.32527663830755,43.3252890365295,"tensor([[0.5000]], dtype=torch.float64)",tensor([-255]),['n']
40.0,40.482279805401234,40.07738568950816,40.08849492170702,"tensor([[0.5000]], dtype=torch.float64)",tensor([-255]),['n']
33.0,29.941035093788777,33.03211647668403,33.020266937405424,"tensor([[0.5000]], dtype=torch.float64)",tensor([-255]),['n']
9.0,8.610487046688249,8.970493198847285,9.426826636751928,"tensor([[0.5000]], dtype=torch.float64)",tensor([-255]),['n']
65.0,65.38728278946962,63.92165219324842,64.85800840574466,"tensor([[0.5000]], dtype=torch.float64)",tensor([-255]),['s']
69.0,66.54854716899106,68.89881204452509,68.74896701860881,"tensor([[0.5000]], dtype=torch.float64)",tensor([-255]),['n']
21.0,22.90976074852544,21.36165377883611,21.268343154100023,"tensor([[0.5000]], dtype=torch.float64)",tensor([-255]),['s']
26.0,25.770464733978866,26.1260809924252,26.042819958402987,"tensor([[0.5000]], dtype=torch.float64)",tensor([-255]),['s']
5.0,4.888858724901856,4.8748037107073205,5.485715854301752,"tensor([[0.5000]], dtype=torch.float64)",tensor([-255]),['n']
55.0,28.148581827530982,55.05691106508718,54.99838369925371,"tensor([[0.5000]], dtype=torch.float64)",tensor([-255]),['n']
69.0,68.85773588625679,68.44722443208605,68.02397850274937,"tensor([[0.5000]], dtype=torch.float64)",tensor([-255]),['n']
60.0,61.27429334061588,59.92698534659417,59.168913701782955,"tensor([[0.5000]], dtype=torch.float64)",tensor([-255]),['n']
25.0,26.147202923092717,25.058093527315172,24.990841079535326,"tensor([[0.5000]], dtype=torch.float64)",tensor([-255]),['s']
39.0,36.96450054159524,38.858732739480736,39.418214649141895,"tensor([[0.5000]], dtype=torch.float64)",tensor([-255]),['n']
64.0,64.89785972167158,63.60396198071509,63.003852655036695,"tensor([[0.5000]], dtype=torch.float64)",tensor([-255]),['n']
63.0,59.155167496969824,62.24287169922379,62.18218377699081,"tensor([[0.5000]], dtype=torch.float64)",tensor([-255]),['s']
1.0,1.6355520767293978,0.8957390342847964,0.8463112840685854,"tensor([[0.5000]], dtype=torch.float64)",tensor([-255]),['s']
65.0,65.85410943675086,64.44132325241786,63.324425574331336,"tensor([[0.5000]], dtype=torch.float64)",tensor([-255]),['s']
56.0,60.828201039623934,55.99295320805605,55.94851798585842,"tensor([[0.5000]], dtype=torch.float64)",tensor([-255]),['n']
67.0,66.56870334981309,66.58914220886884,65.0335614861101,"tensor([[0.5000]], dtype=torch.float64)",tensor([-255]),['n']
20.0,24.29780825267847,19.897236483306344,19.974058219631765,"tensor([[0.5000]], dtype=torch.float64)",tensor([-255]),['n']
60.0,15.013552535032074,59.684635063303176,59.716129451299174,"tensor([[0.5000]], dtype=torch.float64)",tensor([-255]),['n']
65.0,58.84819628309832,64.27263878815,62.84374691155365,"tensor([[0.5000]], dtype=torch.float64)",tensor([-255]),['s']
11.0,10.38324223275513,11.073564906257623,11.06842001602263,"tensor([[0.5000]], dtype=torch.float64)",tensor([-255]),['s']
64.0,62.19918116129326,63.30503788593666,63.222690896816545,"tensor([[0.5000]], dtype=torch.float64)",tensor([-255]),['s']
26.0,28.369973229871658,24.102277050760627,25.39686025416443,"tensor([[0.5000]], dtype=torch.float64)",tensor([-255]),['n']
43.0,45.070055026759036,43.129025302604305,43.335021553517514,"tensor([[0.5000]], dtype=torch.float64)",tensor([-255]),['n']
3.0,67.50470375802172,2.716299724585222,3.061197009762758,"tensor([[0.5000]], dtype=torch.float64)",tensor([-255]),['s']
50.0,31.694737326118986,50.93184581465759,50.67949917088065,"tensor([[0.5000]], dtype=torch.float64)",tensor([-255]),['s']
52.0,48.047837308383166,52.78690588542172,52.17434441076358,"tensor([[0.5000]], dtype=torch.float64)",tensor([-255]),['s']
19.0,20.259664220152715,19.102545868545377,19.070571634365226,"tensor([[0.5000]], dtype=torch.float64)",tensor([-255]),['n']
54.0,55.251778366735365,53.771231309313585,53.925608735823964,"tensor([[0.5000]], dtype=torch.float64)",tensor([-255]),['n']
57.0,12.115117742652268,56.78332959101169,56.779869080331096,"tensor([[0.5000]], dtype=torch.float64)",tensor([-255]),['s']
39.0,39.796591949622446,39.45117991336745,39.766739732141644,"tensor([[0.5000]], dtype=torch.float64)",tensor([-255]),['s']
62.0,1.7190218111060198,61.01253745306814,61.02393345677695,"tensor([[0.5000]], dtype=torch.float64)",tensor([-255]),['s']
13.0,12.490911910759174,12.923558599172038,13.023221856965556,"tensor([[0.5000]], dtype=torch.float64)",tensor([-255]),['n']
1.0,59.037869323129996,1.2037883019317668,1.602451102621966,"tensor([[0.5000]], dtype=torch.float64)",tensor([-255]),['n']
47.0,46.76299354469262,48.000065342656,48.03932761620014,"tensor([[0.5000]], dtype=torch.float64)",tensor([-255]),['n']
1.0,0.05402075181595753,0.5838717364218313,0.6412826868282427,"tensor([[0.5000]], dtype=torch.float64)",tensor([-255]),['n']
34.0,39.67350598567404,33.95264068770925,34.34438058073811,"tensor([[0.5000]], dtype=torch.float64)",tensor([-255]),['n']
51.0,49.95893956778025,51.778250386201094,51.83863407373809,"tensor([[0.5000]], dtype=torch.float64)",tensor([-255]),['s']
5.0,6.1683702823620985,9.750251055161717,9.703988606154114,"tensor([[0.5000]], dtype=torch.float64)",tensor([-255]),['s']
43.0,40.06020545954374,43.49749621433529,44.165162248301804,"tensor([[0.5000]], dtype=torch.float64)",tensor([-255]),['n']
17.0,16.821070133505977,16.909044543220613,16.953871954752174,"tensor([[0.5000]], dtype=torch.float64)",tensor([-255]),['n']
65.0,63.42132058296001,64.365086066638,64.09154721991501,"tensor([[0.5000]], dtype=torch.float64)",tensor([-255]),['n']
40.0,36.13671182317374,40.117291184555576,40.11323429070006,"tensor([[0.5000]], dtype=torch.float64)",tensor([-255]),['n']
0.0,2.2219729418717944,9.95311222084963,0.274904059408232,"tensor([[0.5000]], dtype=torch.float64)",tensor([-255]),['s']
60.0,59.552952881312876,59.462303244310924,59.1526981958391,"tensor([[0.5000]], dtype=torch.float64)",tensor([-255]),['n']
65.0,67.77559703025477,64.29770789969194,64.01680172190478,"tensor([[0.5000]], dtype=torch.float64)",tensor([-255]),['s']
10.0,49.0939244079707,10.366493905332813,10.95670990348741,"tensor([[0.5000]], dtype=torch.float64)",tensor([-255]),['n']
6.0,4.84463916233287,9.774091721574814,9.583602499777495,"tensor([[0.5000]], dtype=torch.float64)",tensor([-255]),['s']
7.0,6.285356742837008,7.061785547315093,7.213863576121846,"tensor([[0.5000]], dtype=torch.float64)",tensor([-255]),['s']
41.0,34.76539881501007,42.178635360887974,41.98822136172737,"tensor([[0.5000]], dtype=torch.float64)",tensor([-255]),['s']
6.0,4.0032505237416975,5.995915909247369,6.059891106390256,"tensor([[0.5000]], dtype=torch.float64)",tensor([-255]),['s']
0.0,8.573329142455012,0.0,0.5541581544279632,"tensor([[0.5000]], dtype=torch.float64)",tensor([-255]),['s']
62.0,64.319238643515,61.79664668693224,61.62195825389463,"tensor([[0.5000]], dtype=torch.float64)",tensor([-255]),['n']
40.0,43.878166580014515,40.09427174566837,39.98202287955683,"tensor([[0.5000]], dtype=torch.float64)",tensor([-255]),['n']
52.0,52.34667481307155,52.08866474150586,52.19009094787185,"tensor([[0.5000]], dtype=torch.float64)",tensor([-255]),['n']
64.0,66.04518405418713,63.676486966328234,63.25345225385992,"tensor([[0.5000]], dtype=torch.float64)",tensor([-255]),['n']
57.0,55.26207048603081,56.92999233683327,56.97607902333114,"tensor([[0.5000]], dtype=torch.float64)",tensor([-255]),['n']
56.0,58.13447168301516,56.028486314440336,55.95684449322933,"tensor([[0.5000]], dtype=torch.float64)",tensor([-255]),['s']
29.0,28.094426819589803,29.083879559131425,28.759429954633156,"tensor([[0.5000]], dtype=torch.float64)",tensor([-255]),['n']
27.0,27.39279531924212,25.10386760676626,25.209202119574783,"tensor([[0.5000]], dtype=torch.float64)",tensor([-255]),['n']
22.0,21.198164068559286,21.995009749222486,21.96311956209063,"tensor([[0.5000]], dtype=torch.float64)",tensor([-255]),['n']
44.0,41.600118501684875,44.463237650665135,44.94074847362874,"tensor([[0.5000]], dtype=torch.float64)",tensor([-255]),['n']
57.0,55.9904779784499,56.520281065299415,56.294586636060515,"tensor([[0.5000]], dtype=torch.float64)",tensor([-255]),['n']
40.0,38.22232317943404,40.03098395585481,39.923036578928475,"tensor([[0.5000]], dtype=torch.float64)",tensor([-255]),['s']
25.0,24.10886857553615,24.82703391535331,24.962543899467125,"tensor([[0.5000]], dtype=torch.float64)",tensor([-255]),['n']
24.0,32.23312180065393,24.114470609764812,23.923485849119928,"tensor([[0.5000]], dtype=torch.float64)",tensor([-255]),['s']
57.0,29.03923544163065,56.51793122918902,56.46884513302868,"tensor([[0.5000]], dtype=torch.float64)",tensor([-255]),['s']
29.0,29.735036458575916,28.143111475714452,28.83988428430344,"tensor([[0.5000]], dtype=torch.float64)",tensor([-255]),['s']
1.0,59.15440900595709,1.0110444992528322,1.5322941918985142,"tensor([[0.5000]], dtype=torch.float64)",tensor([-255]),['n']
50.0,48.12988784693101,50.39328350660959,50.623326299317334,"tensor([[0.5000]], dtype=torch.float64)",tensor([-255]),['n']
1.0,64.3013890986345,0.5917003935915205,0.7790559057036892,"tensor([[0.5000]], dtype=torch.float64)",tensor([-255]),['n']
47.0,45.48089481093871,48.208722396490174,48.295403672110695,"tensor([[0.5000]], dtype=torch.float64)",tensor([-255]),['s']
48.0,46.87385043937989,48.78557364100542,48.97572912945759,"tensor([[0.5000]], dtype=torch.float64)",tensor([-255]),['s']
32.0,31.410369569442025,32.18823861756192,32.024423987380175,"tensor([[0.5000]], dtype=torch.float64)",tensor([-255]),['n']
17.0,44.605411419392254,16.90241206637234,16.970713252670834,"tensor([[0.5000]], dtype=torch.float64)",tensor([-255]),['n']
25.0,22.93844694183737,24.817829851664886,24.31491368028582,"tensor([[0.5000]], dtype=torch.float64)",tensor([-255]),['n']
34.0,34.76651063751644,34.48139667143495,32.96389442775724,"tensor([[0.5000]], dtype=torch.float64)",tensor([-255]),['s']
14.0,67.79272854962744,13.734344751071754,13.832078135148965,"tensor([[0.5000]], dtype=torch.float64)",tensor([-255]),['n']
62.0,64.04289293368896,61.05675795901198,13.957217617828473,"tensor([[0.5000]], dtype=torch.float64)",tensor([-255]),['s']
50.0,52.412300933071876,50.52038896383464,50.3052309582747,"tensor([[0.5000]], dtype=torch.float64)",tensor([-255]),['n']
24.0,34.90943349965898,23.90783419632726,23.928798417461977,"tensor([[0.5000]], dtype=torch.float64)",tensor([-255]),['n']
51.0,52.00736070110088,51.38376700141822,51.44290870118109,"tensor([[0.5000]], dtype=torch.float64)",tensor([-255]),['s']
36.0,35.46857587540406,35.874901025348294,35.84098862466318,"tensor([[0.5000]], dtype=torch.float64)",tensor([-255]),['s']
31.0,31.114005950205424,31.12238789570399,30.508069782790503,"tensor([[0.5000]], dtype=torch.float64)",tensor([-255]),['n']
8.0,8.96359759619744,7.819283432066998,8.128031807063639,"tensor([[0.5000]], dtype=torch.float64)",tensor([-255]),['n']
58.0,58.716704435414414,57.864033522978104,57.2035769823178,"tensor([[0.5000]], dtype=torch.float64)",tensor([-255]),['s']
38.0,29.18000648726987,38.1781541570849,38.13210674414314,"tensor([[0.5000]], dtype=torch.float64)",tensor([-255]),['n']
36.0,34.98645276339039,36.090806784227105,36.01676555027254,"tensor([[0.5000]], dtype=torch.float64)",tensor([-255]),['n']
17.0,16.86305062806361,16.976809386923115,16.983186548734967,"tensor([[0.5000]], dtype=torch.float64)",tensor([-255]),['n']
24.0,25.984998980986873,23.900020764044132,23.861222087802982,"tensor([[0.5000]], dtype=torch.float64)",tensor([-255]),['n']
51.0,46.24343742910728,51.11673421715569,51.34050711627044,"tensor([[0.5000]], dtype=torch.float64)",tensor([-255]),['n']
4.0,11.822399408745053,3.6172766603973865,3.733876087346265,"tensor([[0.5000]], dtype=torch.float64)",tensor([-255]),['s']
11.0,10.013484794721105,10.69275973642077,10.94481695324337,"tensor([[0.5000]], dtype=torch.float64)",tensor([-255]),['n']
30.0,29.913047732743248,30.350505254587127,29.03616246537274,"tensor([[0.5000]], dtype=torch.float64)",tensor([-255]),['s']
64.0,64.07756851555646,63.04208727263684,62.821085044339995,"tensor([[0.5000]], dtype=torch.float64)",tensor([-255]),['s']
67.0,1.9392449240612248,66.333144155263,66.21836927776643,"tensor([[0.5000]], dtype=torch.float64)",tensor([-255]),['n']
44.0,44.411580674029814,44.472870234700615,44.553485445527706,"tensor([[0.5000]], dtype=torch.float64)",tensor([-255]),['s']
62.0,60.23394029660888,62.15911460504512,61.071721222200374,"tensor([[0.5000]], dtype=torch.float64)",tensor([-255]),['s']
31.0,37.69548289557754,31.127323880198343,31.228244088548326,"tensor([[0.5000]], dtype=torch.float64)",tensor([-255]),['n']
48.0,50.00941745980679,48.507353314159765,48.67019631018619,"tensor([[0.5000]], dtype=torch.float64)",tensor([-255]),['n']
8.0,8.683340529038663,8.67944074385963,8.547050634980131,"tensor([[0.5000]], dtype=torch.float64)",tensor([-255]),['n']
21.0,22.228610439936894,21.420810222080576,21.17828810825784,"tensor([[0.5000]], dtype=torch.float64)",tensor([-255]),['n']
25.0,25.360171321139674,24.177291992293267,24.16042215550596,"tensor([[0.5000]], dtype=torch.float64)",tensor([-255]),['s']
43.0,45.53644192985945,43.290365437345635,43.52443936958296,"tensor([[0.5000]], dtype=torch.float64)",tensor([-255]),['n']
12.0,14.073428438671046,11.705773753314048,13.726407457588563,"tensor([[0.5000]], dtype=torch.float64)",tensor([-255]),['s']
49.0,49.955244722674216,49.357400042916794,49.89342335337449,"tensor([[0.5000]], dtype=torch.float64)",tensor([-255]),['n']
39.0,33.566885943784804,39.04528261798797,39.55347980382123,"tensor([[0.5000]], dtype=torch.float64)",tensor([-255]),['n']
49.0,39.88128299020667,48.86850376008701,49.24436512575048,"tensor([[0.5000]], dtype=torch.float64)",tensor([-255]),['s']
11.0,6.850457288964092,11.992695447556855,13.096166714002692,"tensor([[0.5000]], dtype=torch.float64)",tensor([-255]),['s']
27.0,23.754518254181463,27.203059957022266,27.09429473439663,"tensor([[0.5000]], dtype=torch.float64)",tensor([-255]),['n']
34.0,34.93615299817819,34.48123056087776,34.10994681877237,"tensor([[0.5000]], dtype=torch.float64)",tensor([-255]),['s']
29.0,28.187629242377056,29.090689115883794,28.73687459993566,"tensor([[0.5000]], dtype=torch.float64)",tensor([-255]),['s']
42.0,39.007121483729144,42.246064333942776,42.15037025851175,"tensor([[0.5000]], dtype=torch.float64)",tensor([-255]),['s']
44.0,42.862626296862416,46.27038510727925,45.63718422429588,"tensor([[0.5000]], dtype=torch.float64)",tensor([-255]),['s']
1.0,70.29209827154918,1.0222531052005495,0.998505518760602,"tensor([[0.5000]], dtype=torch.float64)",tensor([-255]),['n']
60.0,61.232941916093395,58.89396930840866,59.21462430375966,"tensor([[0.5000]], dtype=torch.float64)",tensor([-255]),['s']
50.0,47.85005234207431,50.59058833695117,50.80214310038525,"tensor([[0.5000]], dtype=torch.float64)",tensor([-255]),['n']
68.0,5.728592485832603,60.02527769682581,67.68142947223741,"tensor([[0.5000]], dtype=torch.float64)",tensor([-255]),['s']
31.0,30.77970406072494,31.321964718836725,31.110625675469183,"tensor([[0.5000]], dtype=torch.float64)",tensor([-255]),['n']
54.0,54.23898967485177,54.09328382171818,53.99831613905231,"tensor([[0.5000]], dtype=torch.float64)",tensor([-255]),['n']
4.0,2.402799146823827,3.9503705837203613,4.636978145410459,"tensor([[0.5000]], dtype=torch.float64)",tensor([-255]),['n']
12.0,11.72367094290075,11.94077949637228,12.005664813544808,"tensor([[0.5000]], dtype=torch.float64)",tensor([-255]),['s']
33.0,31.552386950764046,33.1810139662807,33.195479576884146,"tensor([[0.5000]], dtype=torch.float64)",tensor([-255]),['n']
35.0,32.28087482005817,34.91943023859872,34.81453695658443,"tensor([[0.5000]], dtype=torch.float64)",tensor([-255]),['n']
17.0,18.78139698497014,17.42650552979565,17.375653140459484,"tensor([[0.5000]], dtype=torch.float64)",tensor([-255]),['s']
4.0,5.369790742947334,3.9862152853130057,3.9764091978247484,"tensor([[0.5000]], dtype=torch.float64)",tensor([-255]),['n']
51.0,50.30028704157432,51.58309153329392,51.565765000909245,"tensor([[0.5000]], dtype=torch.float64)",tensor([-255]),['n']
45.0,42.86655521634724,45.92633613813852,46.72711653694781,"tensor([[0.5000]], dtype=torch.float64)",tensor([-255]),['s']
45.0,43.84104260626368,46.1268803235506,45.86072308704127,"tensor([[0.5000]], dtype=torch.float64)",tensor([-255]),['s']
61.0,61.20393969588711,60.592681196000356,60.27943453476765,"tensor([[0.5000]], dtype=torch.float64)",tensor([-255]),['n']
71.0,4.855151174928562,71.0,71.0,"tensor([[0.5000]], dtype=torch.float64)",tensor([-255]),['s']
55.0,52.00884707887189,54.72349461327169,54.987010131209665,"tensor([[0.5000]], dtype=torch.float64)",tensor([-255]),['s']
68.0,65.60636250740782,67.77753015702895,67.87787857777418,"tensor([[0.5000]], dtype=torch.float64)",tensor([-255]),['n']
1.0,70.00662783106759,1.0190928212964534,1.032764361294464,"tensor([[0.5000]], dtype=torch.float64)",tensor([-255]),['n']
45.0,42.29971418694504,45.96175788471109,45.871077836045245,"tensor([[0.5000]], dtype=torch.float64)",tensor([-255]),['s']
24.0,26.020084938122324,23.628532052706547,23.45631404094878,"tensor([[0.5000]], dtype=torch.float64)",tensor([-255]),['s']
8.0,6.771819066420872,10.234834168970108,8.116147582082098,"tensor([[0.5000]], dtype=torch.float64)",tensor([-255]),['s']
57.0,56.42249679975485,56.81320313966907,56.90931192132159,"tensor([[0.5000]], dtype=torch.float64)",tensor([-255]),['s']
43.0,43.93590309464802,43.40379236238427,43.61352466117212,"tensor([[0.5000]], dtype=torch.float64)",tensor([-255]),['n']
55.0,19.79614480982663,55.03633808282547,55.06941087148837,"tensor([[0.5000]], dtype=torch.float64)",tensor([-255]),['s']
44.0,45.82239903535681,44.102402230378615,44.140333028666326,"tensor([[0.5000]], dtype=torch.float64)",tensor([-255]),['s']
27.0,27.494264617210064,26.63975062762701,26.730897095528668,"tensor([[0.5000]], dtype=torch.float64)",tensor([-255]),['n']
63.0,60.06075045802265,62.69775930956105,62.07116555038129,"tensor([[0.5000]], dtype=torch.float64)",tensor([-255]),['s']
14.0,68.61448573545118,14.039336005623424,14.057028264966863,"tensor([[0.5000]], dtype=torch.float64)",tensor([-255]),['n']
30.0,30.205586708652795,30.030386929052952,29.634987451749236,"tensor([[0.5000]], dtype=torch.float64)",tensor([-255]),['s']
71.0,70.0557491758095,70.92573635246815,70.4999894571354,"tensor([[0.5000]], dtype=torch.float64)",tensor([-255]),['s']
63.0,63.742943189841384,62.21816040918056,62.04603977469721,"tensor([[0.5000]], dtype=torch.float64)",tensor([-255]),['n']
66.0,66.3834446037173,65.25491264717456,64.92645033076245,"tensor([[0.5000]], dtype=torch.float64)",tensor([-255]),['s']
50.0,49.97615478216028,50.386896812693294,50.32170426236091,"tensor([[0.5000]], dtype=torch.float64)",tensor([-255]),['s']
23.0,24.080467686042205,23.288614371063986,22.756930779894056,"tensor([[0.5000]], dtype=torch.float64)",tensor([-255]),['s']
49.0,50.11712582272903,49.4527680778022,49.843736139922186,"tensor([[0.5000]], dtype=torch.float64)",tensor([-255]),['s']
20.0,66.04191302461987,20.014323190992673,19.852695287292754,"tensor([[0.5000]], dtype=torch.float64)",tensor([-255]),['s']
16.0,16.509932462040005,15.929823044276567,15.944645831878356,"tensor([[0.5000]], dtype=torch.float64)",tensor([-255]),['n']
24.0,24.85792807507169,23.925666491650563,23.92953853709804,"tensor([[0.5000]], dtype=torch.float64)",tensor([-255]),['n']
61.0,60.733153311132995,60.79131033765354,60.39091658876673,"tensor([[0.5000]], dtype=torch.float64)",tensor([-255]),['s']
26.0,26.072400509978586,25.74748919962557,25.546247633687234,"tensor([[0.5000]], dtype=torch.float64)",tensor([-255]),['n']
15.0,11.783390625253967,14.856518627787716,15.06217898404138,"tensor([[0.5000]], dtype=torch.float64)",tensor([-255]),['n']
33.0,31.941150876854792,32.60171841452983,33.05217414941028,"tensor([[0.5000]], dtype=torch.float64)",tensor([-255]),['n']
33.0,37.08418190056346,33.22530136831998,33.032502477726965,"tensor([[0.5000]], dtype=torch.float64)",tensor([-255]),['n']
20.0,18.65826491928474,19.75128618290937,19.924411481897828,"tensor([[0.5000]], dtype=torch.float64)",tensor([-255]),['n']
56.0,29.452764987500913,55.44637110543733,55.685474932244716,"tensor([[0.5000]], dtype=torch.float64)",tensor([-255]),['s']
61.0,62.08717471047408,60.31447085849987,60.229041640856515,"tensor([[0.5000]], dtype=torch.float64)",tensor([-255]),['n']
3.0,1.7587780054310589,2.5275249476253516,2.3416309271769755,"tensor([[0.5000]], dtype=torch.float64)",tensor([-255]),['s']
65.0,67.06239309041595,64.13511991343785,63.941885983571524,"tensor([[0.5000]], dtype=torch.float64)",tensor([-255]),['n']
67.0,70.01948490205126,66.83020784282782,66.62543990968179,"tensor([[0.5000]], dtype=torch.float64)",tensor([-255]),['s']
10.0,15.149696729917732,9.966079394953965,10.02224777658984,"tensor([[0.5000]], dtype=torch.float64)",tensor([-255]),['n']
5.0,49.0402644810298,6.279213627501139,5.379970319118601,"tensor([[0.5000]], dtype=torch.float64)",tensor([-255]),['s']
39.0,37.281191570846474,38.08032260023738,38.30534899992746,"tensor([[0.5000]], dtype=torch.float64)",tensor([-255]),['s']
35.0,37.64659146259901,34.96530537555169,34.82813010353404,"tensor([[0.5000]], dtype=torch.float64)",tensor([-255]),['n']
22.0,22.633010704058474,22.026681535636364,21.84913269862363,"tensor([[0.5000]], dtype=torch.float64)",tensor([-255]),['s']
24.0,33.97039628387644,23.962785954899235,23.59025149502701,"tensor([[0.5000]], dtype=torch.float64)",tensor([-255]),['n']
20.0,61.07163632045673,20.046996775864322,20.016410728551673,"tensor([[0.5000]], dtype=torch.float64)",tensor([-255]),['n']
12.0,13.130583762202676,11.74002707786141,12.124057559647882,"tensor([[0.5000]], dtype=torch.float64)",tensor([-255]),['n']
54.0,23.229741220676313,10.995549217137839,53.9592398731665,"tensor([[0.5000]], dtype=torch.float64)",tensor([-255]),['s']
20.0,21.056832621878563,19.84631413602495,19.509467152300694,"tensor([[0.5000]], dtype=torch.float64)",tensor([-255]),['n']
64.0,63.01294990171297,63.35110843000148,63.23746832456168,"tensor([[0.5000]], dtype=torch.float64)",tensor([-255]),['n']
60.0,57.51705239727862,59.78373757078115,59.23834321545026,"tensor([[0.5000]], dtype=torch.float64)",tensor([-255]),['n']
61.0,60.549504000445005,59.947040743948776,59.953654097234455,"tensor([[0.5000]], dtype=torch.float64)",tensor([-255]),['n']
53.0,50.13295365767449,53.10950391342288,53.13758810260985,"tensor([[0.5000]], dtype=torch.float64)",tensor([-255]),['n']
6.0,9.00288666320619,5.92213829772297,6.115494228187012,"tensor([[0.5000]], dtype=torch.float64)",tensor([-255]),['n']
6.0,4.8568711565706755,5.644835628444593,5.661192740217578,"tensor([[0.5000]], dtype=torch.float64)",tensor([-255]),['s']
52.0,52.03525474423668,52.50235785584537,52.3590584075785,"tensor([[0.5000]], dtype=torch.float64)",tensor([-255]),['n']
8.0,7.910791524522938,9.80627325237092,8.236337784706242,"tensor([[0.5000]], dtype=torch.float64)",tensor([-255]),['s']
7.0,6.046336053165794,6.4028357803200855,6.469332397320968,"tensor([[0.5000]], dtype=torch.float64)",tensor([-255]),['n']
51.0,51.951345344181505,51.298042686732494,51.16071252262326,"tensor([[0.5000]], dtype=torch.float64)",tensor([-255]),['n']
18.0,20.119229252612868,18.121610491787255,17.722964109865394,"tensor([[0.5000]], dtype=torch.float64)",tensor([-255]),['s']
10.0,11.898105943242989,10.758555038808018,10.46026617486106,"tensor([[0.5000]], dtype=torch.float64)",tensor([-255]),['s']
59.0,59.60306809926288,58.26172274028593,58.60793731856811,"tensor([[0.5000]], dtype=torch.float64)",tensor([-255]),['s']
62.0,59.6143023483491,61.58142826165497,61.64865985772986,"tensor([[0.5000]], dtype=torch.float64)",tensor([-255]),['s']
61.0,60.15472045407132,60.6692491160127,60.71873943295643,"tensor([[0.5000]], dtype=torch.float64)",tensor([-255]),['n']
26.0,28.26874807523035,24.24817769641285,24.81440918427302,"tensor([[0.5000]], dtype=torch.float64)",tensor([-255]),['s']
19.0,20.673235776994485,19.202875866419514,19.064494490552388,"tensor([[0.5000]], dtype=torch.float64)",tensor([-255]),['s']
55.0,57.36349821706834,54.95495391513853,54.83286825398547,"tensor([[0.5000]], dtype=torch.float64)",tensor([-255]),['s']
69.0,70.20577343044263,68.64499345990772,68.35496640006455,"tensor([[0.5000]], dtype=torch.float64)",tensor([-255]),['s']
44.0,44.27214732660657,44.633336351147896,44.84416461408949,"tensor([[0.5000]], dtype=torch.float64)",tensor([-255]),['n']
53.0,53.119135680548965,53.090235353999574,53.03737462428338,"tensor([[0.5000]], dtype=torch.float64)",tensor([-255]),['n']
33.0,25.75085156274981,33.00256297009506,33.08005691929157,"tensor([[0.5000]], dtype=torch.float64)",tensor([-255]),['s']
2.0,8.294466758333474,1.8641586315278227,1.9924330273761928,"tensor([[0.5000]], dtype=torch.float64)",tensor([-255]),['s']
25.0,25.146688018193935,24.09582881330907,24.67317047639007,"tensor([[0.5000]], dtype=torch.float64)",tensor([-255]),['s']
7.0,6.410647372745457,8.251892982103127,7.896715725520431,"tensor([[0.5000]], dtype=torch.float64)",tensor([-255]),['s']
37.0,39.98858461513616,37.12188039289306,37.178752461482745,"tensor([[0.5000]], dtype=torch.float64)",tensor([-255]),['n']
0.0,26.808128703375488,0.9019207023888517,0.10791607921164621,"tensor([[0.5000]], dtype=torch.float64)",tensor([-255]),['s']
4.0,7.758379142681364,4.141286933529103,4.094344635569541,"tensor([[0.5000]], dtype=torch.float64)",tensor([-255]),['s']
50.0,51.51015098205032,49.975538517473325,50.088607563975046,"tensor([[0.5000]], dtype=torch.float64)",tensor([-255]),['s']
67.0,62.77491099833722,66.46426133922212,65.92490219014627,"tensor([[0.5000]], dtype=torch.float64)",tensor([-255]),['n']
20.0,19.13211187761226,19.877820798262956,20.04283148700363,"tensor([[0.5000]], dtype=torch.float64)",tensor([-255]),['s']
23.0,23.75456978887614,23.970963684978198,23.5285258450386,"tensor([[0.5000]], dtype=torch.float64)",tensor([-255]),['s']
9.0,6.459379935297551,9.861101424915027,10.416541922334229,"tensor([[0.5000]], dtype=torch.float64)",tensor([-255]),['s']
31.0,28.241296099787753,31.333040755044674,31.450279644796144,"tensor([[0.5000]], dtype=torch.float64)",tensor([-255]),['s']
68.0,66.06194324901003,67.61706631187596,67.08685748315501,"tensor([[0.5000]], dtype=torch.float64)",tensor([-255]),['s']
29.0,29.577993920071364,28.088409750759382,27.415849643681764,"tensor([[0.5000]], dtype=torch.float64)",tensor([-255]),['n']
34.0,34.15316951507191,34.01664935480721,33.99813259299593,"tensor([[0.5000]], dtype=torch.float64)",tensor([-255]),['n']
46.0,45.26366392729028,47.107780207972795,47.78117081941792,"tensor([[0.5000]], dtype=torch.float64)",tensor([-255]),['s']
34.0,35.185935081821285,34.03692038584611,33.97367383509174,"tensor([[0.5000]], dtype=torch.float64)",tensor([-255]),['n']
42.0,24.92055899524044,42.96109743693146,42.90076916398308,"tensor([[0.5000]], dtype=torch.float64)",tensor([-255]),['s']
49.0,47.33719677695777,49.67175185652276,50.15279594236605,"tensor([[0.5000]], dtype=torch.float64)",tensor([-255]),['s']
43.0,42.97299859530112,43.924711989305784,43.86972573396966,"tensor([[0.5000]], dtype=torch.float64)",tensor([-255]),['s']
46.0,33.37604512855771,46.77191113930099,46.886089423073514,"tensor([[0.5000]], dtype=torch.float64)",tensor([-255]),['n']
53.0,52.96460325654843,53.11062820009058,53.05973709014639,"tensor([[0.5000]], dtype=torch.float64)",tensor([-255]),['n']
42.0,41.33920980418314,42.72299023124264,42.760518601409515,"tensor([[0.5000]], dtype=torch.float64)",tensor([-255]),['n']
58.0,59.456032851446295,57.82767016847588,57.38803510819774,"tensor([[0.5000]], dtype=torch.float64)",tensor([-255]),['n']
29.0,28.999816102230795,28.31560645323223,27.696269964098192,"tensor([[0.5000]], dtype=torch.float64)",tensor([-255]),['s']
69.0,68.73498917845436,68.58515275988869,68.71500653071764,"tensor([[0.5000]], dtype=torch.float64)",tensor([-255]),['n']
18.0,16.956924998002176,17.769192523754484,17.959050421932112,"tensor([[0.5000]], dtype=torch.float64)",tensor([-255]),['s']
9.0,67.76338929608389,9.262151067057987,9.0705338500643,"tensor([[0.5000]], dtype=torch.float64)",tensor([-255]),['s']
38.0,41.50746441329233,37.989499939816355,37.95952073294455,"tensor([[0.5000]], dtype=torch.float64)",tensor([-255]),['n']
71.0,68.60780511155517,70.39596703388825,70.4148721632171,"tensor([[0.5000]], dtype=torch.float64)",tensor([-255]),['n']
50.0,49.27969895379849,50.36229246581003,50.60130699019791,"tensor([[0.5000]], dtype=torch.float64)",tensor([-255]),['s']
16.0,44.982712068927206,15.694560605457239,15.969306510832325,"tensor([[0.5000]], dtype=torch.float64)",tensor([-255]),['s']
15.0,16.336224693291427,15.091324566475043,15.060824088960896,"tensor([[0.5000]], dtype=torch.float64)",tensor([-255]),['n']
57.0,58.71174930178226,56.71479550000793,56.63095383359892,"tensor([[0.5000]], dtype=torch.float64)",tensor([-255]),['n']
35.0,40.00193315402741,35.13121443398287,35.08680078234215,"tensor([[0.5000]], dtype=torch.float64)",tensor([-255]),['n']
5.0,7.050853230622012,4.85614776440623,5.965513759190795,"tensor([[0.5000]], dtype=torch.float64)",tensor([-255]),['n']
47.0,41.64579351978706,47.41707397361791,47.70661883702918,"tensor([[0.5000]], dtype=torch.float64)",tensor([-255]),['n']
61.0,63.64144491969174,60.04610733080994,59.83330534733204,"tensor([[0.5000]], dtype=torch.float64)",tensor([-255]),['s']
54.0,51.950786683755354,54.07385228846707,54.04523450054482,"tensor([[0.5000]], dtype=torch.float64)",tensor([-255]),['n']
61.0,62.31791546786938,59.68253239867936,59.94917117444397,"tensor([[0.5000]], dtype=torch.float64)",tensor([-255]),['s']
12.0,7.5437529902379366,13.54179892415775,12.942145961343787,"tensor([[0.5000]], dtype=torch.float64)",tensor([-255]),['s']
37.0,32.00042369257219,36.941043251837684,37.36031237717053,"tensor([[0.5000]], dtype=torch.float64)",tensor([-255]),['n']
11.0,10.092257509279921,11.038395524852419,11.741000103910697,"tensor([[0.5000]], dtype=torch.float64)",tensor([-255]),['n']
40.0,40.06813635227313,40.11339054858499,40.42836781280476,"tensor([[0.5000]], dtype=torch.float64)",tensor([-255]),['n']
8.0,7.3181494724807585,8.08199443728657,8.25943629130277,"tensor([[0.5000]], dtype=torch.float64)",tensor([-255]),['n']
37.0,29.76706064935662,36.94844410120885,37.06518122480228,"tensor([[0.5000]], dtype=torch.float64)",tensor([-255]),['n']
63.0,64.90839567057347,61.828222281669966,58.44144504802593,"tensor([[0.5000]], dtype=torch.float64)",tensor([-255]),['s']
28.0,25.34585194017425,28.10799789343822,27.622234123407853,"tensor([[0.5000]], dtype=torch.float64)",tensor([-255]),['s']
9.0,6.081451768354216,8.976200823788373,8.988464517508607,"tensor([[0.5000]], dtype=torch.float64)",tensor([-255]),['s']
41.0,44.1110629727292,41.13591695559669,41.28530877066872,"tensor([[0.5000]], dtype=torch.float64)",tensor([-255]),['n']
46.0,42.84955632224524,47.10696956042059,47.09140114290796,"tensor([[0.5000]], dtype=torch.float64)",tensor([-255]),['s']
41.0,43.63839821862313,41.21894924531337,41.07796358778163,"tensor([[0.5000]], dtype=torch.float64)",tensor([-255]),['s']
44.0,44.73061166012369,44.834241767048084,45.4544972691404,"tensor([[0.5000]], dtype=torch.float64)",tensor([-255]),['n']
10.0,9.989443068975248,10.00110806077216,11.83161712694572,"tensor([[0.5000]], dtype=torch.float64)",tensor([-255]),['n']
37.0,36.32409010296277,36.93788171414928,37.26010569640223,"tensor([[0.5000]], dtype=torch.float64)",tensor([-255]),['n']
36.0,40.236472662869474,36.37545089031425,33.458382439408425,"tensor([[0.5000]], dtype=torch.float64)",tensor([-255]),['s']
47.0,47.20735656024908,48.297408257128524,48.20245058979111,"tensor([[0.5000]], dtype=torch.float64)",tensor([-255]),['s']
69.0,67.58461505588443,63.85117453418959,64.12586456758211,"tensor([[0.5000]], dtype=torch.float64)",tensor([-255]),['s']
10.0,48.870942161521185,10.496260145739996,10.8039966318633,"tensor([[0.5000]], dtype=torch.float64)",tensor([-255]),['n']
11.0,10.35128431055172,12.44330593229574,12.242855326818606,"tensor([[0.5000]], dtype=torch.float64)",tensor([-255]),['s']
4.0,0.30326576488803225,3.6956102266936397,7.744859523892041,"tensor([[0.5000]], dtype=torch.float64)",tensor([-255]),['n']
52.0,48.97711771015808,52.50713955448396,52.629768342828086,"tensor([[0.5000]], dtype=torch.float64)",tensor([-255]),['s']
3.0,70.43929605857274,3.100819984718652,3.860391358104466,"tensor([[0.5000]], dtype=torch.float64)",tensor([-255]),['s']
49.0,49.16113781857878,49.44952888899729,49.51724005170606,"tensor([[0.5000]], dtype=torch.float64)",tensor([-255]),['n']
52.0,50.89258139480094,52.27692116416,52.074147889132334,"tensor([[0.5000]], dtype=torch.float64)",tensor([-255]),['s']
62.0,59.22460469840472,61.20390754774392,60.735761116405804,"tensor([[0.5000]], dtype=torch.float64)",tensor([-255]),['s']
47.0,44.055137819543035,47.753756930338696,48.00318457638206,"tensor([[0.5000]], dtype=torch.float64)",tensor([-255]),['n']
5.0,24.014556043665035,5.149303405856409,5.096204157636703,"tensor([[0.5000]], dtype=torch.float64)",tensor([-255]),['s']
40.0,43.01643712653449,40.94500435632427,40.66339387530456,"tensor([[0.5000]], dtype=torch.float64)",tensor([-255]),['s']
36.0,40.23270577308581,37.02389321143339,37.46052425620383,"tensor([[0.5000]], dtype=torch.float64)",tensor([-255]),['s']
52.0,50.35937387533238,52.23247037270814,52.32609748071164,"tensor([[0.5000]], dtype=torch.float64)",tensor([-255]),['n']
3.0,3.2944406609197205,3.2846911960448577,3.037334149376579,"tensor([[0.5000]], dtype=torch.float64)",tensor([-255]),['n']
42.0,43.98544933545007,42.67638336552464,42.56068191382573,"tensor([[0.5000]], dtype=torch.float64)",tensor([-255]),['n']
24.0,29.340566740036962,23.68165188520634,22.855147345869227,"tensor([[0.5000]], dtype=torch.float64)",tensor([-255]),['s']
4.0,68.64963845338465,4.550456652190998,4.284612600175846,"tensor([[0.5000]], dtype=torch.float64)",tensor([-255]),['s']
63.0,7.797075685361662,62.05629153320104,61.86607228347097,"tensor([[0.5000]], dtype=torch.float64)",tensor([-255]),['s']
53.0,53.081488775015956,52.95715816158682,53.13528076504566,"tensor([[0.5000]], dtype=torch.float64)",tensor([-255]),['s']
6.0,6.856234794610282,8.72729683471052,6.8186670335101045,"tensor([[0.5000]], dtype=torch.float64)",tensor([-255]),['n']
6.0,48.55683748044271,6.7446093960176325,6.705560305934262,"tensor([[0.5000]], dtype=torch.float64)",tensor([-255]),['n']
49.0,47.266988598887096,49.45657173695642,49.47979529656517,"tensor([[0.5000]], dtype=torch.float64)",tensor([-255]),['n']
46.0,44.86092327570631,46.00861715960448,46.31182805820819,"tensor([[0.5000]], dtype=torch.float64)",tensor([-255]),['s']
37.0,39.14131376069949,37.03598139239752,37.05339208562283,"tensor([[0.5000]], dtype=torch.float64)",tensor([-255]),['n']
42.0,40.740557235297516,42.207575214703944,42.37360940538623,"tensor([[0.5000]], dtype=torch.float64)",tensor([-255]),['n']
24.0,63.174415492786096,24.67193746243486,24.088798158119797,"tensor([[0.5000]], dtype=torch.float64)",tensor([-255]),['s']
17.0,14.814210972141522,16.966352107288323,17.09503716243429,"tensor([[0.5000]], dtype=torch.float64)",tensor([-255]),['n']
51.0,32.0920836533775,51.867918708145154,51.97509923982043,"tensor([[0.5000]], dtype=torch.float64)",tensor([-255]),['n']
16.0,16.61443761999977,16.066568238207772,15.967137718357819,"tensor([[0.5000]], dtype=torch.float64)",tensor([-255]),['s']
62.0,63.162880554700585,61.045606569805344,61.24848134042283,"tensor([[0.5000]], dtype=torch.float64)",tensor([-255]),['s']
60.0,61.04357332251629,59.22676286082383,58.312836400385095,"tensor([[0.5000]], dtype=torch.float64)",tensor([-255]),['n']
24.0,58.33941119244531,24.12715377878949,24.18328147390189,"tensor([[0.5000]], dtype=torch.float64)",tensor([-255]),['s']
67.0,69.79480004837966,66.79564339579349,66.51568349613235,"tensor([[0.5000]], dtype=torch.float64)",tensor([-255]),['s']
47.0,47.384476545388345,47.52970882759555,48.5479443681011,"tensor([[0.5000]], dtype=torch.float64)",tensor([-255]),['s']
60.0,61.338268846489875,59.15285998194383,58.99283968568174,"tensor([[0.5000]], dtype=torch.float64)",tensor([-255]),['n']
3.0,6.89806343077556,2.803572441372422,2.4656862455660495,"tensor([[0.5000]], dtype=torch.float64)",tensor([-255]),['n']
52.0,49.732236219195514,52.2615043011917,52.30914666180613,"tensor([[0.5000]], dtype=torch.float64)",tensor([-255]),['s']
21.0,20.982714875177642,20.838863605499434,20.686841565111195,"tensor([[0.5000]], dtype=torch.float64)",tensor([-255]),['n']
18.0,67.89288512546915,17.922489257445744,18.018961276743966,"tensor([[0.5000]], dtype=torch.float64)",tensor([-255]),['s']
46.0,45.830892360009855,46.678279429976484,46.9933179939687,"tensor([[0.5000]], dtype=torch.float64)",tensor([-255]),['s']
64.0,64.2175306555246,63.416493817090746,63.17466203776295,"tensor([[0.5000]], dtype=torch.float64)",tensor([-255]),['n']
51.0,50.72840302915694,51.12177531322897,51.15652141047843,"tensor([[0.5000]], dtype=torch.float64)",tensor([-255]),['n']
63.0,63.292341468109896,62.49422456669716,62.92304488471728,"tensor([[0.5000]], dtype=torch.float64)",tensor([-255]),['n']
47.0,45.04538207816201,48.469986467275085,48.103989345946665,"tensor([[0.5000]], dtype=torch.float64)",tensor([-255]),['s']
6.0,8.400428628629712,6.055727126483353,6.132155268683253,"tensor([[0.5000]], dtype=torch.float64)",tensor([-255]),['n']
34.0,32.64708250204225,34.04728827297248,33.75560909203848,"tensor([[0.5000]], dtype=torch.float64)",tensor([-255]),['n']
45.0,35.73223997325087,45.2479178099636,45.2626990750096,"tensor([[0.5000]], dtype=torch.float64)",tensor([-255]),['s']
42.0,43.95415044880302,42.16745257475264,42.77896130639296,"tensor([[0.5000]], dtype=torch.float64)",tensor([-255]),['n']
23.0,23.973495333546797,22.70992860010802,22.682312981016718,"tensor([[0.5000]], dtype=torch.float64)",tensor([-255]),['s']
67.0,1.825733909120542,66.74994828997924,66.71695874829061,"tensor([[0.5000]], dtype=torch.float64)",tensor([-255]),['s']
5.0,9.502779537003576,10.555033363029747,7.613451186565957,"tensor([[0.5000]], dtype=torch.float64)",tensor([-255]),['s']
47.0,37.319858447574305,47.62207258211576,47.97838464326454,"tensor([[0.5000]], dtype=torch.float64)",tensor([-255]),['s']
14.0,23.505662796697756,13.907168484637545,13.951111634417112,"tensor([[0.5000]], dtype=torch.float64)",tensor([-255]),['s']
21.0,23.231929439828427,21.017915197820727,20.688746097969762,"tensor([[0.5000]], dtype=torch.float64)",tensor([-255]),['n']
55.0,56.36334950585748,54.70042845017655,54.775298550889715,"tensor([[0.5000]], dtype=torch.float64)",tensor([-255]),['s']
42.0,43.08302438875005,42.201782877940424,42.089394839227104,"tensor([[0.5000]], dtype=torch.float64)",tensor([-255]),['n']
1.0,7.285844865445984,1.083470031826937,0.7147829961847884,"tensor([[0.5000]], dtype=torch.float64)",tensor([-255]),['s']
42.0,43.133479077516604,42.096623082270185,41.918473392614295,"tensor([[0.5000]], dtype=torch.float64)",tensor([-255]),['n']
10.0,12.284182054062189,9.337104286517873,10.295900599505922,"tensor([[0.5000]], dtype=torch.float64)",tensor([-255]),['s']
19.0,19.86926054668208,19.178217477921294,19.011672240986346,"tensor([[0.5000]], dtype=torch.float64)",tensor([-255]),['n']
49.0,29.70994237467835,49.17411974418158,49.79809172542478,"tensor([[0.5000]], dtype=torch.float64)",tensor([-255]),['s']
67.0,66.68959237859409,66.31231993047217,66.98331282992811,"tensor([[0.5000]], dtype=torch.float64)",tensor([-255]),['n']
34.0,37.968549942668346,33.7327293430716,33.62370158793402,"tensor([[0.5000]], dtype=torch.float64)",tensor([-255]),['s']
70.0,6.94265651587398,69.91969971105071,69.0724035501977,"tensor([[0.5000]], dtype=torch.float64)",tensor([-255]),['s']
5.0,8.150814287315558,4.874640341486354,4.946164152661497,"tensor([[0.5000]], dtype=torch.float64)",tensor([-255]),['s']
55.0,15.5271368308574,54.719351913662415,54.83549503102599,"tensor([[0.5000]], dtype=torch.float64)",tensor([-255]),['n']
9.0,6.219143919598903,8.725787539389575,9.942900054866621,"tensor([[0.5000]], dtype=torch.float64)",tensor([-255]),['n']
14.0,14.835739369173869,13.862695142687835,14.042507697782872,"tensor([[0.5000]], dtype=torch.float64)",tensor([-255]),['s']
48.0,48.261870006168095,48.440765108883525,48.60130968144063,"tensor([[0.5000]], dtype=torch.float64)",tensor([-255]),['s']
66.0,68.33669431745626,65.08557569187934,64.85119053630649,"tensor([[0.5000]], dtype=torch.float64)",tensor([-255]),['s']
5.0,8.811007703590747,5.657689905462523,5.119086905971029,"tensor([[0.5000]], dtype=torch.float64)",tensor([-255]),['s']
17.0,17.140584088878544,17.089699420812384,17.058752705607287,"tensor([[0.5000]], dtype=torch.float64)",tensor([-255]),['n']
26.0,23.957892122573412,26.381622020117927,26.14112449231664,"tensor([[0.5000]], dtype=torch.float64)",tensor([-255]),['n']
40.0,39.02460427957677,39.844238091896294,39.53749679211241,"tensor([[0.5000]], dtype=torch.float64)",tensor([-255]),['s']
35.0,32.37124136341548,34.963259548949765,35.31688585627105,"tensor([[0.5000]], dtype=torch.float64)",tensor([-255]),['s']
23.0,26.740234453514436,23.118703689330175,22.90376400315835,"tensor([[0.5000]], dtype=torch.float64)",tensor([-255]),['s']
10.0,7.019290485732542,10.316512373398918,10.163294136525664,"tensor([[0.5000]], dtype=torch.float64)",tensor([-255]),['n']
59.0,59.26947136887874,58.67034171796904,58.48991747472692,"tensor([[0.5000]], dtype=torch.float64)",tensor([-255]),['n']
45.0,43.78842549040914,45.7454822213194,46.46727732315656,"tensor([[0.5000]], dtype=torch.float64)",tensor([-255]),['n']
7.0,60.79902282403682,6.443600263936887,8.919014926797464,"tensor([[0.5000]], dtype=torch.float64)",tensor([-255]),['s']
36.0,36.13697073447933,36.60963362967254,35.88244205265354,"tensor([[0.5000]], dtype=torch.float64)",tensor([-255]),['s']
34.0,39.15065371090948,34.03770159457023,33.58380803706634,"tensor([[0.5000]], dtype=torch.float64)",tensor([-255]),['s']
41.0,35.49441990603094,41.2862995565528,41.22066499976974,"tensor([[0.5000]], dtype=torch.float64)",tensor([-255]),['n']
62.0,65.25825155810887,61.044761387387105,60.3511504677737,"tensor([[0.5000]], dtype=torch.float64)",tensor([-255]),['n']
4.0,2.093886159718971,4.016337330444372,4.904487459573023,"tensor([[0.5000]], dtype=torch.float64)",tensor([-255]),['n']
70.0,70.08109075850149,69.81237259702145,69.29773198767194,"tensor([[0.5000]], dtype=torch.float64)",tensor([-255]),['n']
26.0,31.61184399282057,26.407819347081094,26.056391696121814,"tensor([[0.5000]], dtype=torch.float64)",tensor([-255]),['s']
44.0,10.822375798551695,44.33348784496735,44.98791063099911,"tensor([[0.5000]], dtype=torch.float64)",tensor([-255]),['s']
18.0,18.368533173675075,17.949996317491298,17.99994526626227,"tensor([[0.5000]], dtype=torch.float64)",tensor([-255]),['s']
29.0,29.22345846792293,29.539224196457845,29.435176816712506,"tensor([[0.5000]], dtype=torch.float64)",tensor([-255]),['n']
5.0,3.135042905996488,4.835046086802055,5.206957614838269,"tensor([[0.5000]], dtype=torch.float64)",tensor([-255]),['s']
55.0,55.464071212892534,54.661590386307296,54.69133843629261,"tensor([[0.5000]], dtype=torch.float64)",tensor([-255]),['n']
67.0,70.15860265254918,66.64123247940748,66.50652665274974,"tensor([[0.5000]], dtype=torch.float64)",tensor([-255]),['n']
35.0,33.714598718112995,34.65044578787503,34.945211935710375,"tensor([[0.5000]], dtype=torch.float64)",tensor([-255]),['s']
28.0,27.053254024670217,27.701241381698438,27.85763931373309,"tensor([[0.5000]], dtype=torch.float64)",tensor([-255]),['s']
47.0,45.08367070903404,47.320552364601006,48.57076358356262,"tensor([[0.5000]], dtype=torch.float64)",tensor([-255]),['n']
45.0,42.17438840001148,45.44265509312954,45.30212710873148,"tensor([[0.5000]], dtype=torch.float64)",tensor([-255]),['n']
48.0,49.05383614490234,48.08583467581325,48.36938123617935,"tensor([[0.5000]], dtype=torch.float64)",tensor([-255]),['s']
16.0,15.873902271032467,16.14030310920932,16.14386553373588,"tensor([[0.5000]], dtype=torch.float64)",tensor([-255]),['n']
70.0,3.1449796798358935,70.2213820602073,70.94158064549363,"tensor([[0.5000]], dtype=torch.float64)",tensor([-255]),['s']
31.0,28.290318449967778,30.97793901382694,30.86478156374478,"tensor([[0.5000]], dtype=torch.float64)",tensor([-255]),['s']
25.0,23.152189546860466,24.960774429644914,24.42922757805091,"tensor([[0.5000]], dtype=torch.float64)",tensor([-255]),['s']
25.0,29.956427257125533,25.217294269013976,24.825528753539658,"tensor([[0.5000]], dtype=torch.float64)",tensor([-255]),['s']
70.0,59.666963139640686,69.82324936888136,69.82225145349963,"tensor([[0.5000]], dtype=torch.float64)",tensor([-255]),['n']
55.0,58.74128801175919,54.65019850102154,54.4095905176564,"tensor([[0.5000]], dtype=torch.float64)",tensor([-255]),['n']
36.0,46.538299433879565,36.357508011275264,36.05019772598033,"tensor([[0.5000]], dtype=torch.float64)",tensor([-255]),['s']
22.0,22.79079679806045,22.031407897744018,21.880800507204672,"tensor([[0.5000]], dtype=torch.float64)",tensor([-255]),['n']
6.0,70.01163092293115,5.563037380745014,5.952273314834783,"tensor([[0.5000]], dtype=torch.float64)",tensor([-255]),['n']
59.0,60.39822967029336,58.75908286413463,58.768119321049205,"tensor([[0.5000]], dtype=torch.float64)",tensor([-255]),['n']
59.0,59.0897265539918,58.323155360336244,58.08035907837686,"tensor([[0.5000]], dtype=torch.float64)",tensor([-255]),['n']
10.0,7.267314105277059,10.204092217610693,10.593186358919688,"tensor([[0.5000]], dtype=torch.float64)",tensor([-255]),['s']
37.0,32.8842006575927,37.11527492003988,36.942001859861485,"tensor([[0.5000]], dtype=torch.float64)",tensor([-255]),['n']
34.0,33.430902434140236,34.03255223727376,33.90490211849097,"tensor([[0.5000]], dtype=torch.float64)",tensor([-255]),['n']
13.0,12.785651872860933,13.259074925032095,13.114115791563153,"tensor([[0.5000]], dtype=torch.float64)",tensor([-255]),['n']
35.0,40.7464734207521,35.03994124020447,35.02014615946501,"tensor([[0.5000]], dtype=torch.float64)",tensor([-255]),['n']
25.0,25.08266461850981,25.16326051346773,24.97231751342655,"tensor([[0.5000]], dtype=torch.float64)",tensor([-255]),['n']
64.0,63.130962940668795,63.26329150709885,63.007926406607055,"tensor([[0.5000]], dtype=torch.float64)",tensor([-255]),['s']
17.0,25.292239522688334,17.34706764988264,17.040934788869386,"tensor([[0.5000]], dtype=torch.float64)",tensor([-255]),['n']
21.0,21.321844256793078,21.41960846746759,21.13115738788295,"tensor([[0.5000]], dtype=torch.float64)",tensor([-255]),['s']
23.0,21.232052183530563,23.16007256573416,22.79684640788771,"tensor([[0.5000]], dtype=torch.float64)",tensor([-255]),['s']
11.0,11.618632088672861,11.31433838445458,11.616942099740925,"tensor([[0.5000]], dtype=torch.float64)",tensor([-255]),['n']
6.0,6.085737219296834,5.909069532584107,5.843121824720304,"tensor([[0.5000]], dtype=torch.float64)",tensor([-255]),['n']
21.0,21.171631669787992,21.17488376330861,20.991916090467022,"tensor([[0.5000]], dtype=torch.float64)",tensor([-255]),['s']
18.0,17.03891824341338,18.39561174828078,18.10328711685508,"tensor([[0.5000]], dtype=torch.float64)",tensor([-255]),['s']
48.0,47.130586929951214,48.28654958512555,49.048035348926824,"tensor([[0.5000]], dtype=torch.float64)",tensor([-255]),['s']
8.0,7.56955582765849,7.938585906103186,7.856732971124875,"tensor([[0.5000]], dtype=torch.float64)",tensor([-255]),['s']
11.0,10.871857238757794,11.043969492806017,10.727819965386908,"tensor([[0.5000]], dtype=torch.float64)",tensor([-255]),['s']
64.0,66.68352997009967,63.532549121343166,63.1492673190118,"tensor([[0.5000]], dtype=torch.float64)",tensor([-255]),['n']
4.0,9.099773945891204,3.7271639679502475,7.095967723911501,"tensor([[0.5000]], dtype=torch.float64)",tensor([-255]),['n']
29.0,32.615603442418525,29.181007123319304,28.588447440988734,"tensor([[0.5000]], dtype=torch.float64)",tensor([-255]),['s']
58.0,56.87307639866307,57.64021711739306,57.272997297569496,"tensor([[0.5000]], dtype=torch.float64)",tensor([-255]),['s']
42.0,35.40951321012389,42.8704480665451,42.84714107143315,"tensor([[0.5000]], dtype=torch.float64)",tensor([-255]),['s']
40.0,38.92588472749793,40.00516565552467,40.74946314418394,"tensor([[0.5000]], dtype=torch.float64)",tensor([-255]),['s']
4.0,4.071264255914377,3.4694737567175746,3.4067694158474544,"tensor([[0.5000]], dtype=torch.float64)",tensor([-255]),['s']
61.0,62.68308144600799,60.274347079591024,58.21283084171347,"tensor([[0.5000]], dtype=torch.float64)",tensor([-255]),['n']
56.0,56.181939448474935,55.32836905115159,55.19155159656363,"tensor([[0.5000]], dtype=torch.float64)",tensor([-255]),['n']
17.0,19.4662830329845,16.79483916765394,16.847994952951147,"tensor([[0.5000]], dtype=torch.float64)",tensor([-255]),['s']
44.0,47.683520111437424,48.69523741326431,45.03974002371198,"tensor([[0.5000]], dtype=torch.float64)",tensor([-255]),['s']
50.0,51.066684724887025,50.220156262013326,50.26950076985088,"tensor([[0.5000]], dtype=torch.float64)",tensor([-255]),['s']
9.0,70.14815215948019,9.128369633521613,9.090551583278204,"tensor([[0.5000]], dtype=torch.float64)",tensor([-255]),['s']
71.0,7.441242931046661,71.0,71.0,"tensor([[0.5000]], dtype=torch.float64)",tensor([-255]),['n']
11.0,11.545965771544887,10.58934748741023,11.34192050816213,"tensor([[0.5000]], dtype=torch.float64)",tensor([-255]),['s']
26.0,25.90414696068741,25.84198494023451,25.966360392596293,"tensor([[0.5000]], dtype=torch.float64)",tensor([-255]),['s']
10.0,7.10722689205011,10.487112826662667,10.194910680597232,"tensor([[0.5000]], dtype=torch.float64)",tensor([-255]),['s']
63.0,64.19615187107578,60.39609681186943,60.87227431192848,"tensor([[0.5000]], dtype=torch.float64)",tensor([-255]),['s']
33.0,36.31526056578487,33.398154511186426,33.351418481312386,"tensor([[0.5000]], dtype=torch.float64)",tensor([-255]),['s']
63.0,63.237528330949345,62.20422995946418,62.04443762942872,"tensor([[0.5000]], dtype=torch.float64)",tensor([-255]),['s']
5.0,4.997203895994499,5.2705865134621845,7.289020857049565,"tensor([[0.5000]], dtype=torch.float64)",tensor([-255]),['n']
27.0,28.64588554587983,25.24167346648236,26.023033097681957,"tensor([[0.5000]], dtype=torch.float64)",tensor([-255]),['s']
2.0,59.86353286183899,1.6231244604665236,2.5819779690175277,"tensor([[0.5000]], dtype=torch.float64)",tensor([-255]),['s']
5.0,5.254730924944927,4.6521792348447475,5.178296406960278,"tensor([[0.5000]], dtype=torch.float64)",tensor([-255]),['n']
61.0,60.948218194444635,60.47011702811211,60.22136024114973,"tensor([[0.5000]], dtype=torch.float64)",tensor([-255]),['s']
12.0,10.829230075918879,12.403550245603169,12.659366134308614,"tensor([[0.5000]], dtype=torch.float64)",tensor([-255]),['n']
50.0,33.05058391197589,50.780251516636994,50.82227295144669,"tensor([[0.5000]], dtype=torch.float64)",tensor([-255]),['s']
49.0,50.84046742175282,49.57485005490166,49.90842047196653,"tensor([[0.5000]], dtype=torch.float64)",tensor([-255]),['n']
52.0,52.65957818810813,52.36813760793849,52.38545094830488,"tensor([[0.5000]], dtype=torch.float64)",tensor([-255]),['s']
54.0,55.99596056661206,53.79643659862559,53.74972258024159,"tensor([[0.5000]], dtype=torch.float64)",tensor([-255]),['n']
13.0,11.606378250361765,12.83301150364783,12.920713711112533,"tensor([[0.5000]], dtype=torch.float64)",tensor([-255]),['n']
0.0,68.95319909677008,0.0,0.16844436982933167,"tensor([[0.5000]], dtype=torch.float64)",tensor([-255]),['s']
66.0,68.64012337225238,65.39878571574761,65.40555368600131,"tensor([[0.5000]], dtype=torch.float64)",tensor([-255]),['s']
7.0,6.008030466438459,6.896220950456745,7.161358953468771,"tensor([[0.5000]], dtype=torch.float64)",tensor([-255]),['s']
41.0,44.25235553927469,41.14079323910506,41.338001084686255,"tensor([[0.5000]], dtype=torch.float64)",tensor([-255]),['s']
27.0,32.45489064275708,26.62786504269028,26.50552950839801,"tensor([[0.5000]], dtype=torch.float64)",tensor([-255]),['n']
0.0,59.88457134735041,0.0,0.7426810766947103,"tensor([[0.5000]], dtype=torch.float64)",tensor([-255]),['n']
63.0,61.29268075691158,62.596021628977276,62.16038470806219,"tensor([[0.5000]], dtype=torch.float64)",tensor([-255]),['s']
17.0,17.059810565678426,17.1426334869791,17.030931838761894,"tensor([[0.5000]], dtype=torch.float64)",tensor([-255]),['n']
31.0,31.006229147404504,31.118931200681267,31.025581983131147,"tensor([[0.5000]], dtype=torch.float64)",tensor([-255]),['s']
44.0,44.17712354240473,44.538761091067464,44.94427806734861,"tensor([[0.5000]], dtype=torch.float64)",tensor([-255]),['n']
65.0,67.17707990974257,64.28410132676795,64.13794631980171,"tensor([[0.5000]], dtype=torch.float64)",tensor([-255]),['s']
15.0,15.910290474406121,15.198803657864458,15.109277528831708,"tensor([[0.5000]], dtype=torch.float64)",tensor([-255]),['s']
44.0,43.86545850736756,44.88310204101659,44.97898014198294,"tensor([[0.5000]], dtype=torch.float64)",tensor([-255]),['n']
41.0,39.01213123810684,40.96768509027427,44.85855868879246,"tensor([[0.5000]], dtype=torch.float64)",tensor([-255]),['s']
0.0,7.446754735617745,0.0,0.0,"tensor([[0.5000]], dtype=torch.float64)",tensor([-255]),['s']
62.0,63.33808923358377,60.867759726050494,60.36367075002107,"tensor([[0.5000]], dtype=torch.float64)",tensor([-255]),['n']
21.0,41.93463406816956,20.771157534536858,20.71814910296582,"tensor([[0.5000]], dtype=torch.float64)",tensor([-255]),['s']
37.0,35.719934252135374,36.71014946065264,36.44562119224826,"tensor([[0.5000]], dtype=torch.float64)",tensor([-255]),['s']
67.0,65.92393475259547,66.44350777725666,66.93110273067248,"tensor([[0.5000]], dtype=torch.float64)",tensor([-255]),['s']
44.0,44.975789336064736,44.33966979906233,44.33943266663091,"tensor([[0.5000]], dtype=torch.float64)",tensor([-255]),['n']
2.0,3.0388136846539195,1.768507992967047,1.4472803123046085,"tensor([[0.5000]], dtype=torch.float64)",tensor([-255]),['s']
39.0,36.064763618120736,39.54636958786674,40.357612081411666,"tensor([[0.5000]], dtype=torch.float64)",tensor([-255]),['s']
6.0,7.183072283274028,5.771502543377091,6.182871161766967,"tensor([[0.5000]], dtype=torch.float64)",tensor([-255]),['n']
56.0,52.6880481071329,55.643027818898176,55.843269832927334,"tensor([[0.5000]], dtype=torch.float64)",tensor([-255]),['n']
62.0,61.97590125044773,61.01704055190521,60.73661980962078,"tensor([[0.5000]], dtype=torch.float64)",tensor([-255]),['s']
10.0,9.217308820615273,9.60583314252414,9.782434856430847,"tensor([[0.5000]], dtype=torch.float64)",tensor([-255]),['s']
36.0,32.7598445017571,36.02285869235627,37.85871620823964,"tensor([[0.5000]], dtype=torch.float64)",tensor([-255]),['n']
34.0,37.278517760674916,34.11599506366871,33.470805015022286,"tensor([[0.5000]], dtype=torch.float64)",tensor([-255]),['s']
48.0,49.267932170177886,48.23225332718987,48.26394097820735,"tensor([[0.5000]], dtype=torch.float64)",tensor([-255]),['n']
15.0,15.314151107309405,15.019563858362314,14.99411062766263,"tensor([[0.5000]], dtype=torch.float64)",tensor([-255]),['s']
17.0,15.9313123809244,16.914822358259457,16.950500388501265,"tensor([[0.5000]], dtype=torch.float64)",tensor([-255]),['n']
8.0,6.126180675233664,7.957288556988121,9.765506612218452,"tensor([[0.5000]], dtype=torch.float64)",tensor([-255]),['n']
10.0,12.794942810218563,9.906428966770862,10.228958406587958,"tensor([[0.5000]], dtype=torch.float64)",tensor([-255]),['n']
23.0,55.67282489142781,22.793002161894012,22.77699954713544,"tensor([[0.5000]], dtype=torch.float64)",tensor([-255]),['s']
24.0,23.748079055969523,23.990728970523172,23.482519081117438,"tensor([[0.5000]], dtype=torch.float64)",tensor([-255]),['n']
18.0,19.98142473148467,17.99924036983421,17.975339037595596,"tensor([[0.5000]], dtype=torch.float64)",tensor([-255]),['s']
17.0,60.331853095382165,17.34215671069463,17.192774338962508,"tensor([[0.5000]], dtype=torch.float64)",tensor([-255]),['n']
1.0,61.60048067599435,1.5083752814000069,1.7613688319331842,"tensor([[0.5000]], dtype=torch.float64)",tensor([-255]),['s']
42.0,39.76198853394507,42.35938629953884,42.207516723407494,"tensor([[0.5000]], dtype=torch.float64)",tensor([-255]),['s']
66.0,66.32392543626143,61.40026589863732,61.86472663975733,"tensor([[0.5000]], dtype=torch.float64)",tensor([-255]),['s']
12.0,10.430562819982168,12.166355726000543,12.598611097296429,"tensor([[0.5000]], dtype=torch.float64)",tensor([-255]),['s']
21.0,21.358502637279795,21.015729974498356,20.86932980812145,"tensor([[0.5000]], dtype=torch.float64)",tensor([-255]),['s']
19.0,16.93891013572882,19.062039503476594,19.036087736431263,"tensor([[0.5000]], dtype=torch.float64)",tensor([-255]),['n']
22.0,20.76989604393857,21.610069751711926,21.754147154980664,"tensor([[0.5000]], dtype=torch.float64)",tensor([-255]),['n']
1.0,3.325683721093916,0.9763227819687801,1.051260401655939,"tensor([[0.5000]], dtype=torch.float64)",tensor([-255]),['n']
53.0,55.19161032739885,53.12466733469271,53.06188452121386,"tensor([[0.5000]], dtype=torch.float64)",tensor([-255]),['s']
26.0,28.21952678266233,25.99038562070785,25.704318392084787,"tensor([[0.5000]], dtype=torch.float64)",tensor([-255]),['n']
39.0,41.71714929125304,39.92218010676086,39.51240121787605,"tensor([[0.5000]], dtype=torch.float64)",tensor([-255]),['s']
17.0,15.913704973340312,17.1991233037915,17.108624767447363,"tensor([[0.5000]], dtype=torch.float64)",tensor([-255]),['s']
31.0,29.913446598535437,31.02360244894058,31.953039881895673,"tensor([[0.5000]], dtype=torch.float64)",tensor([-255]),['s']
42.0,38.89847446753879,42.41639727134034,42.95225347047429,"tensor([[0.5000]], dtype=torch.float64)",tensor([-255]),['n']
2.0,68.8435064646862,1.7766849054722136,1.7172090553103738,"tensor([[0.5000]], dtype=torch.float64)",tensor([-255]),['n']
53.0,52.992169023503,53.36470009915267,53.04897601597286,"tensor([[0.5000]], dtype=torch.float64)",tensor([-255]),['s']
15.0,14.089848286276792,15.2316473801399,15.343062877313292,"tensor([[0.5000]], dtype=torch.float64)",tensor([-255]),['n']
18.0,18.316571438445642,17.923118972214798,17.964066781919076,"tensor([[0.5000]], dtype=torch.float64)",tensor([-255]),['s']
59.0,34.44095118080784,58.63234774262784,58.12653387513313,"tensor([[0.5000]], dtype=torch.float64)",tensor([-255]),['s']
16.0,14.988381813804477,15.89911235071404,15.954220666637198,"tensor([[0.5000]], dtype=torch.float64)",tensor([-255]),['n']
3.0,70.74472651520016,13.542955931338485,7.1930080040344375,"tensor([[0.5000]], dtype=torch.float64)",tensor([-255]),['s']
8.0,9.210899614678011,7.8217417793485815,7.993556158328627,"tensor([[0.5000]], dtype=torch.float64)",tensor([-255]),['n']
14.0,15.860837131406292,13.994652017177467,14.011281696648474,"tensor([[0.5000]], dtype=torch.float64)",tensor([-255]),['s']
45.0,52.174874560475246,46.24233196630486,46.39120384636574,"tensor([[0.5000]], dtype=torch.float64)",tensor([-255]),['s']
52.0,52.852451308211315,52.20745326474429,52.02563241034963,"tensor([[0.5000]], dtype=torch.float64)",tensor([-255]),['n']
62.0,62.1383749115156,61.237548315072694,61.145637874911664,"tensor([[0.5000]], dtype=torch.float64)",tensor([-255]),['n']
55.0,18.977666394701416,54.76619450516487,54.90960882889065,"tensor([[0.5000]], dtype=torch.float64)",tensor([-255]),['s']
19.0,17.91065825114115,18.856631440256724,18.9664853036376,"tensor([[0.5000]], dtype=torch.float64)",tensor([-255]),['s']
0.0,4.073444319256243,0.0,0.04830929037744019,"tensor([[0.5000]], dtype=torch.float64)",tensor([-255]),['n']
30.0,32.234277416716104,30.039348227976877,28.48523447969346,"tensor([[0.5000]], dtype=torch.float64)",tensor([-255]),['s']
22.0,23.267751864030906,21.575152757704853,21.711456924771916,"tensor([[0.5000]], dtype=torch.float64)",tensor([-255]),['n']
22.0,23.905213546735666,21.92484865171557,21.92969118072089,"tensor([[0.5000]], dtype=torch.float64)",tensor([-255]),['n']
26.0,27.930118388712806,25.783992141416793,25.581938904221758,"tensor([[0.5000]], dtype=torch.float64)",tensor([-255]),['s']
32.0,36.07522516823337,32.56395129144192,30.2774222659132,"tensor([[0.5000]], dtype=torch.float64)",tensor([-255]),['s']
30.0,30.687336288065538,30.137650383363194,30.758971375038602,"tensor([[0.5000]], dtype=torch.float64)",tensor([-255]),['n']
25.0,26.954440516318552,25.1991542762935,25.076941621915324,"tensor([[0.5000]], dtype=torch.float64)",tensor([-255]),['s']
63.0,60.947353184574915,62.88425152860005,62.84341964513247,"tensor([[0.5000]], dtype=torch.float64)",tensor([-255]),['n']
4.0,2.9592806856794414,3.6524239685879865,3.8461901592338315,"tensor([[0.5000]], dtype=torch.float64)",tensor([-255]),['s']
26.0,27.057084164958596,26.089484913424666,26.0275537945815,"tensor([[0.5000]], dtype=torch.float64)",tensor([-255]),['s']
0.0,0.36469888647401005,0.0,0.5829875281319291,"tensor([[0.5000]], dtype=torch.float64)",tensor([-255]),['n']
31.0,32.38377219904111,31.459805023582714,30.920252106111505,"tensor([[0.5000]], dtype=torch.float64)",tensor([-255]),['s']
17.0,25.16396290197974,16.66374569673324,16.884875260738692,"tensor([[0.5000]], dtype=torch.float64)",tensor([-255]),['n']
40.0,40.5059381073109,40.519243347885315,39.99702210904216,"tensor([[0.5000]], dtype=torch.float64)",tensor([-255]),['n']
13.0,12.69486209765289,13.030929668953279,13.120710844159845,"tensor([[0.5000]], dtype=torch.float64)",tensor([-255]),['n']
70.0,70.71589080178106,69.48676027882593,69.79472133823657,"tensor([[0.5000]], dtype=torch.float64)",tensor([-255]),['s']
66.0,60.63707900530247,65.50563063369802,65.172652544878,"tensor([[0.5000]], dtype=torch.float64)",tensor([-255]),['s']
38.0,37.33944634937262,37.834611149588774,37.36192294089661,"tensor([[0.5000]], dtype=torch.float64)",tensor([-255]),['s']
51.0,49.06204429336419,51.160191793286614,51.04142521450503,"tensor([[0.5000]], dtype=torch.float64)",tensor([-255]),['n']
69.0,67.93392580085941,61.04325944591744,69.6113756301943,"tensor([[0.5000]], dtype=torch.float64)",tensor([-255]),['s']
52.0,48.28273614555343,52.39975072631002,52.24146783873625,"tensor([[0.5000]], dtype=torch.float64)",tensor([-255]),['n']
40.0,42.114756130710404,40.13058962781041,40.40205307582836,"tensor([[0.5000]], dtype=torch.float64)",tensor([-255]),['n']
8.0,7.63267261296051,7.526907975002644,7.599331315083069,"tensor([[0.5000]], dtype=torch.float64)",tensor([-255]),['n']
43.0,44.2376605524757,43.17931329370832,43.601943071714814,"tensor([[0.5000]], dtype=torch.float64)",tensor([-255]),['n']
46.0,45.79187707735237,46.07272258675406,48.052826008440704,"tensor([[0.5000]], dtype=torch.float64)",tensor([-255]),['n']
28.0,26.85733147235962,28.10912112958409,27.940558626435905,"tensor([[0.5000]], dtype=torch.float64)",tensor([-255]),['n']
2.0,1.382478658409098,1.2427640218338432,1.1846882555933493,"tensor([[0.5000]], dtype=torch.float64)",tensor([-255]),['s']
37.0,36.347206522598384,36.52812476533677,36.33246030579353,"tensor([[0.5000]], dtype=torch.float64)",tensor([-255]),['n']
70.0,0.9552440832452512,69.70187951022821,69.02007483592415,"tensor([[0.5000]], dtype=torch.float64)",tensor([-255]),['s']
47.0,45.11116636501818,47.03236446337485,48.630037801032316,"tensor([[0.5000]], dtype=torch.float64)",tensor([-255]),['n']
9.0,6.1761458101996105,8.95777299749698,8.721402720434051,"tensor([[0.5000]], dtype=torch.float64)",tensor([-255]),['s']
33.0,39.305781986100655,32.54683733141063,32.85073813021866,"tensor([[0.5000]], dtype=torch.float64)",tensor([-255]),['s']
9.0,7.015622630951746,9.023062501390019,9.073986047676547,"tensor([[0.5000]], dtype=torch.float64)",tensor([-255]),['n']
39.0,40.01927485713658,39.4633666917558,39.69866908539876,"tensor([[0.5000]], dtype=torch.float64)",tensor([-255]),['n']
20.0,21.453313831837367,19.406469043482147,19.422147497913212,"tensor([[0.5000]], dtype=torch.float64)",tensor([-255]),['s']
17.0,15.94830965594456,16.97892506764445,16.986064962595503,"tensor([[0.5000]], dtype=torch.float64)",tensor([-255]),['n']
50.0,49.52581806344842,50.07187958673446,50.155637527627555,"tensor([[0.5000]], dtype=torch.float64)",tensor([-255]),['s']
18.0,18.066738197598852,18.015531954043897,18.002407531446313,"tensor([[0.5000]], dtype=torch.float64)",tensor([-255]),['s']
17.0,44.83743339342587,16.259585088733214,16.976141855333413,"tensor([[0.5000]], dtype=torch.float64)",tensor([-255]),['n']
4.0,9.652708492232676,4.004417561714697,5.636813895966139,"tensor([[0.5000]], dtype=torch.float64)",tensor([-255]),['s']
44.0,45.21012668412212,44.59542782005731,44.38368894317697,"tensor([[0.5000]], dtype=torch.float64)",tensor([-255]),['s']
41.0,43.05763920050841,41.201234725872354,41.71376301683428,"tensor([[0.5000]], dtype=torch.float64)",tensor([-255]),['s']
56.0,56.59115919362962,55.98064830435952,55.795047223306874,"tensor([[0.5000]], dtype=torch.float64)",tensor([-255]),['n']
34.0,29.421868583901983,33.65295104591638,33.86097058365095,"tensor([[0.5000]], dtype=torch.float64)",tensor([-255]),['s']
58.0,57.131500693593324,57.52417597344856,57.312556101565896,"tensor([[0.5000]], dtype=torch.float64)",tensor([-255]),['n']
9.0,10.24909552826987,8.835459444890459,8.890754313004678,"tensor([[0.5000]], dtype=torch.float64)",tensor([-255]),['n']
31.0,29.9507502512326,31.111253881380282,31.283701302310444,"tensor([[0.5000]], dtype=torch.float64)",tensor([-255]),['n']
53.0,47.38793461192073,53.21947624546118,53.11462297246925,"tensor([[0.5000]], dtype=torch.float64)",tensor([-255]),['n']
38.0,27.882157857668965,38.158040551886174,38.70231896156476,"tensor([[0.5000]], dtype=torch.float64)",tensor([-255]),['n']
16.0,13.962228585869836,15.995666365300488,16.126022760694056,"tensor([[0.5000]], dtype=torch.float64)",tensor([-255]),['n']
14.0,15.669987011698169,13.762759146810819,13.84674970360114,"tensor([[0.5000]], dtype=torch.float64)",tensor([-255]),['n']
33.0,30.59882586763066,33.133038817620275,32.077394352399175,"tensor([[0.5000]], dtype=torch.float64)",tensor([-255]),['n']
7.0,7.849948267345775,6.77629953396275,6.796089424953449,"tensor([[0.5000]], dtype=torch.float64)",tensor([-255]),['n']
58.0,56.93583801225208,57.553643030452584,56.973126058685985,"tensor([[0.5000]], dtype=torch.float64)",tensor([-255]),['n']
23.0,24.192534185345377,23.06924132476282,22.90144788639297,"tensor([[0.5000]], dtype=torch.float64)",tensor([-255]),['n']
56.0,55.86046414220753,55.754903228453166,55.88431489463714,"tensor([[0.5000]], dtype=torch.float64)",tensor([-255]),['n']
34.0,35.06002172994411,34.3248012676654,34.05719784830219,"tensor([[0.5000]], dtype=torch.float64)",tensor([-255]),['s']
51.0,52.197132877153685,51.282136879949135,51.312492124456924,"tensor([[0.5000]], dtype=torch.float64)",tensor([-255]),['s']
3.0,69.13241193780782,2.7156895634590277,2.8735630266428034,"tensor([[0.5000]], dtype=torch.float64)",tensor([-255]),['n']
14.0,13.580965006431558,14.247416749016004,14.835508588182975,"tensor([[0.5000]], dtype=torch.float64)",tensor([-255]),['n']
29.0,29.450877788092267,29.287197312020893,29.206252426477743,"tensor([[0.5000]], dtype=torch.float64)",tensor([-255]),['n']
68.0,60.1388705898779,67.57561544675556,67.29336654140022,"tensor([[0.5000]], dtype=torch.float64)",tensor([-255]),['s']
51.0,50.43244294308464,51.0255264391739,51.1356999465835,"tensor([[0.5000]], dtype=torch.float64)",tensor([-255]),['s']
41.0,38.269674997445215,41.08928988157671,41.33953767851865,"tensor([[0.5000]], dtype=torch.float64)",tensor([-255]),['s']
58.0,59.085220908153076,57.49551014918397,56.99911442632704,"tensor([[0.5000]], dtype=torch.float64)",tensor([-255]),['n']
15.0,16.002143306212012,15.09274738121082,15.164446766389693,"tensor([[0.5000]], dtype=torch.float64)",tensor([-255]),['n']
35.0,39.471551069832515,35.165551427568786,34.969008844564044,"tensor([[0.5000]], dtype=torch.float64)",tensor([-255]),['n']
65.0,64.80013157172895,63.74443291475222,63.64011352181951,"tensor([[0.5000]], dtype=torch.float64)",tensor([-255]),['n']
63.0,64.07059295935247,62.23238295531083,62.00818304460347,"tensor([[0.5000]], dtype=torch.float64)",tensor([-255]),['s']
43.0,43.01296131356009,43.71047969671668,43.64026503464938,"tensor([[0.5000]], dtype=torch.float64)",tensor([-255]),['s']
65.0,8.820291005471669,64.48907690001667,64.34160522880319,"tensor([[0.5000]], dtype=torch.float64)",tensor([-255]),['s']
50.0,29.126731570977398,50.50276355376072,50.58025465155661,"tensor([[0.5000]], dtype=torch.float64)",tensor([-255]),['n']
24.0,23.90445424622741,24.143039102238028,23.805084502169592,"tensor([[0.5000]], dtype=torch.float64)",tensor([-255]),['n']
38.0,41.57441958620683,38.2496286079383,37.87386374149706,"tensor([[0.5000]], dtype=torch.float64)",tensor([-255]),['n']
33.0,37.83699454597681,33.17897776131923,29.989416319058993,"tensor([[0.5000]], dtype=torch.float64)",tensor([-255]),['n']
22.0,49.838793252008976,21.946864171569402,21.616650741231773,"tensor([[0.5000]], dtype=torch.float64)",tensor([-255]),['s']
11.0,10.047153457406598,10.774883932902302,10.938700044635846,"tensor([[0.5000]], dtype=torch.float64)",tensor([-255]),['n']
6.0,58.73441537808007,6.099071677135035,5.990524401024918,"tensor([[0.5000]], dtype=torch.float64)",tensor([-255]),['n']
39.0,38.72194510500199,38.84249351421936,38.89636669645639,"tensor([[0.5000]], dtype=torch.float64)",tensor([-255]),['n']
26.0,23.04784779899135,26.171625203743005,26.023111983296307,"tensor([[0.5000]], dtype=torch.float64)",tensor([-255]),['n']
1.0,5.8278752972980445,0.9908302802504088,0.999166604246599,"tensor([[0.5000]], dtype=torch.float64)",tensor([-255]),['n']
66.0,65.14530350704129,64.97902576362084,64.37052046972875,"tensor([[0.5000]], dtype=torch.float64)",tensor([-255]),['n']
12.0,11.833016989521688,11.498887568550103,12.409084001887694,"tensor([[0.5000]], dtype=torch.float64)",tensor([-255]),['n']
56.0,55.10711484824669,55.70946256946855,55.95005636230584,"tensor([[0.5000]], dtype=torch.float64)",tensor([-255]),['s']
56.0,30.236269884256014,55.62620654916762,55.766310094615385,"tensor([[0.5000]], dtype=torch.float64)",tensor([-255]),['n']
2.0,69.99465111617513,2.043099723902432,2.0764974221631824,"tensor([[0.5000]], dtype=torch.float64)",tensor([-255]),['s']
10.0,4.9494100571488335,11.228738641591477,12.580110458940634,"tensor([[0.5000]], dtype=torch.float64)",tensor([-255]),['n']
2.0,7.746934850034231,1.9712272766545142,2.0262062596552957,"tensor([[0.5000]], dtype=torch.float64)",tensor([-255]),['s']
7.0,7.686287735923857,6.949935726704105,7.2257310913138255,"tensor([[0.5000]], dtype=torch.float64)",tensor([-255]),['n']
56.0,28.855621780960593,55.864924594604055,55.87032057057562,"tensor([[0.5000]], dtype=torch.float64)",tensor([-255]),['n']
59.0,59.77893055928956,58.746534390445504,58.48993138664119,"tensor([[0.5000]], dtype=torch.float64)",tensor([-255]),['n']
24.0,23.864710997715523,24.157803148546858,23.812680740745602,"tensor([[0.5000]], dtype=torch.float64)",tensor([-255]),['s']
59.0,56.99919751142853,58.57244418588429,58.083516342515715,"tensor([[0.5000]], dtype=torch.float64)",tensor([-255]),['s']
18.0,19.875167522979957,17.941418974279724,17.98360427585943,"tensor([[0.5000]], dtype=torch.float64)",tensor([-255]),['n']
56.0,56.771165768849585,55.73031286925544,55.53870753151868,"tensor([[0.5000]], dtype=torch.float64)",tensor([-255]),['n']
59.0,59.115609044830485,58.359438503869704,58.13620473653425,"tensor([[0.5000]], dtype=torch.float64)",tensor([-255]),['s']
15.0,9.19570088014113,14.72608496517667,14.940724334821022,"tensor([[0.5000]], dtype=torch.float64)",tensor([-255]),['n']
59.0,57.02160263154808,58.79397574800475,58.12637372431332,"tensor([[0.5000]], dtype=torch.float64)",tensor([-255]),['s']
32.0,32.886148844329824,32.266775489396885,32.315360881446274,"tensor([[0.5000]], dtype=torch.float64)",tensor([-255]),['s']
71.0,50.50998282960617,71.0,0.0,"tensor([[0.5000]], dtype=torch.float64)",tensor([-255]),['n']
62.0,59.72730263172606,61.960184095654036,60.51708591871958,"tensor([[0.5000]], dtype=torch.float64)",tensor([-255]),['n']
30.0,28.102407252163484,30.001042291822028,29.993989290783045,"tensor([[0.5000]], dtype=torch.float64)",tensor([-255]),['n']
2.0,5.936979501564533,2.5990134908198077,2.584060024328286,"tensor([[0.5000]], dtype=torch.float64)",tensor([-255]),['s']
48.0,46.82547212089433,48.65070283012708,49.19600509578118,"tensor([[0.5000]], dtype=torch.float64)",tensor([-255]),['s']
48.0,46.926890503282905,49.351281229343144,49.246499585620136,"tensor([[0.5000]], dtype=torch.float64)",tensor([-255]),['s']
1.0,2.1820684540505626,0.9260987827976481,1.4511785489279576,"tensor([[0.5000]], dtype=torch.float64)",tensor([-255]),['n']
38.0,36.77472222158077,37.73777120554371,38.10309658449287,"tensor([[0.5000]], dtype=torch.float64)",tensor([-255]),['n']
13.0,14.329846854091427,12.865226912912629,13.015705292352992,"tensor([[0.5000]], dtype=torch.float64)",tensor([-255]),['n']
15.0,61.84639415858503,15.055806765596584,15.136089661067103,"tensor([[0.5000]], dtype=torch.float64)",tensor([-255]),['s']
49.0,48.211840984682205,49.526999432220364,49.88916029156846,"tensor([[0.5000]], dtype=torch.float64)",tensor([-255]),['s']
27.0,26.954244692185625,25.89490474065148,25.213623316504755,"tensor([[0.5000]], dtype=torch.float64)",tensor([-255]),['s']
17.0,15.685827220404875,17.044677300961702,17.021578367588262,"tensor([[0.5000]], dtype=torch.float64)",tensor([-255]),['s']
25.0,35.09424389220316,24.90713508417617,24.919390463103603,"tensor([[0.5000]], dtype=torch.float64)",tensor([-255]),['n']
43.0,42.832059194097496,44.422898849271675,43.21007921547036,"tensor([[0.5000]], dtype=torch.float64)",tensor([-255]),['s']
64.0,61.77093338176306,63.46171483308492,63.07182206562049,"tensor([[0.5000]], dtype=torch.float64)",tensor([-255]),['s']
59.0,34.97251085108665,58.801380096660914,57.931778324007304,"tensor([[0.5000]], dtype=torch.float64)",tensor([-255]),['n']
19.0,22.24100815621374,19.00247361624436,18.966834532215405,"tensor([[0.5000]], dtype=torch.float64)",tensor([-255]),['s']
4.0,4.727910549247416,4.094819193991755,4.305892365074654,"tensor([[0.5000]], dtype=torch.float64)",tensor([-255]),['s']
13.0,14.435834290571654,13.323230746969944,13.376670313183546,"tensor([[0.5000]], dtype=torch.float64)",tensor([-255]),['n']
37.0,39.19196284850112,36.95724921284105,36.70138042588103,"tensor([[0.5000]], dtype=torch.float64)",tensor([-255]),['n']
35.0,39.83933601598529,35.1003999620357,35.1111372771264,"tensor([[0.5000]], dtype=torch.float64)",tensor([-255]),['s']
2.0,0.38755600490407816,1.9572662595213637,2.0158803227450814,"tensor([[0.5000]], dtype=torch.float64)",tensor([-255]),['s']
65.0,66.50899854878772,64.74309057431864,64.59113865641145,"tensor([[0.5000]], dtype=torch.float64)",tensor([-255]),['s']
23.0,24.833938039859383,23.075254247219643,23.018947106172195,"tensor([[0.5000]], dtype=torch.float64)",tensor([-255]),['s']
54.0,57.198587028313405,54.1257477811209,53.965325695100695,"tensor([[0.5000]], dtype=torch.float64)",tensor([-255]),['s']
4.0,24.096734491308332,3.749268069343516,4.334452802428711,"tensor([[0.5000]], dtype=torch.float64)",tensor([-255]),['n']
17.0,54.019772334115956,17.022391493570378,17.02335175652615,"tensor([[0.5000]], dtype=torch.float64)",tensor([-255]),['n']
57.0,34.66793576374343,56.24212501462087,56.039020785068516,"tensor([[0.5000]], dtype=torch.float64)",tensor([-255]),['s']
55.0,29.861680516902318,54.904159397265865,54.961585622638324,"tensor([[0.5000]], dtype=torch.float64)",tensor([-255]),['s']
39.0,34.45903195684693,39.691021231674455,39.77716134620355,"tensor([[0.5000]], dtype=torch.float64)",tensor([-255]),['n']
64.0,66.1366384075085,63.43535112137236,62.97391324043029,"tensor([[0.5000]], dtype=torch.float64)",tensor([-255]),['s']
25.0,26.185794741952538,24.821824578656923,24.011706219866074,"tensor([[0.5000]], dtype=torch.float64)",tensor([-255]),['n']
17.0,40.95841320613778,17.102704553123136,17.033740331313798,"tensor([[0.5000]], dtype=torch.float64)",tensor([-255]),['n']
40.0,37.83824912703672,40.550286262916934,40.91673582725122,"tensor([[0.5000]], dtype=torch.float64)",tensor([-255]),['n']
28.0,27.084917960798187,27.974483245159504,27.863116024486644,"tensor([[0.5000]], dtype=torch.float64)",tensor([-255]),['n']
28.0,29.305287642905384,27.943267407633815,27.332967617815896,"tensor([[0.5000]], dtype=torch.float64)",tensor([-255]),['n']
60.0,59.88971760052014,59.449371877443916,59.78327605576682,"tensor([[0.5000]], dtype=torch.float64)",tensor([-255]),['s']
13.0,14.968262361989972,12.947180656482303,13.36529832222249,"tensor([[0.5000]], dtype=torch.float64)",tensor([-255]),['s']
14.0,15.915671463117205,14.85913604256178,14.349958937930685,"tensor([[0.5000]], dtype=torch.float64)",tensor([-255]),['s']
32.0,29.069640690647752,32.28771750546784,32.180894727694785,"tensor([[0.5000]], dtype=torch.float64)",tensor([-255]),['s']
8.0,7.492321071480992,7.522202972489575,7.910186005079043,"tensor([[0.5000]], dtype=torch.float64)",tensor([-255]),['s']
69.0,67.0560349090274,68.83857171434825,68.14799105352121,"tensor([[0.5000]], dtype=torch.float64)",tensor([-255]),['s']
28.0,28.26606156504421,26.950709779655362,27.206714176034584,"tensor([[0.5000]], dtype=torch.float64)",tensor([-255]),['s']
8.0,6.458477489635832,8.015557342145476,9.185385282095176,"tensor([[0.5000]], dtype=torch.float64)",tensor([-255]),['s']
32.0,30.709130158908117,32.27433738919564,32.03547441793903,"tensor([[0.5000]], dtype=torch.float64)",tensor([-255]),['n']
52.0,51.860907566410354,52.08724229182896,52.2760572904293,"tensor([[0.5000]], dtype=torch.float64)",tensor([-255]),['s']
9.0,68.78519107910351,8.937691606439833,9.079996831550119,"tensor([[0.5000]], dtype=torch.float64)",tensor([-255]),['n']
8.0,7.735643255074714,8.001761543197615,7.9489881982710004,"tensor([[0.5000]], dtype=torch.float64)",tensor([-255]),['s']
38.0,36.31322232646686,38.13690550285636,37.26738488669041,"tensor([[0.5000]], dtype=torch.float64)",tensor([-255]),['n']
45.0,42.9959775769619,45.55210586162741,45.49171669595027,"tensor([[0.5000]], dtype=torch.float64)",tensor([-255]),['n']
65.0,62.96198582971621,64.61987065588661,64.71509285342593,"tensor([[0.5000]], dtype=torch.float64)",tensor([-255]),['s']
48.0,49.16512940085781,48.66667487049324,48.87739766106894,"tensor([[0.5000]], dtype=torch.float64)",tensor([-255]),['n']
31.0,29.441566022063366,31.060898052545863,31.095104133178406,"tensor([[0.5000]], dtype=torch.float64)",tensor([-255]),['n']
35.0,36.128682156213586,34.302960868363215,33.59732276138847,"tensor([[0.5000]], dtype=torch.float64)",tensor([-255]),['n']
57.0,56.27875700613373,56.75089599138132,56.778332869338406,"tensor([[0.5000]], dtype=torch.float64)",tensor([-255]),['n']
31.0,32.22924232077572,31.009249668120436,29.492603660600558,"tensor([[0.5000]], dtype=torch.float64)",tensor([-255]),['s']
30.0,27.648769519643626,30.468574961076413,30.46098197429501,"tensor([[0.5000]], dtype=torch.float64)",tensor([-255]),['n']
58.0,60.00494808176098,57.53657803923209,57.69291451803215,"tensor([[0.5000]], dtype=torch.float64)",tensor([-255]),['s']
20.0,37.17086299031524,19.59437726610401,19.42593185796942,"tensor([[0.5000]], dtype=torch.float64)",tensor([-255]),['s']
44.0,45.1842294322673,44.31627529863888,44.41467572305342,"tensor([[0.5000]], dtype=torch.float64)",tensor([-255]),['n']
39.0,38.16610431669691,39.36839339479477,39.27381842500788,"tensor([[0.5000]], dtype=torch.float64)",tensor([-255]),['s']
60.0,67.45348191001,58.04025511077143,58.253606940604875,"tensor([[0.5000]], dtype=torch.float64)",tensor([-255]),['s']
14.0,11.782538682839238,14.16909004121479,14.167514263828329,"tensor([[0.5000]], dtype=torch.float64)",tensor([-255]),['n']
0.0,3.8998185569473103,0.0,0.28914064056665223,"tensor([[0.5000]], dtype=torch.float64)",tensor([-255]),['n']
51.0,52.06953066762358,51.579293936255915,51.352377506551235,"tensor([[0.5000]], dtype=torch.float64)",tensor([-255]),['s']
10.0,10.42095616353088,10.024760072784545,10.24235752453028,"tensor([[0.5000]], dtype=torch.float64)",tensor([-255]),['s']
19.0,18.800616513771416,19.205623764412202,19.092164636332065,"tensor([[0.5000]], dtype=torch.float64)",tensor([-255]),['n']
69.0,70.06342170674357,68.97045313217178,68.3024035743377,"tensor([[0.5000]], dtype=torch.float64)",tensor([-255]),['s']
13.0,13.11961275790943,13.031971946168198,13.15774619573623,"tensor([[0.5000]], dtype=torch.float64)",tensor([-255]),['s']
4.0,7.650433637685255,3.555094922114749,4.005953609711886,"tensor([[0.5000]], dtype=torch.float64)",tensor([-255]),['s']
9.0,11.120932365743132,8.441331128070525,8.891304393784402,"tensor([[0.5000]], dtype=torch.float64)",tensor([-255]),['s']
57.0,60.122867820807315,56.810002268316346,56.935607583834354,"tensor([[0.5000]], dtype=torch.float64)",tensor([-255]),['s']
27.0,30.27637515222247,26.39730374618789,26.819747188812364,"tensor([[0.5000]], dtype=torch.float64)",tensor([-255]),['n']
7.0,7.69633107221502,6.850929673700198,7.891634072561999,"tensor([[0.5000]], dtype=torch.float64)",tensor([-255]),['n']
52.0,48.64553563810395,52.4296902277322,52.26683071416043,"tensor([[0.5000]], dtype=torch.float64)",tensor([-255]),['n']
52.0,37.46806000881746,52.57648084268356,52.220594210731896,"tensor([[0.5000]], dtype=torch.float64)",tensor([-255]),['s']
32.0,31.5671963658945,30.43586362491201,30.656654362968613,"tensor([[0.5000]], dtype=torch.float64)",tensor([-255]),['s']
21.0,20.127305817372793,20.577957287182883,20.79365487323066,"tensor([[0.5000]], dtype=torch.float64)",tensor([-255]),['s']
57.0,28.439862060450626,56.866437882032905,56.76780220608764,"tensor([[0.5000]], dtype=torch.float64)",tensor([-255]),['s']
46.0,42.61011636199658,46.923164643181074,46.669559164305134,"tensor([[0.5000]], dtype=torch.float64)",tensor([-255]),['s']
12.0,12.133842887946244,11.503862259644423,12.17898504099806,"tensor([[0.5000]], dtype=torch.float64)",tensor([-255]),['n']
13.0,11.612665861152134,13.026348612036307,13.23465723356386,"tensor([[0.5000]], dtype=torch.float64)",tensor([-255]),['n']
24.0,26.0248485187734,23.878857821696844,23.69747109900434,"tensor([[0.5000]], dtype=torch.float64)",tensor([-255]),['s']
64.0,33.886606762392844,63.28703366603929,63.299190312820876,"tensor([[0.5000]], dtype=torch.float64)",tensor([-255]),['n']
22.0,22.26308375746509,22.10400240666118,21.932648256331287,"tensor([[0.5000]], dtype=torch.float64)",tensor([-255]),['n']
35.0,31.74256696581296,35.046052685792894,35.21336695035948,"tensor([[0.5000]], dtype=torch.float64)",tensor([-255]),['n']
64.0,65.07917965975868,60.31013775026186,62.96292528608799,"tensor([[0.5000]], dtype=torch.float64)",tensor([-255]),['s']
0.0,0.27938224359601366,13.059080372690325,0.24872212687752904,"tensor([[0.5000]], dtype=torch.float64)",tensor([-255]),['s']
3.0,5.073495165612147,3.2403370627800903,3.6393041647872675,"tensor([[0.5000]], dtype=torch.float64)",tensor([-255]),['n']
55.0,58.16527910625096,54.82001072605841,54.9263598849596,"tensor([[0.5000]], dtype=torch.float64)",tensor([-255]),['n']
54.0,59.31037692681156,53.94483067653219,54.053618471852445,"tensor([[0.5000]], dtype=torch.float64)",tensor([-255]),['s']
9.0,5.9538339764745505,8.99856569529301,9.156714100007308,"tensor([[0.5000]], dtype=torch.float64)",tensor([-255]),['s']
20.0,20.03910750082073,19.664241393619818,19.664883569489017,"tensor([[0.5000]], dtype=torch.float64)",tensor([-255]),['s']
70.0,69.77073824811896,69.42666437656207,69.2174792339138,"tensor([[0.5000]], dtype=torch.float64)",tensor([-255]),['s']
41.0,40.34739852645109,41.9845015845178,42.68154792969664,"tensor([[0.5000]], dtype=torch.float64)",tensor([-255]),['s']
9.0,9.99416396405502,8.659196756609393,8.761384175260815,"tensor([[0.5000]], dtype=torch.float64)",tensor([-255]),['n']
1.0,6.501061664427488,0.7204551454504872,0.49264820990830116,"tensor([[0.5000]], dtype=torch.float64)",tensor([-255]),['s']
69.0,2.026616084568521,68.85485576461379,68.15209631817334,"tensor([[0.5000]], dtype=torch.float64)",tensor([-255]),['n']
55.0,54.47048690948921,54.54273446050518,54.879732234262654,"tensor([[0.5000]], dtype=torch.float64)",tensor([-255]),['s']
5.0,7.369319997243654,4.837572907641978,4.863313699827356,"tensor([[0.5000]], dtype=torch.float64)",tensor([-255]),['n']
40.0,36.49949037312033,39.93389101657158,39.85353795866407,"tensor([[0.5000]], dtype=torch.float64)",tensor([-255]),['n']
47.0,48.15136176669513,47.448213835718036,47.61000947735758,"tensor([[0.5000]], dtype=torch.float64)",tensor([-255]),['s']
45.0,44.48066440517322,45.6318844048404,46.68944547349961,"tensor([[0.5000]], dtype=torch.float64)",tensor([-255]),['s']
14.0,62.19565801232654,13.408607312234164,13.500876766439513,"tensor([[0.5000]], dtype=torch.float64)",tensor([-255]),['n']
42.0,29.985857481787697,42.65624758988965,42.907743683631956,"tensor([[0.5000]], dtype=torch.float64)",tensor([-255]),['n']
9.0,8.028488166829046,8.87523757775552,8.872325385924906,"tensor([[0.5000]], dtype=torch.float64)",tensor([-255]),['s']
0.0,60.529953247201306,0.33104431054857686,0.4722440521602553,"tensor([[0.5000]], dtype=torch.float64)",tensor([-255]),['s']
33.0,46.945264999892686,24.30670868880735,32.810179826690764,"tensor([[0.5000]], dtype=torch.float64)",tensor([-255]),['s']
67.0,67.03660009704947,66.2951165975147,66.36297611667425,"tensor([[0.5000]], dtype=torch.float64)",tensor([-255]),['s']
4.0,4.492258011509453,3.9992813982091144,4.064121604833635,"tensor([[0.5000]], dtype=torch.float64)",tensor([-255]),['n']
60.0,60.34242197618699,59.63802072974203,58.938748022017954,"tensor([[0.5000]], dtype=torch.float64)",tensor([-255]),['s']
47.0,45.95172562905354,47.17604192153621,47.935778078550705,"tensor([[0.5000]], dtype=torch.float64)",tensor([-255]),['n']
29.0,26.560843122225787,29.38689059459716,28.999871695559932,"tensor([[0.5000]], dtype=torch.float64)",tensor([-255]),['n']
31.0,28.048159641403878,28.107757693943853,29.740192276351753,"tensor([[0.5000]], dtype=torch.float64)",tensor([-255]),['s']
12.0,7.988149796055575,11.853306142306234,12.17448843885608,"tensor([[0.5000]], dtype=torch.float64)",tensor([-255]),['n']
15.0,15.072729642514387,14.203446790550382,14.688917095771888,"tensor([[0.5000]], dtype=torch.float64)",tensor([-255]),['s']
7.0,45.843539271869915,7.541371698813409,7.703131219420355,"tensor([[0.5000]], dtype=torch.float64)",tensor([-255]),['n']
9.0,8.184196136310884,8.698035220906,8.870762241521188,"tensor([[0.5000]], dtype=torch.float64)",tensor([-255]),['s']
11.0,11.965619350671284,11.089844657253309,11.711314034305973,"tensor([[0.5000]], dtype=torch.float64)",tensor([-255]),['s']
51.0,49.48747198672104,51.47601566915664,51.70971376429919,"tensor([[0.5000]], dtype=torch.float64)",tensor([-255]),['s']
11.0,57.094131565463364,11.19188778756379,11.2151655326139,"tensor([[0.5000]], dtype=torch.float64)",tensor([-255]),['s']
63.0,63.39709909013777,62.356918463367656,61.929553692371144,"tensor([[0.5000]], dtype=torch.float64)",tensor([-255]),['s']
32.0,32.09991313544752,32.04544626628234,31.842728837709103,"tensor([[0.5000]], dtype=torch.float64)",tensor([-255]),['n']
11.0,11.55282955804078,10.93465619529904,11.826919012370434,"tensor([[0.5000]], dtype=torch.float64)",tensor([-255]),['s']
4.0,2.5755316758623916,4.180161733836312,4.193825640371711,"tensor([[0.5000]], dtype=torch.float64)",tensor([-255]),['n']
29.0,28.177233694744515,28.80684031322831,28.559452629337734,"tensor([[0.5000]], dtype=torch.float64)",tensor([-255]),['n']
35.0,35.147822316998365,35.22101907916438,34.438160370076204,"tensor([[0.5000]], dtype=torch.float64)",tensor([-255]),['s']
7.0,4.977412799295588,6.9123465084871665,8.620539529208221,"tensor([[0.5000]], dtype=torch.float64)",tensor([-255]),['n']
20.0,52.700025034418324,19.44110800688083,19.714376393741244,"tensor([[0.5000]], dtype=torch.float64)",tensor([-255]),['s']
12.0,14.899646894816428,12.023740847545325,12.316606043197721,"tensor([[0.5000]], dtype=torch.float64)",tensor([-255]),['n']
33.0,37.26064915200376,33.22951615750225,33.65570523153143,"tensor([[0.5000]], dtype=torch.float64)",tensor([-255]),['s']
33.0,31.87497964428399,32.997356621387944,32.443680567519834,"tensor([[0.5000]], dtype=torch.float64)",tensor([-255]),['n']
4.0,3.51608887300147,4.038560440607863,4.045730751897469,"tensor([[0.5000]], dtype=torch.float64)",tensor([-255]),['n']
3.0,10.542374234825942,3.0509926335759334,3.0825814340426354,"tensor([[0.5000]], dtype=torch.float64)",tensor([-255]),['n']
40.0,42.10339868082826,40.1600009145763,40.28216084900155,"tensor([[0.5000]], dtype=torch.float64)",tensor([-255]),['n']
49.0,47.80057906694342,49.75964628055752,49.82950076199896,"tensor([[0.5000]], dtype=torch.float64)",tensor([-255]),['s']
68.0,65.17157969459998,67.66956492618158,67.5866519793866,"tensor([[0.5000]], dtype=torch.float64)",tensor([-255]),['s']
37.0,31.608542257206675,37.02178485835495,36.963383366592126,"tensor([[0.5000]], dtype=torch.float64)",tensor([-255]),['s']
50.0,49.87287538655819,50.23014484843354,50.40377998809206,"tensor([[0.5000]], dtype=torch.float64)",tensor([-255]),['n']
34.0,38.458245640011256,33.94447492313694,33.85226134912678,"tensor([[0.5000]], dtype=torch.float64)",tensor([-255]),['s']
4.0,4.763630202690765,3.866429714352781,5.3180031272443795,"tensor([[0.5000]], dtype=torch.float64)",tensor([-255]),['n']
28.0,29.296943859403736,28.006382596748583,27.994665417997723,"tensor([[0.5000]], dtype=torch.float64)",tensor([-255]),['s']
6.0,4.7843219625686855,6.417727193926981,8.865370951905758,"tensor([[0.5000]], dtype=torch.float64)",tensor([-255]),['s']
15.0,42.466364350758,14.797867298189116,15.052947551987668,"tensor([[0.5000]], dtype=torch.float64)",tensor([-255]),['s']
14.0,48.588859372918066,14.207920767990753,14.176211845214874,"tensor([[0.5000]], dtype=torch.float64)",tensor([-255]),['n']
2.0,2.732640723149953,1.856308844770305,1.9526063519541208,"tensor([[0.5000]], dtype=torch.float64)",tensor([-255]),['s']
26.0,23.758160723475285,25.748606726741297,25.090758265867578,"tensor([[0.5000]], dtype=torch.float64)",tensor([-255]),['s']
29.0,36.601967016802064,29.282259087937135,28.938551188454422,"tensor([[0.5000]], dtype=torch.float64)",tensor([-255]),['s']
49.0,28.4884784921924,49.6530385110035,49.67112752050459,"tensor([[0.5000]], dtype=torch.float64)",tensor([-255]),['s']
35.0,32.099186735094975,35.0678880471791,35.00289708567834,"tensor([[0.5000]], dtype=torch.float64)",tensor([-255]),['n']
60.0,60.998830011224754,59.769510007379665,59.8522216051694,"tensor([[0.5000]], dtype=torch.float64)",tensor([-255]),['s']
27.0,27.28437283935228,27.289236972354622,26.8598910691864,"tensor([[0.5000]], dtype=torch.float64)",tensor([-255]),['n']
2.0,2.0188683289400915,1.8216925731354774,2.5629197763669556,"tensor([[0.5000]], dtype=torch.float64)",tensor([-255]),['s']
29.0,27.68654029771124,28.40212597772542,28.75383789915626,"tensor([[0.5000]], dtype=torch.float64)",tensor([-255]),['s']
37.0,42.023685983075595,37.36170541384526,36.82423137596877,"tensor([[0.5000]], dtype=torch.float64)",tensor([-255]),['n']
63.0,63.948744797628024,62.48164582212369,61.64171997595203,"tensor([[0.5000]], dtype=torch.float64)",tensor([-255]),['s']
18.0,20.27257522870432,18.07062404704541,18.04611548013057,"tensor([[0.5000]], dtype=torch.float64)",tensor([-255]),['n']
19.0,66.85614125540755,19.2735698027367,19.096496655865725,"tensor([[0.5000]], dtype=torch.float64)",tensor([-255]),['n']
9.0,6.947218239389427,9.494773808028222,9.221181202846148,"tensor([[0.5000]], dtype=torch.float64)",tensor([-255]),['s']
4.0,4.779851249793861,3.782185226726756,3.8284196287087093,"tensor([[0.5000]], dtype=torch.float64)",tensor([-255]),['n']
61.0,60.17874631607937,60.78509058424274,60.28998326061642,"tensor([[0.5000]], dtype=torch.float64)",tensor([-255]),['s']
66.0,67.06587445269905,66.08390428860871,65.1337744697333,"tensor([[0.5000]], dtype=torch.float64)",tensor([-255]),['s']
33.0,35.549466235469666,32.75172583590203,27.28680900450496,"tensor([[0.5000]], dtype=torch.float64)",tensor([-255]),['s']
52.0,51.42910788137074,52.36260318224018,52.19625855419387,"tensor([[0.5000]], dtype=torch.float64)",tensor([-255]),['s']
60.0,58.90258391273502,59.344270345767754,59.02499970358634,"tensor([[0.5000]], dtype=torch.float64)",tensor([-255]),['s']
57.0,56.06401893300706,56.11586169373752,56.851325279796846,"tensor([[0.5000]], dtype=torch.float64)",tensor([-255]),['s']
2.0,4.9407386345212,1.7877488122509764,2.013323527970157,"tensor([[0.5000]], dtype=torch.float64)",tensor([-255]),['s']
20.0,34.84537551193261,19.773179853789113,19.76748478618951,"tensor([[0.5000]], dtype=torch.float64)",tensor([-255]),['s']
25.0,24.019232477615805,25.401568350918595,25.353223385806903,"tensor([[0.5000]], dtype=torch.float64)",tensor([-255]),['n']
62.0,63.25755707774627,61.111696897101275,61.01047992828577,"tensor([[0.5000]], dtype=torch.float64)",tensor([-255]),['n']
47.0,33.83430659865612,47.67874035610516,47.80205667654564,"tensor([[0.5000]], dtype=torch.float64)",tensor([-255]),['s']
17.0,16.973072240445845,17.038337700559534,16.9935435755261,"tensor([[0.5000]], dtype=torch.float64)",tensor([-255]),['s']
26.0,26.254017516104575,26.180847724700367,25.998448244043637,"tensor([[0.5000]], dtype=torch.float64)",tensor([-255]),['n']
20.0,20.114031642991556,19.656418682278318,19.796337748266463,"tensor([[0.5000]], dtype=torch.float64)",tensor([-255]),['n']
39.0,39.777093837108566,39.171097063440016,39.77975439848128,"tensor([[0.5000]], dtype=torch.float64)",tensor([-255]),['n']
54.0,55.98843194154182,53.97548238355429,53.99619084953987,"tensor([[0.5000]], dtype=torch.float64)",tensor([-255]),['n']
11.0,10.237396419267881,11.069408382969346,11.429328125342964,"tensor([[0.5000]], dtype=torch.float64)",tensor([-255]),['s']
36.0,36.037867320715364,36.26706351459348,35.90977976990051,"tensor([[0.5000]], dtype=torch.float64)",tensor([-255]),['n']
63.0,63.642111321635696,61.976902720796026,61.58521639496799,"tensor([[0.5000]], dtype=torch.float64)",tensor([-255]),['n']
39.0,41.30741988292587,39.35165905827907,39.912902918263306,"tensor([[0.5000]], dtype=torch.float64)",tensor([-255]),['n']
59.0,59.080698788422794,58.7140956291616,58.30666697617365,"tensor([[0.5000]], dtype=torch.float64)",tensor([-255]),['s']
64.0,66.91791697459041,63.35598146753047,63.07614689857498,"tensor([[0.5000]], dtype=torch.float64)",tensor([-255]),['s']
50.0,49.0657411540341,50.24400842536966,50.17724374764177,"tensor([[0.5000]], dtype=torch.float64)",tensor([-255]),['s']
15.0,14.295615522860661,15.225359422602093,15.104274889150314,"tensor([[0.5000]], dtype=torch.float64)",tensor([-255]),['n']
54.0,18.908234053586902,54.1233817776489,54.034928670834276,"tensor([[0.5000]], dtype=torch.float64)",tensor([-255]),['n']
42.0,43.77465273172898,42.402760033246466,43.21306394794888,"tensor([[0.5000]], dtype=torch.float64)",tensor([-255]),['n']
48.0,44.98508207803967,49.11797539799371,48.58507026464238,"tensor([[0.5000]], dtype=torch.float64)",tensor([-255]),['n']
25.0,25.43320471022369,24.777537116455868,24.91351741702596,"tensor([[0.5000]], dtype=torch.float64)",tensor([-255]),['n']
9.0,11.696791763272447,8.011458915808209,8.30590468969345,"tensor([[0.5000]], dtype=torch.float64)",tensor([-255]),['s']
57.0,35.3479576196017,56.24531785942019,56.11419828875025,"tensor([[0.5000]], dtype=torch.float64)",tensor([-255]),['s']
2.0,68.76382805876099,2.0308927873656324,2.053263501872311,"tensor([[0.5000]], dtype=torch.float64)",tensor([-255]),['n']
21.0,20.245360277086647,21.006999113060292,21.06141655426338,"tensor([[0.5000]], dtype=torch.float64)",tensor([-255]),['s']
36.0,42.48381656260726,36.88554168217335,36.81886087559736,"tensor([[0.5000]], dtype=torch.float64)",tensor([-255]),['s']
6.0,4.875617376981378,6.014443746353107,6.097981545668967,"tensor([[0.5000]], dtype=torch.float64)",tensor([-255]),['n']
17.0,16.389911284529745,17.121901817517923,17.147589253846533,"tensor([[0.5000]], dtype=torch.float64)",tensor([-255]),['n']
36.0,26.980247444697056,35.986072988116256,36.490588100681634,"tensor([[0.5000]], dtype=torch.float64)",tensor([-255]),['n']
11.0,51.81754981790081,11.405958497030229,11.234493088647831,"tensor([[0.5000]], dtype=torch.float64)",tensor([-255]),['n']
65.0,66.37032841933683,64.63727829330438,64.31857736934467,"tensor([[0.5000]], dtype=torch.float64)",tensor([-255]),['n']
22.0,46.58801832289238,22.187839647735622,22.08631249163524,"tensor([[0.5000]], dtype=torch.float64)",tensor([-255]),['n']
38.0,38.40074456661584,38.25097655281964,38.64516541438111,"tensor([[0.5000]], dtype=torch.float64)",tensor([-255]),['n']
64.0,63.71404961489316,62.78771036607995,62.138292467949825,"tensor([[0.5000]], dtype=torch.float64)",tensor([-255]),['s']
37.0,42.53596875945786,36.98736928626364,36.9155189064749,"tensor([[0.5000]], dtype=torch.float64)",tensor([-255]),['n']
48.0,50.02841617940187,48.30625140706409,48.54896791612607,"tensor([[0.5000]], dtype=torch.float64)",tensor([-255]),['s']
3.0,1.92964590666845,2.8048057123192653,3.6635402441235407,"tensor([[0.5000]], dtype=torch.float64)",tensor([-255]),['s']
66.0,62.975490525206915,64.97352846181005,65.16975646902387,"tensor([[0.5000]], dtype=torch.float64)",tensor([-255]),['s']
28.0,30.183561214313116,28.0239187047471,27.988833534612795,"tensor([[0.5000]], dtype=torch.float64)",tensor([-255]),['s']
46.0,45.18075154071652,46.439519644264095,46.446567915452434,"tensor([[0.5000]], dtype=torch.float64)",tensor([-255]),['s']
67.0,62.642717791832624,66.45768778262202,66.00196414300758,"tensor([[0.5000]], dtype=torch.float64)",tensor([-255]),['n']
34.0,39.076652920772844,34.25852422698811,34.105488110968366,"tensor([[0.5000]], dtype=torch.float64)",tensor([-255]),['n']
45.0,24.55765352717126,48.31537309939717,45.86074339157612,"tensor([[0.5000]], dtype=torch.float64)",tensor([-255]),['s']
8.0,6.569330717938493,8.658625062203328,8.80651759808252,"tensor([[0.5000]], dtype=torch.float64)",tensor([-255]),['s']
8.0,4.33713187800692,7.748986178964509,8.05519279203384,"tensor([[0.5000]], dtype=torch.float64)",tensor([-255]),['n']
3.0,6.096094675825307,3.1498250731843904,3.2889826001076052,"tensor([[0.5000]], dtype=torch.float64)",tensor([-255]),['s']
37.0,36.95061394765162,36.849069468531454,36.864302394052544,"tensor([[0.5000]], dtype=torch.float64)",tensor([-255]),['s']
16.0,11.858609984123628,15.39100202313308,63.886439185581175,"tensor([[0.5000]], dtype=torch.float64)",tensor([-255]),['n']
58.0,35.02498020189181,57.5481468800048,57.105173435766034,"tensor([[0.5000]], dtype=torch.float64)",tensor([-255]),['s']
63.0,66.1694713920941,61.83075894490994,61.44056358900552,"tensor([[0.5000]], dtype=torch.float64)",tensor([-255]),['n']
8.0,7.38147923297676,9.640290509851093,10.695337804566545,"tensor([[0.5000]], dtype=torch.float64)",tensor([-255]),['n']
1.0,59.89337573209626,0.906017653579392,1.0237653447866213,"tensor([[0.5000]], dtype=torch.float64)",tensor([-255]),['s']
6.0,2.1556548738636767,6.070088418449188,6.454741924675648,"tensor([[0.5000]], dtype=torch.float64)",tensor([-255]),['n']
36.0,39.5107438445185,36.35173261448886,36.43898737643958,"tensor([[0.5000]], dtype=torch.float64)",tensor([-255]),['n']
4.0,4.389235238555001,3.7735788925469427,3.9937147534533746,"tensor([[0.5000]], dtype=torch.float64)",tensor([-255]),['n']
61.0,60.992321656333004,60.11575549456966,59.97182112138868,"tensor([[0.5000]], dtype=torch.float64)",tensor([-255]),['n']
45.0,45.92449333190176,46.44425721629645,45.923127136557675,"tensor([[0.5000]], dtype=torch.float64)",tensor([-255]),['n']
60.0,59.83543055577795,59.38615243107667,59.05712956466433,"tensor([[0.5000]], dtype=torch.float64)",tensor([-255]),['s']
39.0,35.98079252373434,38.81765030436177,38.88461459664864,"tensor([[0.5000]], dtype=torch.float64)",tensor([-255]),['s']
23.0,58.407135486262554,22.88577939341621,22.932650629463318,"tensor([[0.5000]], dtype=torch.float64)",tensor([-255]),['s']
62.0,59.89924349122775,61.26956455759504,61.13172728095553,"tensor([[0.5000]], dtype=torch.float64)",tensor([-255]),['n']
10.0,10.396024491392806,10.104315563265743,10.107189429302448,"tensor([[0.5000]], dtype=torch.float64)",tensor([-255]),['s']
37.0,46.95693410090025,37.338938022412876,37.1430188855981,"tensor([[0.5000]], dtype=torch.float64)",tensor([-255]),['n']
25.0,24.025615583868387,25.02786027061954,24.709987677665858,"tensor([[0.5000]], dtype=torch.float64)",tensor([-255]),['n']
19.0,17.15498882517561,18.87104381430883,18.892187676732156,"tensor([[0.5000]], dtype=torch.float64)",tensor([-255]),['s']
12.0,12.32686049121877,13.207202900779775,12.761670241884039,"tensor([[0.5000]], dtype=torch.float64)",tensor([-255]),['s']
51.0,31.505949948804446,51.46918613732588,51.71235563714767,"tensor([[0.5000]], dtype=torch.float64)",tensor([-255]),['s']
16.0,15.712047371487884,16.289545570587894,16.325797682802722,"tensor([[0.5000]], dtype=torch.float64)",tensor([-255]),['s']
45.0,46.823304032606366,45.80229056085877,45.82811971905806,"tensor([[0.5000]], dtype=torch.float64)",tensor([-255]),['n']
68.0,70.40735792746989,67.71089885501716,67.77420839840543,"tensor([[0.5000]], dtype=torch.float64)",tensor([-255]),['s']
70.0,0.7939968742423673,69.62291281776547,69.17042619405512,"tensor([[0.5000]], dtype=torch.float64)",tensor([-255]),['s']
38.0,41.51728298791032,37.92223101533977,37.89098881980999,"tensor([[0.5000]], dtype=torch.float64)",tensor([-255]),['n']
28.0,34.11915238230416,28.134485330090552,28.01637932545878,"tensor([[0.5000]], dtype=torch.float64)",tensor([-255]),['s']
70.0,0.0,69.65369031833546,69.72962720068647,"tensor([[0.5000]], dtype=torch.float64)",tensor([-255]),['s']
3.0,4.544235580695133,3.1257920502957113,3.3726891998931587,"tensor([[0.5000]], dtype=torch.float64)",tensor([-255]),['n']
10.0,7.689333154523755,10.71034669281807,10.217928911637264,"tensor([[0.5000]], dtype=torch.float64)",tensor([-255]),['s']
15.0,16.77107393286802,15.041880923256732,15.014768711426015,"tensor([[0.5000]], dtype=torch.float64)",tensor([-255]),['n']
17.0,56.27440845809758,16.87355020618775,16.917311649902366,"tensor([[0.5000]], dtype=torch.float64)",tensor([-255]),['s']
63.0,60.462439007896776,62.02600526965754,62.11677043869208,"tensor([[0.5000]], dtype=torch.float64)",tensor([-255]),['s']
37.0,33.06599439821374,36.71789529199948,34.14354963809484,"tensor([[0.5000]], dtype=torch.float64)",tensor([-255]),['n']
56.0,58.99500040661768,55.390566165464094,55.81797519074838,"tensor([[0.5000]], dtype=torch.float64)",tensor([-255]),['s']
4.0,9.577878742609318,3.510963008789342,3.8685511475486267,"tensor([[0.5000]], dtype=torch.float64)",tensor([-255]),['n']
38.0,42.26597124010782,38.71268465512945,38.17453238621286,"tensor([[0.5000]], dtype=torch.float64)",tensor([-255]),['s']
51.0,31.773056013805927,51.24892683234801,51.51506218647952,"tensor([[0.5000]], dtype=torch.float64)",tensor([-255]),['n']
13.0,12.375392385827915,12.045150021040731,12.067473245132403,"tensor([[0.5000]], dtype=torch.float64)",tensor([-255]),['s']
32.0,31.78145866826557,32.40719495269001,32.6910284043044,"tensor([[0.5000]], dtype=torch.float64)",tensor([-255]),['n']
43.0,45.6115110990569,43.66301932317276,43.75365348681577,"tensor([[0.5000]], dtype=torch.float64)",tensor([-255]),['n']
13.0,11.926875923043752,57.841080109351964,13.151949901880785,"tensor([[0.5000]], dtype=torch.float64)",tensor([-255]),['s']
36.0,41.821242754446786,35.9281211419462,35.73270044638641,"tensor([[0.5000]], dtype=torch.float64)",tensor([-255]),['n']
29.0,35.91449815861942,29.1403007624807,29.015921143084196,"tensor([[0.5000]], dtype=torch.float64)",tensor([-255]),['n']
17.0,16.499575657661318,17.064715207741653,16.98675665794601,"tensor([[0.5000]], dtype=torch.float64)",tensor([-255]),['s']
6.0,7.312747915220611,6.616050955027076,6.081706720027442,"tensor([[0.5000]], dtype=torch.float64)",tensor([-255]),['s']
2.0,63.01222470424783,11.788374034462256,2.902365389475112,"tensor([[0.5000]], dtype=torch.float64)",tensor([-255]),['s']
52.0,53.99150857932429,52.46420913371768,52.24934567361755,"tensor([[0.5000]], dtype=torch.float64)",tensor([-255]),['s']
23.0,33.717306849009944,23.16598867939604,23.069205332477495,"tensor([[0.5000]], dtype=torch.float64)",tensor([-255]),['s']
45.0,44.444504353346574,45.51595245299714,45.683602141366656,"tensor([[0.5000]], dtype=torch.float64)",tensor([-255]),['n']
49.0,47.20674221638627,49.58038067446474,49.72518873577602,"tensor([[0.5000]], dtype=torch.float64)",tensor([-255]),['n']
28.0,30.984623787898407,27.904223409901604,27.772924134644477,"tensor([[0.5000]], dtype=torch.float64)",tensor([-255]),['n']
50.0,47.468935488954955,50.675087596012915,50.86197080389578,"tensor([[0.5000]], dtype=torch.float64)",tensor([-255]),['s']
47.0,47.77055919670488,47.69509258623167,48.0375555026936,"tensor([[0.5000]], dtype=torch.float64)",tensor([-255]),['s']
43.0,42.53221084153783,43.410705924962194,43.40853170468566,"tensor([[0.5000]], dtype=torch.float64)",tensor([-255]),['n']
57.0,56.127464994378194,57.00052191289552,56.9417227045202,"tensor([[0.5000]], dtype=torch.float64)",tensor([-255]),['s']
14.0,9.711645629845467,13.559654109746575,14.073278010005508,"tensor([[0.5000]], dtype=torch.float64)",tensor([-255]),['s']
48.0,44.81348034055238,48.98110679264088,49.02007842721201,"tensor([[0.5000]], dtype=torch.float64)",tensor([-255]),['n']
22.0,23.080924532716537,22.422996979733796,22.258672235691858,"tensor([[0.5000]], dtype=torch.float64)",tensor([-255]),['s']
53.0,19.30373635840578,53.09847001750874,53.04963354042819,"tensor([[0.5000]], dtype=torch.float64)",tensor([-255]),['s']
48.0,45.75798653591352,49.09845564294121,49.06335596528779,"tensor([[0.5000]], dtype=torch.float64)",tensor([-255]),['s']
27.0,25.0740321212844,27.045744912399023,26.52887843525449,"tensor([[0.5000]], dtype=torch.float64)",tensor([-255]),['n']
51.0,50.847244105461826,51.00109057280934,51.464168821114264,"tensor([[0.5000]], dtype=torch.float64)",tensor([-255]),['s']
50.0,49.71112776124596,50.55429664367095,50.78142341323302,"tensor([[0.5000]], dtype=torch.float64)",tensor([-255]),['n']
27.0,25.584755838287307,27.13464049335298,26.87817029282193,"tensor([[0.5000]], dtype=torch.float64)",tensor([-255]),['n']
57.0,29.18739558770161,56.31145107002813,56.40525501415577,"tensor([[0.5000]], dtype=torch.float64)",tensor([-255]),['s']
37.0,31.595941565588653,37.235374639681375,37.174326354743535,"tensor([[0.5000]], dtype=torch.float64)",tensor([-255]),['s']
62.0,63.15096280968153,61.076515237903706,59.606809573200316,"tensor([[0.5000]], dtype=torch.float64)",tensor([-255]),['n']
0.0,68.74431783340017,0.0,0.14170671584195946,"tensor([[0.5000]], dtype=torch.float64)",tensor([-255]),['s']
37.0,36.4547173954481,37.6019599961178,37.469312256403995,"tensor([[0.5000]], dtype=torch.float64)",tensor([-255]),['s']
54.0,27.98413401297725,53.976537982266564,53.947610407797896,"tensor([[0.5000]], dtype=torch.float64)",tensor([-255]),['n']
41.0,37.66509577484085,41.10478828889742,42.27860521224102,"tensor([[0.5000]], dtype=torch.float64)",tensor([-255]),['n']
26.0,27.197279012503266,26.304452753627725,25.901273394055146,"tensor([[0.5000]], dtype=torch.float64)",tensor([-255]),['n']
68.0,1.020281014679757,68.10680328762491,67.76744974753876,"tensor([[0.5000]], dtype=torch.float64)",tensor([-255]),['s']
32.0,33.1396492743861,32.453856951599285,32.46606455230405,"tensor([[0.5000]], dtype=torch.float64)",tensor([-255]),['s']
71.0,69.69122421999651,70.68204277114157,70.75286638926714,"tensor([[0.5000]], dtype=torch.float64)",tensor([-255]),['s']
44.0,45.70487031027465,44.44485561486476,44.459416580354194,"tensor([[0.5000]], dtype=torch.float64)",tensor([-255]),['n']
0.0,64.36216138387881,0.11983284080010458,0.06789289398261056,"tensor([[0.5000]], dtype=torch.float64)",tensor([-255]),['n']
29.0,28.0485296301019,29.3405277052654,29.68916641214273,"tensor([[0.5000]], dtype=torch.float64)",tensor([-255]),['s']
62.0,61.941519274554295,61.14032333794488,60.88418239512887,"tensor([[0.5000]], dtype=torch.float64)",tensor([-255]),['n']
13.0,11.692543034291944,12.828373362007191,12.725239030568215,"tensor([[0.5000]], dtype=torch.float64)",tensor([-255]),['s']
13.0,67.1771550584542,12.474821513972385,12.218451166863531,"tensor([[0.5000]], dtype=torch.float64)",tensor([-255]),['n']
34.0,34.250484211850576,33.86194465796442,33.892714184481406,"tensor([[0.5000]], dtype=torch.float64)",tensor([-255]),['n']
48.0,47.02247350519718,48.18209866349887,48.17838998243962,"tensor([[0.5000]], dtype=torch.float64)",tensor([-255]),['n']
11.0,12.878753414039734,10.986550175074678,11.075029542556894,"tensor([[0.5000]], dtype=torch.float64)",tensor([-255]),['n']
42.0,42.97389884505493,42.54114195920345,42.68364040488756,"tensor([[0.5000]], dtype=torch.float64)",tensor([-255]),['s']
47.0,47.85032048378926,47.66967925184204,48.01052071361495,"tensor([[0.5000]], dtype=torch.float64)",tensor([-255]),['n']
40.0,39.883004035289815,40.093773364747214,40.09103390392358,"tensor([[0.5000]], dtype=torch.float64)",tensor([-255]),['s']
25.0,39.75083300114177,24.869405266520292,24.950888839403532,"tensor([[0.5000]], dtype=torch.float64)",tensor([-255]),['s']
57.0,58.10414052971032,56.72808371028568,56.74322847518029,"tensor([[0.5000]], dtype=torch.float64)",tensor([-255]),['s']
19.0,16.37566780241263,19.16985075018893,18.9960257171195,"tensor([[0.5000]], dtype=torch.float64)",tensor([-255]),['s']
66.0,63.6751514772171,65.69068750992592,65.19563366570247,"tensor([[0.5000]], dtype=torch.float64)",tensor([-255]),['s']
68.0,64.20951971306184,68.1333842132981,68.17210974117314,"tensor([[0.5000]], dtype=torch.float64)",tensor([-255]),['n']
3.0,5.209267273475733,2.7890511584337068,2.998628940441686,"tensor([[0.5000]], dtype=torch.float64)",tensor([-255]),['n']
19.0,17.236246435112395,19.178738374227905,19.07551963285286,"tensor([[0.5000]], dtype=torch.float64)",tensor([-255]),['s']
66.0,23.54904745071473,65.67669020378072,62.30742392821275,"tensor([[0.5000]], dtype=torch.float64)",tensor([-255]),['n']
7.0,5.9913287079121815,7.374367198941902,7.225819673238661,"tensor([[0.5000]], dtype=torch.float64)",tensor([-255]),['s']
24.0,23.986246590525774,24.091215399295635,24.059950766483293,"tensor([[0.5000]], dtype=torch.float64)",tensor([-255]),['n']
43.0,43.94667898862201,44.81233228201998,42.93363760278086,"tensor([[0.5000]], dtype=torch.float64)",tensor([-255]),['s']
0.0,63.91620325944871,0.19761693563596566,0.6858369980461656,"tensor([[0.5000]], dtype=torch.float64)",tensor([-255]),['n']
15.0,15.390361006394237,14.831672486504578,14.937345243373692,"tensor([[0.5000]], dtype=torch.float64)",tensor([-255]),['n']
59.0,56.9111976664321,58.745098663101686,58.21562673718816,"tensor([[0.5000]], dtype=torch.float64)",tensor([-255]),['n']
47.0,10.650249450481638,47.7475771207244,47.91560027219859,"tensor([[0.5000]], dtype=torch.float64)",tensor([-255]),['n']
70.0,66.31956606907934,68.7880868421618,68.72794154255769,"tensor([[0.5000]], dtype=torch.float64)",tensor([-255]),['s']
16.0,17.97637958017283,16.1309486461918,16.06444102397629,"tensor([[0.5000]], dtype=torch.float64)",tensor([-255]),['s']
44.0,43.76570730674531,44.654961434869364,44.87622184110643,"tensor([[0.5000]], dtype=torch.float64)",tensor([-255]),['n']
35.0,33.989567470949886,35.521338130404416,35.161420899764884,"tensor([[0.5000]], dtype=torch.float64)",tensor([-255]),['s']
27.0,37.043227848494524,27.504407435499807,27.61917771012785,"tensor([[0.5000]], dtype=torch.float64)",tensor([-255]),['n']
24.0,34.960721800035394,23.643427015449173,23.703573490413678,"tensor([[0.5000]], dtype=torch.float64)",tensor([-255]),['n']
56.0,61.83595545953672,55.78721356307328,55.67647181895309,"tensor([[0.5000]], dtype=torch.float64)",tensor([-255]),['n']
66.0,64.92761992804654,64.71437082052306,65.54339409714638,"tensor([[0.5000]], dtype=torch.float64)",tensor([-255]),['s']
59.0,56.78630060666487,58.687003325618,58.687059187927716,"tensor([[0.5000]], dtype=torch.float64)",tensor([-255]),['n']
41.0,35.03531557364703,40.64984239326036,42.12479918533821,"tensor([[0.5000]], dtype=torch.float64)",tensor([-255]),['s']
0.0,67.98781245515642,0.0,0.0,"tensor([[0.5000]], dtype=torch.float64)",tensor([-255]),['s']
26.0,29.813164306220735,25.818660161416002,25.673147054920282,"tensor([[0.5000]], dtype=torch.float64)",tensor([-255]),['n']
18.0,16.600298003583795,18.281351568741464,18.25116166286484,"tensor([[0.5000]], dtype=torch.float64)",tensor([-255]),['s']
26.0,28.120314998517564,24.692705738159745,24.905384787603882,"tensor([[0.5000]], dtype=torch.float64)",tensor([-255]),['s']
60.0,61.3817596307468,59.58793880704354,59.72703042545234,"tensor([[0.5000]], dtype=torch.float64)",tensor([-255]),['n']
67.0,3.332018170299471,66.51447344245386,65.90844892134542,"tensor([[0.5000]], dtype=torch.float64)",tensor([-255]),['n']
29.0,32.172999280431185,25.158910175221166,28.471523795633882,"tensor([[0.5000]], dtype=torch.float64)",tensor([-255]),['s']
32.0,33.51129975998663,32.046361204957115,32.14934697679264,"tensor([[0.5000]], dtype=torch.float64)",tensor([-255]),['s']
49.0,48.9548214016804,48.876339567783106,49.55094922683891,"tensor([[0.5000]], dtype=torch.float64)",tensor([-255]),['s']
46.0,43.8202844005725,47.08487121736466,46.95520117444608,"tensor([[0.5000]], dtype=torch.float64)",tensor([-255]),['s']
4.0,63.72513608851696,3.456524245941531,3.318762487769823,"tensor([[0.5000]], dtype=torch.float64)",tensor([-255]),['s']
11.0,11.606884590565063,11.205067112308177,11.057735848488031,"tensor([[0.5000]], dtype=torch.float64)",tensor([-255]),['n']
6.0,3.1521284992439167,5.853303049999859,6.40795579208143,"tensor([[0.5000]], dtype=torch.float64)",tensor([-255]),['s']
67.0,66.67844760822835,66.65525868229852,66.26541435384435,"tensor([[0.5000]], dtype=torch.float64)",tensor([-255]),['n']
30.0,29.521336072367667,30.20333980913544,30.085136509217417,"tensor([[0.5000]], dtype=torch.float64)",tensor([-255]),['s']
16.0,25.016466363952222,16.35565967809226,16.399384743897652,"tensor([[0.5000]], dtype=torch.float64)",tensor([-255]),['n']
39.0,41.702773671989256,39.1060010324427,39.023213651798116,"tensor([[0.5000]], dtype=torch.float64)",tensor([-255]),['n']
53.0,55.85444968028746,53.00341392384406,52.99816885120441,"tensor([[0.5000]], dtype=torch.float64)",tensor([-255]),['n']
68.0,67.7441681508229,67.8318022309035,67.00616386011143,"tensor([[0.5000]], dtype=torch.float64)",tensor([-255]),['s']
14.0,14.995984890977798,13.904247787432238,14.300255386593767,"tensor([[0.5000]], dtype=torch.float64)",tensor([-255]),['n']
33.0,47.78502663753367,33.02986172860125,32.65798337125419,"tensor([[0.5000]], dtype=torch.float64)",tensor([-255]),['s']
50.0,48.703278186991284,50.53354486755883,50.62114964975117,"tensor([[0.5000]], dtype=torch.float64)",tensor([-255]),['n']
54.0,55.8889603370603,54.057375939268816,53.99754074769024,"tensor([[0.5000]], dtype=torch.float64)",tensor([-255]),['n']
42.0,41.45190233940235,42.191821588625174,42.93011257478581,"tensor([[0.5000]], dtype=torch.float64)",tensor([-255]),['n']
19.0,61.914232396813645,19.263512427042336,19.16778671857069,"tensor([[0.5000]], dtype=torch.float64)",tensor([-255]),['n']
52.0,52.959521886858155,52.203749041090006,52.09561883929959,"tensor([[0.5000]], dtype=torch.float64)",tensor([-255]),['n']
5.0,10.709639785269136,4.678013377033686,5.084283329413489,"tensor([[0.5000]], dtype=torch.float64)",tensor([-255]),['s']
11.0,9.801195434656204,11.146865744158918,11.211716026997998,"tensor([[0.5000]], dtype=torch.float64)",tensor([-255]),['n']
30.0,28.756550162798185,30.091284770576777,28.077019130295135,"tensor([[0.5000]], dtype=torch.float64)",tensor([-255]),['n']
55.0,28.657401122024716,54.687954443203196,54.91757092669468,"tensor([[0.5000]], dtype=torch.float64)",tensor([-255]),['s']
57.0,57.098909258752315,56.89003837608658,56.566120757584585,"tensor([[0.5000]], dtype=torch.float64)",tensor([-255]),['s']
44.0,44.24587869229927,44.64950085032186,44.91927808145554,"tensor([[0.5000]], dtype=torch.float64)",tensor([-255]),['s']
3.0,1.5168754608398478,2.9625780495241694,3.576857766143537,"tensor([[0.5000]], dtype=torch.float64)",tensor([-255]),['n']
70.0,69.98191978846201,70.25547907815576,69.91816700052418,"tensor([[0.5000]], dtype=torch.float64)",tensor([-255]),['s']
57.0,56.545968906908215,56.58181017617724,56.7531709911201,"tensor([[0.5000]], dtype=torch.float64)",tensor([-255]),['n']
32.0,31.798877654604926,32.206680725788004,31.998658435852686,"tensor([[0.5000]], dtype=torch.float64)",tensor([-255]),['s']
1.0,1.4173372653254903,1.0576951540791106,3.0203365057500107,"tensor([[0.5000]], dtype=torch.float64)",tensor([-255]),['n']
42.0,39.898513162062294,42.26854513417667,43.537435390300615,"tensor([[0.5000]], dtype=torch.float64)",tensor([-255]),['s']
70.0,67.30279483041815,69.40078168444465,69.07244224247636,"tensor([[0.5000]], dtype=torch.float64)",tensor([-255]),['s']
57.0,56.04671777988108,56.63168977139812,56.91296289909836,"tensor([[0.5000]], dtype=torch.float64)",tensor([-255]),['s']
22.0,23.67390116314469,22.227328859171063,22.10262407017393,"tensor([[0.5000]], dtype=torch.float64)",tensor([-255]),['s']
27.0,30.151666370225136,27.08855323178456,26.536898477947577,"tensor([[0.5000]], dtype=torch.float64)",tensor([-255]),['s']
40.0,37.17808720143498,40.24475414860015,40.16980904878573,"tensor([[0.5000]], dtype=torch.float64)",tensor([-255]),['n']
28.0,26.309121543293706,27.705196685827694,27.945905981122348,"tensor([[0.5000]], dtype=torch.float64)",tensor([-255]),['n']
55.0,54.90650074956863,54.95085887502278,54.99840390574793,"tensor([[0.5000]], dtype=torch.float64)",tensor([-255]),['n']
18.0,24.548682708590214,17.73968283901564,18.05868584212667,"tensor([[0.5000]], dtype=torch.float64)",tensor([-255]),['s']
58.0,60.82399935375342,57.86767411003875,57.37464152040008,"tensor([[0.5000]], dtype=torch.float64)",tensor([-255]),['s']
14.0,13.963628743742321,13.927423424602091,14.1686405410143,"tensor([[0.5000]], dtype=torch.float64)",tensor([-255]),['n']
58.0,59.06874569450423,57.30630284805731,57.09583695412919,"tensor([[0.5000]], dtype=torch.float64)",tensor([-255]),['n']
64.0,63.76608805214306,63.58738165574252,63.276308585811336,"tensor([[0.5000]], dtype=torch.float64)",tensor([-255]),['n']
25.0,29.724985613640563,24.75570300236694,24.84451945342415,"tensor([[0.5000]], dtype=torch.float64)",tensor([-255]),['n']
60.0,59.253117688279545,59.30086344825035,59.00963525394223,"tensor([[0.5000]], dtype=torch.float64)",tensor([-255]),['n']
28.0,31.11132083427283,27.798988081405923,27.654012229319505,"tensor([[0.5000]], dtype=torch.float64)",tensor([-255]),['s']
9.0,9.019419183870653,9.005279600503716,9.331818365864454,"tensor([[0.5000]], dtype=torch.float64)",tensor([-255]),['n']
63.0,62.74900284703012,61.88455284273591,62.542396493811225,"tensor([[0.5000]], dtype=torch.float64)",tensor([-255]),['s']
31.0,30.064255910895334,30.95014197368691,30.92134049302453,"tensor([[0.5000]], dtype=torch.float64)",tensor([-255]),['s']
39.0,33.945944428635,38.88848986035173,38.97606435199232,"tensor([[0.5000]], dtype=torch.float64)",tensor([-255]),['n']
29.0,36.67394463792577,28.921613900838405,28.87236443357363,"tensor([[0.5000]], dtype=torch.float64)",tensor([-255]),['n']
9.0,9.96991922606943,8.573373654017885,8.566924008018363,"tensor([[0.5000]], dtype=torch.float64)",tensor([-255]),['s']
35.0,37.51434741686561,35.15294707974446,36.78110474770708,"tensor([[0.5000]], dtype=torch.float64)",tensor([-255]),['s']
55.0,55.33623458659163,54.873151998612684,54.98302170603651,"tensor([[0.5000]], dtype=torch.float64)",tensor([-255]),['n']
23.0,28.40761977414236,22.94933142700021,22.96123843349232,"tensor([[0.5000]], dtype=torch.float64)",tensor([-255]),['s']
21.0,40.76511801649128,20.862661582991105,20.838650091264164,"tensor([[0.5000]], dtype=torch.float64)",tensor([-255]),['s']
10.0,8.96749070460585,9.728606061188064,9.889054089761139,"tensor([[0.5000]], dtype=torch.float64)",tensor([-255]),['n']
32.0,31.226012187547898,32.04000985732528,31.273552949907362,"tensor([[0.5000]], dtype=torch.float64)",tensor([-255]),['s']
65.0,62.623161651197584,64.10723655639069,64.15134812196122,"tensor([[0.5000]], dtype=torch.float64)",tensor([-255]),['s']
40.0,36.07263846675322,40.48802804938494,40.32194493051399,"tensor([[0.5000]], dtype=torch.float64)",tensor([-255]),['n']
43.0,36.15957736683035,43.16084398964041,43.196667325074735,"tensor([[0.5000]], dtype=torch.float64)",tensor([-255]),['n']
62.0,62.86540305044076,60.99280910862577,60.98178860856007,"tensor([[0.5000]], dtype=torch.float64)",tensor([-255]),['n']
61.0,61.162172429274904,60.33061437299922,60.23829616528521,"tensor([[0.5000]], dtype=torch.float64)",tensor([-255]),['s']
67.0,65.19392350760603,66.5884596443455,66.49555927506296,"tensor([[0.5000]], dtype=torch.float64)",tensor([-255]),['n']
22.0,22.04553513898591,22.28292590965241,22.0911051803344,"tensor([[0.5000]], dtype=torch.float64)",tensor([-255]),['n']
71.0,68.99435912499382,70.97807716004444,70.89154550271773,"tensor([[0.5000]], dtype=torch.float64)",tensor([-255]),['n']
44.0,45.167992097710695,44.59345843150933,44.93332743192743,"tensor([[0.5000]], dtype=torch.float64)",tensor([-255]),['n']
17.0,19.3437729744726,17.232130146504673,17.11582773603376,"tensor([[0.5000]], dtype=torch.float64)",tensor([-255]),['s']
32.0,33.92945496929189,32.083937568698815,28.424314889038513,"tensor([[0.5000]], dtype=torch.float64)",tensor([-255]),['s']
64.0,1.3846769096829077,63.52564873168916,63.121833917338904,"tensor([[0.5000]], dtype=torch.float64)",tensor([-255]),['n']
14.0,13.737729196039307,13.784088230593673,13.978692287760255,"tensor([[0.5000]], dtype=torch.float64)",tensor([-255]),['s']
56.0,55.80704268991476,55.69586400704656,55.72672660589305,"tensor([[0.5000]], dtype=torch.float64)",tensor([-255]),['s']
57.0,58.9734764346731,56.54842583089497,56.16729595809683,"tensor([[0.5000]], dtype=torch.float64)",tensor([-255]),['n']
36.0,36.760337860120075,36.10138554368883,35.61221984655123,"tensor([[0.5000]], dtype=torch.float64)",tensor([-255]),['s']
9.0,11.358735958835076,8.637079144756433,9.514968810355432,"tensor([[0.5000]], dtype=torch.float64)",tensor([-255]),['n']
33.0,32.861808389105335,33.24240331433148,33.12431068088675,"tensor([[0.5000]], dtype=torch.float64)",tensor([-255]),['s']
59.0,59.56262753603366,58.144982970664465,57.8376005452083,"tensor([[0.5000]], dtype=torch.float64)",tensor([-255]),['s']
44.0,45.07982589664772,44.929384298933975,45.98320385591456,"tensor([[0.5000]], dtype=torch.float64)",tensor([-255]),['s']
28.0,29.026325367964386,26.341430175508815,27.043184875164478,"tensor([[0.5000]], dtype=torch.float64)",tensor([-255]),['s']
58.0,59.626387963258935,57.71896325320584,57.17047419898785,"tensor([[0.5000]], dtype=torch.float64)",tensor([-255]),['n']
61.0,61.407169502336615,60.225996214136636,60.078022059802336,"tensor([[0.5000]], dtype=torch.float64)",tensor([-255]),['n']
31.0,29.370323393909665,31.339130171993965,31.069281587800965,"tensor([[0.5000]], dtype=torch.float64)",tensor([-255]),['n']
10.0,12.185634935083787,10.087407649893462,10.487949575932703,"tensor([[0.5000]], dtype=torch.float64)",tensor([-255]),['s']
70.0,67.92062021099665,69.48154774456188,69.79518743087105,"tensor([[0.5000]], dtype=torch.float64)",tensor([-255]),['s']
17.0,18.946429064711097,17.253725412648585,17.21878368182152,"tensor([[0.5000]], dtype=torch.float64)",tensor([-255]),['s']
59.0,59.9113841996525,58.4404199334814,58.144574660340425,"tensor([[0.5000]], dtype=torch.float64)",tensor([-255]),['n']
47.0,47.953035522412584,47.41887066461216,47.12030059942411,"tensor([[0.5000]], dtype=torch.float64)",tensor([-255]),['s']
2.0,5.704381873490723,2.1484647187080785,2.657351624398713,"tensor([[0.5000]], dtype=torch.float64)",tensor([-255]),['s']
12.0,11.526144220986197,11.745623427326223,11.715155817882238,"tensor([[0.5000]], dtype=torch.float64)",tensor([-255]),['s']
71.0,68.11220186949703,70.92764624128743,71.0,"tensor([[0.5000]], dtype=torch.float64)",tensor([-255]),['n']
16.0,13.64368031553829,15.854167118373674,15.955126709767976,"tensor([[0.5000]], dtype=torch.float64)",tensor([-255]),['n']
22.0,21.892428428610394,22.097782063047426,21.52781446131025,"tensor([[0.5000]], dtype=torch.float64)",tensor([-255]),['s']
31.0,35.84282150566476,31.121119942477232,26.312227399993493,"tensor([[0.5000]], dtype=torch.float64)",tensor([-255]),['s']
21.0,24.342411989514638,21.282783647035604,20.702993500689956,"tensor([[0.5000]], dtype=torch.float64)",tensor([-255]),['s']
2.0,5.623920643263857,1.976552380333047,2.7621006426975763,"tensor([[0.5000]], dtype=torch.float64)",tensor([-255]),['s']
19.0,19.830842881011932,18.852490987730956,18.921213283825924,"tensor([[0.5000]], dtype=torch.float64)",tensor([-255]),['n']
51.0,52.06772022208173,51.020159451177435,51.04965602835446,"tensor([[0.5000]], dtype=torch.float64)",tensor([-255]),['n']
7.0,7.482248815327347,6.811856060694306,6.952663765703995,"tensor([[0.5000]], dtype=torch.float64)",tensor([-255]),['n']
12.0,68.1722857653399,11.752949280938783,12.162457848453725,"tensor([[0.5000]], dtype=torch.float64)",tensor([-255]),['n']
52.0,53.051866698161724,52.31014303591921,52.0850738095262,"tensor([[0.5000]], dtype=torch.float64)",tensor([-255]),['n']
50.0,52.35352705745489,50.59484554328847,50.88207184686861,"tensor([[0.5000]], dtype=torch.float64)",tensor([-255]),['s']
39.0,41.96034467129709,39.031487524158166,38.83231838322741,"tensor([[0.5000]], dtype=torch.float64)",tensor([-255]),['s']
63.0,64.70193801068771,62.3412316614924,61.85751800073443,"tensor([[0.5000]], dtype=torch.float64)",tensor([-255]),['n']
16.0,13.944746272986423,16.0510826406192,16.381134837842335,"tensor([[0.5000]], dtype=torch.float64)",tensor([-255]),['n']
17.0,14.97791349461476,17.22109686798038,17.1356802734168,"tensor([[0.5000]], dtype=torch.float64)",tensor([-255]),['s']
7.0,7.8654509568204345,6.721186739446018,6.884738138085909,"tensor([[0.5000]], dtype=torch.float64)",tensor([-255]),['s']
17.0,16.566022136510302,17.329892802672727,17.06176289441562,"tensor([[0.5000]], dtype=torch.float64)",tensor([-255]),['n']
41.0,40.43003678226528,41.66817731580569,41.637363818588014,"tensor([[0.5000]], dtype=torch.float64)",tensor([-255]),['n']
13.0,44.901891777010356,12.270282021516177,13.016472579294545,"tensor([[0.5000]], dtype=torch.float64)",tensor([-255]),['s']
44.0,38.88704705721903,44.81138668084192,44.81477666038087,"tensor([[0.5000]], dtype=torch.float64)",tensor([-255]),['s']
47.0,47.739835335158794,47.75613466962269,47.89175051785162,"tensor([[0.5000]], dtype=torch.float64)",tensor([-255]),['s']
39.0,37.152281615652086,39.00086481601708,38.766389841086706,"tensor([[0.5000]], dtype=torch.float64)",tensor([-255]),['n']
18.0,13.539478295044098,17.501825254334566,17.811107354381612,"tensor([[0.5000]], dtype=torch.float64)",tensor([-255]),['s']
1.0,1.817486137816383,0.6493482265809143,0.2512801113246399,"tensor([[0.5000]], dtype=torch.float64)",tensor([-255]),['n']
59.0,60.82321908273748,58.37931540465775,57.78901419094518,"tensor([[0.5000]], dtype=torch.float64)",tensor([-255]),['n']
31.0,32.17160302697907,30.743983755742946,30.02521844385796,"tensor([[0.5000]], dtype=torch.float64)",tensor([-255]),['n']
16.0,15.10506542241081,15.685736323518183,15.840979099738474,"tensor([[0.5000]], dtype=torch.float64)",tensor([-255]),['n']
15.0,10.797471403306071,15.135703384665403,15.183336191147928,"tensor([[0.5000]], dtype=torch.float64)",tensor([-255]),['n']
64.0,1.9095343584489497,59.46784505899219,61.68184069303721,"tensor([[0.5000]], dtype=torch.float64)",tensor([-255]),['s']
17.0,64.90217480887003,16.812503023976745,16.938744950996174,"tensor([[0.5000]], dtype=torch.float64)",tensor([-255]),['s']
49.0,46.56258691371018,49.44844365332265,49.84501253261431,"tensor([[0.5000]], dtype=torch.float64)",tensor([-255]),['s']
36.0,38.87449418211996,35.96487058187039,35.84648659677838,"tensor([[0.5000]], dtype=torch.float64)",tensor([-255]),['s']
7.0,7.993407747640321,6.522907004060986,6.858013924316093,"tensor([[0.5000]], dtype=torch.float64)",tensor([-255]),['n']
15.0,12.342639009013853,15.223020833320694,15.121351081647035,"tensor([[0.5000]], dtype=torch.float64)",tensor([-255]),['n']
70.0,2.2954349081957117,69.92965950937472,70.44360663984637,"tensor([[0.5000]], dtype=torch.float64)",tensor([-255]),['n']
22.0,60.08747569864989,21.946035578477332,21.902093011194452,"tensor([[0.5000]], dtype=torch.float64)",tensor([-255]),['s']
12.0,15.15404547938579,11.938357815774397,12.12993425739257,"tensor([[0.5000]], dtype=torch.float64)",tensor([-255]),['s']
49.0,46.51189036482864,49.39031693555809,49.791456906708135,"tensor([[0.5000]], dtype=torch.float64)",tensor([-255]),['n']
39.0,36.40810365004984,40.308701975020305,39.88954761533673,"tensor([[0.5000]], dtype=torch.float64)",tensor([-255]),['s']
34.0,40.17231343770655,34.483582995456224,34.49967200590845,"tensor([[0.5000]], dtype=torch.float64)",tensor([-255]),['n']
43.0,42.62431044764709,43.656176033502774,44.11376081580059,"tensor([[0.5000]], dtype=torch.float64)",tensor([-255]),['n']
67.0,58.94749818312128,66.97946784728552,67.17705774348248,"tensor([[0.5000]], dtype=torch.float64)",tensor([-255]),['n']
20.0,19.20533566901711,19.415670504656834,19.597986681173815,"tensor([[0.5000]], dtype=torch.float64)",tensor([-255]),['s']
64.0,62.349181338323504,63.7577732285703,63.18182027699078,"tensor([[0.5000]], dtype=torch.float64)",tensor([-255]),['n']
56.0,15.871433048592909,55.64159667148702,55.835550463936165,"tensor([[0.5000]], dtype=torch.float64)",tensor([-255]),['n']
12.0,10.148701393363623,12.005645517813385,12.15237476076795,"tensor([[0.5000]], dtype=torch.float64)",tensor([-255]),['n']
24.0,24.787271685995282,24.211243094293998,23.802511968722328,"tensor([[0.5000]], dtype=torch.float64)",tensor([-255]),['s']
1.0,63.87240034756486,1.082549146088994,1.0015984060137249,"tensor([[0.5000]], dtype=torch.float64)",tensor([-255]),['s']
57.0,56.98426176338634,56.67380608998699,56.564193808422445,"tensor([[0.5000]], dtype=torch.float64)",tensor([-255]),['n']
3.0,2.109556111287303,2.8709487550224844,3.029009170200765,"tensor([[0.5000]], dtype=torch.float64)",tensor([-255]),['n']
40.0,36.11071803870085,39.60100987674938,39.38690196044945,"tensor([[0.5000]], dtype=torch.float64)",tensor([-255]),['n']
40.0,38.95666655513534,39.86050672314885,39.71117060821236,"tensor([[0.5000]], dtype=torch.float64)",tensor([-255]),['s']
16.0,18.88361903246281,15.922031903841608,16.074944688284727,"tensor([[0.5000]], dtype=torch.float64)",tensor([-255]),['s']
8.0,9.943747817664606,8.555346606525418,8.196772384924234,"tensor([[0.5000]], dtype=torch.float64)",tensor([-255]),['s']
71.0,5.096289410943378,71.0,71.0,"tensor([[0.5000]], dtype=torch.float64)",tensor([-255]),['s']
13.0,11.471758337523536,12.676782663878319,12.883604568463962,"tensor([[0.5000]], dtype=torch.float64)",tensor([-255]),['s']
60.0,37.09516508830653,59.34496424605272,59.221957771490246,"tensor([[0.5000]], dtype=torch.float64)",tensor([-255]),['n']
71.0,70.08790438827816,71.0,0.0,"tensor([[0.5000]], dtype=torch.float64)",tensor([-255]),['s']
43.0,37.15939309619874,43.05696354116735,44.03874263345221,"tensor([[0.5000]], dtype=torch.float64)",tensor([-255]),['s']
33.0,37.45675907623425,33.22903938648176,33.00854466467912,"tensor([[0.5000]], dtype=torch.float64)",tensor([-255]),['s']
58.0,59.006856041379564,57.89624298266915,57.15598414664949,"tensor([[0.5000]], dtype=torch.float64)",tensor([-255]),['s']
9.0,15.566870868005564,8.724944504903746,9.033277863340674,"tensor([[0.5000]], dtype=torch.float64)",tensor([-255]),['s']
49.0,47.97103042783093,49.297451725672516,49.61527769756279,"tensor([[0.5000]], dtype=torch.float64)",tensor([-255]),['n']
7.0,70.26014004576716,6.925887879313958,7.018478830294843,"tensor([[0.5000]], dtype=torch.float64)",tensor([-255]),['s']
1.0,5.744716405803958,1.121923657675688,1.213323564473985,"tensor([[0.5000]], dtype=torch.float64)",tensor([-255]),['n']
5.0,5.619329394066966,4.709322804930333,4.944967466196269,"tensor([[0.5000]], dtype=torch.float64)",tensor([-255]),['n']
71.0,1.945818846381339,71.0,71.0,"tensor([[0.5000]], dtype=torch.float64)",tensor([-255]),['s']
32.0,31.44749357190295,32.17113974059349,32.09402146081221,"tensor([[0.5000]], dtype=torch.float64)",tensor([-255]),['n']
34.0,32.607551324977635,34.28861189503343,33.8812467764572,"tensor([[0.5000]], dtype=torch.float64)",tensor([-255]),['n']
50.0,31.052023389293748,50.36514897131664,50.37476814205772,"tensor([[0.5000]], dtype=torch.float64)",tensor([-255]),['s']
44.0,41.422248159573186,47.10707252878439,45.49197338324916,"tensor([[0.5000]], dtype=torch.float64)",tensor([-255]),['n']
35.0,32.14852170897717,34.91881703645982,35.10706584871091,"tensor([[0.5000]], dtype=torch.float64)",tensor([-255]),['s']
27.0,28.76560349412209,27.27552185976425,27.16192941294222,"tensor([[0.5000]], dtype=torch.float64)",tensor([-255]),['n']
46.0,47.74487944630051,46.36216219523403,47.783117085122065,"tensor([[0.5000]], dtype=torch.float64)",tensor([-255]),['n']
68.0,66.05157887288922,67.93962002322425,67.76889836211896,"tensor([[0.5000]], dtype=torch.float64)",tensor([-255]),['n']
21.0,21.06992845385909,20.789727042889574,20.814255856208447,"tensor([[0.5000]], dtype=torch.float64)",tensor([-255]),['n']
46.0,48.88892133480661,46.50591240914893,47.13561780881981,"tensor([[0.5000]], dtype=torch.float64)",tensor([-255]),['s']
7.0,8.067992232294507,6.9012480805809355,6.8998188613378355,"tensor([[0.5000]], dtype=torch.float64)",tensor([-255]),['n']
12.0,12.970011202431824,11.960576200918664,11.898659134361061,"tensor([[0.5000]], dtype=torch.float64)",tensor([-255]),['n']
21.0,20.013646473061243,20.681121787833362,20.83422526879538,"tensor([[0.5000]], dtype=torch.float64)",tensor([-255]),['s']
36.0,39.122594779687375,35.95087428343342,36.289628193662146,"tensor([[0.5000]], dtype=torch.float64)",tensor([-255]),['s']
5.0,7.053859453412216,4.8119701240697985,5.3753540767073975,"tensor([[0.5000]], dtype=torch.float64)",tensor([-255]),['n']
55.0,55.65833629923485,54.84921516289116,54.82866037378113,"tensor([[0.5000]], dtype=torch.float64)",tensor([-255]),['n']
2.0,1.2722749847400625,1.6902774345385767,1.5590422527160446,"tensor([[0.5000]], dtype=torch.float64)",tensor([-255]),['s']
5.0,5.383291292608494,4.8380421997362655,5.79054706881648,"tensor([[0.5000]], dtype=torch.float64)",tensor([-255]),['s']
57.0,58.9014855229009,56.330929049730614,56.17399765785711,"tensor([[0.5000]], dtype=torch.float64)",tensor([-255]),['s']
56.0,55.2460360612108,55.42086095823165,55.190144023597526,"tensor([[0.5000]], dtype=torch.float64)",tensor([-255]),['s']
69.0,65.96991639865112,68.76636311733034,68.21958547774366,"tensor([[0.5000]], dtype=torch.float64)",tensor([-255]),['n']
15.0,17.743127021504172,14.891321840652504,14.991010433051292,"tensor([[0.5000]], dtype=torch.float64)",tensor([-255]),['s']
37.0,37.72755491980853,37.03265084644586,37.0847811898568,"tensor([[0.5000]], dtype=torch.float64)",tensor([-255]),['n']
19.0,19.055343094027137,18.778134430110207,18.88877061263102,"tensor([[0.5000]], dtype=torch.float64)",tensor([-255]),['n']
22.0,60.84171655566231,21.976804604006126,21.882385315051646,"tensor([[0.5000]], dtype=torch.float64)",tensor([-255]),['s']
69.0,67.10946722949637,68.7508852569746,68.03733576713599,"tensor([[0.5000]], dtype=torch.float64)",tensor([-255]),['s']
33.0,30.335235617214437,33.53387501024599,33.11105213008026,"tensor([[0.5000]], dtype=torch.float64)",tensor([-255]),['n']
55.0,30.01467092642752,54.77105824615435,54.71603804824271,"tensor([[0.5000]], dtype=torch.float64)",tensor([-255]),['n']
7.0,47.77218036501225,6.895876657852632,6.926486755013073,"tensor([[0.5000]], dtype=torch.float64)",tensor([-255]),['n']
5.0,7.163692842390561,4.7651576967911105,4.889673665451282,"tensor([[0.5000]], dtype=torch.float64)",tensor([-255]),['n']
20.0,18.20483187400847,19.66304980479146,19.62681834168163,"tensor([[0.5000]], dtype=torch.float64)",tensor([-255]),['s']
44.0,45.921710477752626,44.45093151651688,44.89671866729274,"tensor([[0.5000]], dtype=torch.float64)",tensor([-255]),['s']
67.0,64.10773136768637,66.9672319400708,66.82639434642807,"tensor([[0.5000]], dtype=torch.float64)",tensor([-255]),['s']
0.0,3.1404474194767085,0.0,71.0,"tensor([[0.5000]], dtype=torch.float64)",tensor([-255]),['s']
38.0,42.124941039751974,38.43250417254335,38.20858970509705,"tensor([[0.5000]], dtype=torch.float64)",tensor([-255]),['n']
63.0,62.171071760644374,62.480572109116466,62.31286784249815,"tensor([[0.5000]], dtype=torch.float64)",tensor([-255]),['n']
1.0,3.200434417747917,1.0224865658330045,1.1330202521934178,"tensor([[0.5000]], dtype=torch.float64)",tensor([-255]),['s']
12.0,69.25082940129062,11.63827573015093,12.096503216221338,"tensor([[0.5000]], dtype=torch.float64)",tensor([-255]),['n']
49.0,49.679642140399864,49.26442393346217,49.574103504275094,"tensor([[0.5000]], dtype=torch.float64)",tensor([-255]),['s']
12.0,12.771946236078485,12.265151272373831,12.164054088543102,"tensor([[0.5000]], dtype=torch.float64)",tensor([-255]),['n']
29.0,28.466275540975214,29.140613455882065,28.745924977848023,"tensor([[0.5000]], dtype=torch.float64)",tensor([-255]),['s']
66.0,68.45050528989654,65.35066231979341,65.17864927654284,"tensor([[0.5000]], dtype=torch.float64)",tensor([-255]),['n']
66.0,65.15930830356547,64.9775238111022,64.93529703300665,"tensor([[0.5000]], dtype=torch.float64)",tensor([-255]),['s']
50.0,49.15791397015293,50.61398965971709,50.9496128226265,"tensor([[0.5000]], dtype=torch.float64)",tensor([-255]),['s']
58.0,59.071204720340745,57.84072574490698,57.62721964336366,"tensor([[0.5000]], dtype=torch.float64)",tensor([-255]),['n']
62.0,5.77119496689209,61.0120158045886,59.43830833059174,"tensor([[0.5000]], dtype=torch.float64)",tensor([-255]),['n']
57.0,58.79830222064852,56.845440955892215,56.89021054680051,"tensor([[0.5000]], dtype=torch.float64)",tensor([-255]),['s']
65.0,2.913440308659814,64.58051663166646,64.72147497553902,"tensor([[0.5000]], dtype=torch.float64)",tensor([-255]),['n']
23.0,36.12922320495968,49.94141398726158,22.903961076016266,"tensor([[0.5000]], dtype=torch.float64)",tensor([-255]),['s']
23.0,23.937668701052193,23.310087308499877,22.85735359542399,"tensor([[0.5000]], dtype=torch.float64)",tensor([-255]),['s']
45.0,44.98072745881014,45.56861466779805,45.46168618027408,"tensor([[0.5000]], dtype=torch.float64)",tensor([-255]),['s']
49.0,45.98609382010062,49.2621496201129,49.39238216494619,"tensor([[0.5000]], dtype=torch.float64)",tensor([-255]),['n']
32.0,32.17792570318869,32.016913413323635,32.05223999217233,"tensor([[0.5000]], dtype=torch.float64)",tensor([-255]),['n']
19.0,17.128278238009663,19.023018327694142,19.027268413242258,"tensor([[0.5000]], dtype=torch.float64)",tensor([-255]),['n']
46.0,46.81442225330684,46.12887347546621,46.70939871308444,"tensor([[0.5000]], dtype=torch.float64)",tensor([-255]),['s']
49.0,46.006193456361146,49.66977825735051,49.757281879506564,"tensor([[0.5000]], dtype=torch.float64)",tensor([-255]),['n']
32.0,30.927696286072383,31.896011654843132,31.804119106273564,"tensor([[0.5000]], dtype=torch.float64)",tensor([-255]),['n']
50.0,28.24516657255412,50.36344088866931,50.35007545396657,"tensor([[0.5000]], dtype=torch.float64)",tensor([-255]),['n']
51.0,51.68090793821327,51.58164014158311,51.77211227351291,"tensor([[0.5000]], dtype=torch.float64)",tensor([-255]),['n']
59.0,58.97026305620433,58.54523209193451,58.19414872894779,"tensor([[0.5000]], dtype=torch.float64)",tensor([-255]),['s']
54.0,56.72886838503122,53.721439448966535,53.89781301599942,"tensor([[0.5000]], dtype=torch.float64)",tensor([-255]),['s']
49.0,51.13692887959073,49.299727902096436,49.82101798700964,"tensor([[0.5000]], dtype=torch.float64)",tensor([-255]),['n']
71.0,70.92068191238782,70.94190222574659,70.10270868370772,"tensor([[0.5000]], dtype=torch.float64)",tensor([-255]),['n']
3.0,7.973383961620861,3.1622206474190873,3.3813462874983395,"tensor([[0.5000]], dtype=torch.float64)",tensor([-255]),['s']
18.0,16.840667312378038,17.775024842787616,17.894489751852266,"tensor([[0.5000]], dtype=torch.float64)",tensor([-255]),['n']
0.0,67.17416460314283,0.0,0.0,"tensor([[0.5000]], dtype=torch.float64)",tensor([-255]),['s']
63.0,60.34780463984927,62.744521662360995,62.65636341364665,"tensor([[0.5000]], dtype=torch.float64)",tensor([-255]),['n']
64.0,66.66802671727767,63.65870927400603,63.80324864009391,"tensor([[0.5000]], dtype=torch.float64)",tensor([-255]),['n']
69.0,69.56584872171806,69.00976633532534,68.91171619771077,"tensor([[0.5000]], dtype=torch.float64)",tensor([-255]),['n']
40.0,36.18577305932887,39.95432671792367,40.775094245367505,"tensor([[0.5000]], dtype=torch.float64)",tensor([-255]),['s']
50.0,48.76110216469645,50.812222450452026,50.96517190204421,"tensor([[0.5000]], dtype=torch.float64)",tensor([-255]),['s']
65.0,67.19659112630683,13.83963411979769,62.887815343094736,"tensor([[0.5000]], dtype=torch.float64)",tensor([-255]),['n']
65.0,63.98103549086668,64.2578271583199,64.07619199499771,"tensor([[0.5000]], dtype=torch.float64)",tensor([-255]),['s']
46.0,45.20158583803676,46.44675333193761,47.39579533015183,"tensor([[0.5000]], dtype=torch.float64)",tensor([-255]),['n']
43.0,40.30035906059694,43.51978508066967,43.35176545791147,"tensor([[0.5000]], dtype=torch.float64)",tensor([-255]),['s']
62.0,63.995206143963955,61.66765634477674,61.344918998005866,"tensor([[0.5000]], dtype=torch.float64)",tensor([-255]),['s']
40.0,40.16128734148844,40.42394049733242,40.26543952550027,"tensor([[0.5000]], dtype=torch.float64)",tensor([-255]),['s']
59.0,60.479562413849976,58.73130388137605,58.17005915031456,"tensor([[0.5000]], dtype=torch.float64)",tensor([-255]),['s']
6.0,69.42111645823718,5.937563870536514,6.107641923585818,"tensor([[0.5000]], dtype=torch.float64)",tensor([-255]),['s']
66.0,65.6834679978459,65.33353915363958,65.36585875583745,"tensor([[0.5000]], dtype=torch.float64)",tensor([-255]),['n']
12.0,11.527475963993822,12.083792030933546,12.221767335962337,"tensor([[0.5000]], dtype=torch.float64)",tensor([-255]),['s']
53.0,52.97510397721233,53.31083458066127,53.093932740185764,"tensor([[0.5000]], dtype=torch.float64)",tensor([-255]),['s']
27.0,28.082100133440527,26.389614357663515,25.83790114204523,"tensor([[0.5000]], dtype=torch.float64)",tensor([-255]),['n']
40.0,41.536931955121815,40.33985346022241,40.40643813940902,"tensor([[0.5000]], dtype=torch.float64)",tensor([-255]),['n']
15.0,11.921267430703674,15.220341355911676,15.454894922612624,"tensor([[0.5000]], dtype=torch.float64)",tensor([-255]),['s']
71.0,67.2608326818237,70.84739565185498,69.43938955943797,"tensor([[0.5000]], dtype=torch.float64)",tensor([-255]),['n']
48.0,48.277831517178335,48.871816045693485,49.209357826350804,"tensor([[0.5000]], dtype=torch.float64)",tensor([-255]),['s']
54.0,52.15190580347377,54.09360751922344,54.07856370258721,"tensor([[0.5000]], dtype=torch.float64)",tensor([-255]),['s']
62.0,2.2284082240143817,61.254171724235384,60.89596017057846,"tensor([[0.5000]], dtype=torch.float64)",tensor([-255]),['s']
11.0,11.755820657748417,10.465883735344915,10.964360409906224,"tensor([[0.5000]], dtype=torch.float64)",tensor([-255]),['s']
6.0,5.009436113090306,6.015419543770965,6.678548180115613,"tensor([[0.5000]], dtype=torch.float64)",tensor([-255]),['n']
24.0,24.0986582985255,24.093128413561477,24.115303813863857,"tensor([[0.5000]], dtype=torch.float64)",tensor([-255]),['s']
11.0,10.551793509665107,11.645833545827783,11.970120535636733,"tensor([[0.5000]], dtype=torch.float64)",tensor([-255]),['s']
16.0,16.573431697261114,16.23742788987922,16.156175161760984,"tensor([[0.5000]], dtype=torch.float64)",tensor([-255]),['n']
7.0,6.271383472164192,8.197558323256597,9.713175186049908,"tensor([[0.5000]], dtype=torch.float64)",tensor([-255]),['s']
36.0,36.737154586083314,45.8639869052832,36.72245319103093,"tensor([[0.5000]], dtype=torch.float64)",tensor([-255]),['s']
56.0,57.79568795604505,55.58438170211825,55.082887485397535,"tensor([[0.5000]], dtype=torch.float64)",tensor([-255]),['s']
47.0,46.909889376593625,47.06948694671615,48.09577578738612,"tensor([[0.5000]], dtype=torch.float64)",tensor([-255]),['s']
5.0,2.4240165622923198,4.514428038027433,4.191811884717812,"tensor([[0.5000]], dtype=torch.float64)",tensor([-255]),['s']
68.0,68.23113472672698,67.73429534442622,67.26626870857731,"tensor([[0.5000]], dtype=torch.float64)",tensor([-255]),['s']
28.0,31.91704370584795,28.351621448714273,28.115519248078535,"tensor([[0.5000]], dtype=torch.float64)",tensor([-255]),['s']
16.0,14.918534270872435,15.971437775072348,15.990843475080817,"tensor([[0.5000]], dtype=torch.float64)",tensor([-255]),['s']
52.0,40.54982312648684,52.115807807035786,52.061419565083426,"tensor([[0.5000]], dtype=torch.float64)",tensor([-255]),['s']
42.0,44.778704593560796,42.64066853828676,42.81563696757852,"tensor([[0.5000]], dtype=torch.float64)",tensor([-255]),['s']
1.0,61.137467833560756,0.9530374062459315,1.0643890069000557,"tensor([[0.5000]], dtype=torch.float64)",tensor([-255]),['n']
20.0,28.969552455825657,19.854520038787896,19.878885322512563,"tensor([[0.5000]], dtype=torch.float64)",tensor([-255]),['s']
62.0,62.31337161063252,60.98489993024388,61.268324168190816,"tensor([[0.5000]], dtype=torch.float64)",tensor([-255]),['s']
42.0,44.806971229853396,42.704995229306334,42.745962153744344,"tensor([[0.5000]], dtype=torch.float64)",tensor([-255]),['n']
59.0,60.069415736725155,58.87697183068435,57.90970017745512,"tensor([[0.5000]], dtype=torch.float64)",tensor([-255]),['n']
20.0,19.962825674525828,19.913944880922976,19.956714900925448,"tensor([[0.5000]], dtype=torch.float64)",tensor([-255]),['s']
63.0,63.243989033589244,62.89029954364593,62.74849032439169,"tensor([[0.5000]], dtype=torch.float64)",tensor([-255]),['n']
68.0,64.77278829946921,67.77396992483355,67.64684026776082,"tensor([[0.5000]], dtype=torch.float64)",tensor([-255]),['s']
18.0,17.312113461484763,17.777293999204357,17.881317054927653,"tensor([[0.5000]], dtype=torch.float64)",tensor([-255]),['n']
36.0,31.995274010242202,35.8494352232507,35.257070968974396,"tensor([[0.5000]], dtype=torch.float64)",tensor([-255]),['s']
40.0,40.256072146051665,39.97039140035098,39.94790560278879,"tensor([[0.5000]], dtype=torch.float64)",tensor([-255]),['s']
71.0,68.481097795555,70.03554941084109,0.0,"tensor([[0.5000]], dtype=torch.float64)",tensor([-255]),['n']
1.0,6.963020280191472,0.8905483526951838,1.7238570055825602,"tensor([[0.5000]], dtype=torch.float64)",tensor([-255]),['n']
6.0,1.8268378379998356,6.2616976228875245,6.1802283223432655,"tensor([[0.5000]], dtype=torch.float64)",tensor([-255]),['s']
5.0,4.74303505814023,4.82222207634202,4.956334307318894,"tensor([[0.5000]], dtype=torch.float64)",tensor([-255]),['s']
61.0,61.229042000949136,60.25896726984704,59.9789396846776,"tensor([[0.5000]], dtype=torch.float64)",tensor([-255]),['n']
35.0,37.06500611439466,35.197460904934076,35.08687452574252,"tensor([[0.5000]], dtype=torch.float64)",tensor([-255]),['s']
39.0,34.137506746205716,39.13266367248625,39.203863475209744,"tensor([[0.5000]], dtype=torch.float64)",tensor([-255]),['s']
54.0,29.486814881491444,53.85543648073703,53.94055901301953,"tensor([[0.5000]], dtype=torch.float64)",tensor([-255]),['n']
24.0,59.28071919122997,23.57066767209851,22.46277161527654,"tensor([[0.5000]], dtype=torch.float64)",tensor([-255]),['n']
24.0,23.35021252286077,23.94680014836886,23.89084201980117,"tensor([[0.5000]], dtype=torch.float64)",tensor([-255]),['s']
68.0,66.3916834542645,67.49674611014792,67.39846303963407,"tensor([[0.5000]], dtype=torch.float64)",tensor([-255]),['n']
4.0,5.621147813332411,4.738246223880158,4.5622201210364,"tensor([[0.5000]], dtype=torch.float64)",tensor([-255]),['s']
33.0,29.105116157470462,33.23358170864,33.19538761830124,"tensor([[0.5000]], dtype=torch.float64)",tensor([-255]),['n']
46.0,36.30428169485175,46.31125051008379,46.99523177062138,"tensor([[0.5000]], dtype=torch.float64)",tensor([-255]),['n']
68.0,0.2395623627528707,67.93149277203209,67.99299932465526,"tensor([[0.5000]], dtype=torch.float64)",tensor([-255]),['s']
5.0,3.386515526734265,4.936987631018039,5.196036333225056,"tensor([[0.5000]], dtype=torch.float64)",tensor([-255]),['n']
64.0,65.40779253778524,63.09972475784894,63.08412895475996,"tensor([[0.5000]], dtype=torch.float64)",tensor([-255]),['s']
38.0,38.3038079578822,37.53439065379228,37.43259083102733,"tensor([[0.5000]], dtype=torch.float64)",tensor([-255]),['s']
26.0,24.34672088428982,25.488209187834688,25.290101149100135,"tensor([[0.5000]], dtype=torch.float64)",tensor([-255]),['n']
46.0,45.88848408339551,46.57097852315492,46.78278166862227,"tensor([[0.5000]], dtype=torch.float64)",tensor([-255]),['s']
21.0,20.2695563527975,20.687160788015586,20.368159623941462,"tensor([[0.5000]], dtype=torch.float64)",tensor([-255]),['n']
61.0,62.00165765472485,60.8754551601959,60.618800825096905,"tensor([[0.5000]], dtype=torch.float64)",tensor([-255]),['n']
12.0,46.78195720324227,11.887753904535854,11.980695828109997,"tensor([[0.5000]], dtype=torch.float64)",tensor([-255]),['n']
23.0,25.8285659067897,22.585558365935217,22.3871808216127,"tensor([[0.5000]], dtype=torch.float64)",tensor([-255]),['s']
58.0,60.02407681281621,57.5610523398495,57.35747421457459,"tensor([[0.5000]], dtype=torch.float64)",tensor([-255]),['s']
59.0,29.935172014121562,58.85177549137767,58.308345265020954,"tensor([[0.5000]], dtype=torch.float64)",tensor([-255]),['s']
13.0,7.9596548238214995,13.051315033613417,13.006261344101969,"tensor([[0.5000]], dtype=torch.float64)",tensor([-255]),['n']
49.0,48.55675467182506,49.28920273261943,49.80453297376815,"tensor([[0.5000]], dtype=torch.float64)",tensor([-255]),['n']
22.0,24.95357545827688,21.86982687858878,21.926833828421195,"tensor([[0.5000]], dtype=torch.float64)",tensor([-255]),['s']
0.0,67.87596724273187,0.0,71.0,"tensor([[0.5000]], dtype=torch.float64)",tensor([-255]),['n']
35.0,26.373503320258244,35.11817890167913,34.87643733604476,"tensor([[0.5000]], dtype=torch.float64)",tensor([-255]),['n']
6.0,4.022870660128418,5.9612642108143525,6.087986697383627,"tensor([[0.5000]], dtype=torch.float64)",tensor([-255]),['n']
20.0,22.11351121935047,20.22526220715332,20.05592129168776,"tensor([[0.5000]], dtype=torch.float64)",tensor([-255]),['n']
29.0,32.27115414129511,28.810880976965397,28.493216544255464,"tensor([[0.5000]], dtype=torch.float64)",tensor([-255]),['n']
51.0,29.06750032898117,51.339001498177154,51.244861710425795,"tensor([[0.5000]], dtype=torch.float64)",tensor([-255]),['n']
35.0,35.30756085655996,34.95363354962273,34.87638545651332,"tensor([[0.5000]], dtype=torch.float64)",tensor([-255]),['s']
61.0,59.538833415989,60.311417900222196,60.28348041124793,"tensor([[0.5000]], dtype=torch.float64)",tensor([-255]),['s']
42.0,43.26459205351645,43.37440833343949,42.99777974270733,"tensor([[0.5000]], dtype=torch.float64)",tensor([-255]),['s']
14.0,13.049272585210066,13.263086246166498,13.877265910564597,"tensor([[0.5000]], dtype=torch.float64)",tensor([-255]),['s']
5.0,6.324332653291635,5.202133459767905,5.124212999208107,"tensor([[0.5000]], dtype=torch.float64)",tensor([-255]),['s']
62.0,60.735604412571504,61.29090025482339,61.074597055102736,"tensor([[0.5000]], dtype=torch.float64)",tensor([-255]),['n']
13.0,14.520651701367367,13.15763575053364,13.210203357509528,"tensor([[0.5000]], dtype=torch.float64)",tensor([-255]),['n']
48.0,48.795025424986605,48.94690147708261,49.04188870800188,"tensor([[0.5000]], dtype=torch.float64)",tensor([-255]),['s']
24.0,25.755965830825303,24.678982053920596,24.74686771544178,"tensor([[0.5000]], dtype=torch.float64)",tensor([-255]),['s']
29.0,30.369419539890004,28.65775446455152,28.442225234273575,"tensor([[0.5000]], dtype=torch.float64)",tensor([-255]),['n']
39.0,39.911530965395436,39.25251597415295,39.251141476817565,"tensor([[0.5000]], dtype=torch.float64)",tensor([-255]),['n']
46.0,48.79798745514513,46.42273795663617,46.5411187851915,"tensor([[0.5000]], dtype=torch.float64)",tensor([-255]),['n']
68.0,69.97546163893963,68.07493202080752,68.17331177266686,"tensor([[0.5000]], dtype=torch.float64)",tensor([-255]),['n']
70.0,68.00349771891507,70.19948144420925,70.20636068815017,"tensor([[0.5000]], dtype=torch.float64)",tensor([-255]),['n']
43.0,41.39292030831831,43.7361388572101,43.91159446971581,"tensor([[0.5000]], dtype=torch.float64)",tensor([-255]),['s']
5.0,5.27217455193926,5.1664860221932,5.5569793281043225,"tensor([[0.5000]], dtype=torch.float64)",tensor([-255]),['n']
64.0,64.13019240208227,63.50429856280857,63.14944248793849,"tensor([[0.5000]], dtype=torch.float64)",tensor([-255]),['n']
48.0,47.89538056118151,48.310326773021764,48.03404394174804,"tensor([[0.5000]], dtype=torch.float64)",tensor([-255]),['s']
71.0,61.34324142273364,71.0,71.0,"tensor([[0.5000]], dtype=torch.float64)",tensor([-255]),['s']
37.0,35.58307199690232,36.774546045255796,36.559507778020404,"tensor([[0.5000]], dtype=torch.float64)",tensor([-255]),['n']
60.0,59.928290195447694,59.01848188895729,59.03715584436725,"tensor([[0.5000]], dtype=torch.float64)",tensor([-255]),['s']
26.0,25.074114656567684,25.99668834389063,25.75882948144983,"tensor([[0.5000]], dtype=torch.float64)",tensor([-255]),['s']
53.0,51.34717794799174,53.2380194754466,53.164467671441685,"tensor([[0.5000]], dtype=torch.float64)",tensor([-255]),['n']
66.0,63.322864621888584,65.64966846603487,65.77627054581912,"tensor([[0.5000]], dtype=torch.float64)",tensor([-255]),['s']
1.0,67.66678088776803,1.260497277553123,0.7075359349237913,"tensor([[0.5000]], dtype=torch.float64)",tensor([-255]),['s']
13.0,14.785166838857684,12.9177247959923,13.06219540441211,"tensor([[0.5000]], dtype=torch.float64)",tensor([-255]),['n']
1.0,4.076535660864209,1.595648512935497,1.3743544136752281,"tensor([[0.5000]], dtype=torch.float64)",tensor([-255]),['s']
45.0,37.82689593090564,45.69701821567311,46.17159240025064,"tensor([[0.5000]], dtype=torch.float64)",tensor([-255]),['s']
38.0,38.184498160446566,37.88217687728603,38.54250817199994,"tensor([[0.5000]], dtype=torch.float64)",tensor([-255]),['n']
51.0,49.024668914597356,51.73978924273372,51.35594397313717,"tensor([[0.5000]], dtype=torch.float64)",tensor([-255]),['s']
18.0,19.645229065744505,17.8939213518173,17.882772057459405,"tensor([[0.5000]], dtype=torch.float64)",tensor([-255]),['s']
36.0,58.23682837964021,35.656123067306424,35.34934516650975,"tensor([[0.5000]], dtype=torch.float64)",tensor([-255]),['n']
49.0,50.613046976753225,49.14314936479524,49.12221050080197,"tensor([[0.5000]], dtype=torch.float64)",tensor([-255]),['n']
48.0,45.71872685402727,48.98363736206657,49.085508523489096,"tensor([[0.5000]], dtype=torch.float64)",tensor([-255]),['s']
16.0,15.94347163859404,16.30605150360413,16.56211740500354,"tensor([[0.5000]], dtype=torch.float64)",tensor([-255]),['s']
50.0,48.46457096822422,50.25972935897192,50.2422278319187,"tensor([[0.5000]], dtype=torch.float64)",tensor([-255]),['n']
43.0,35.38020365976773,43.68732053544861,44.14659999152069,"tensor([[0.5000]], dtype=torch.float64)",tensor([-255]),['s']
41.0,34.942979191412604,46.32297171046836,41.87160533583041,"tensor([[0.5000]], dtype=torch.float64)",tensor([-255]),['s']
38.0,41.532224826137394,37.98725431569004,38.02900404684184,"tensor([[0.5000]], dtype=torch.float64)",tensor([-255]),['s']
16.0,13.698338464170972,15.791285334231146,15.91094112250068,"tensor([[0.5000]], dtype=torch.float64)",tensor([-255]),['n']
63.0,62.78349939104889,61.963595799404956,61.913554945577,"tensor([[0.5000]], dtype=torch.float64)",tensor([-255]),['s']
11.0,8.028772379099358,12.939619796892746,11.980085761072024,"tensor([[0.5000]], dtype=torch.float64)",tensor([-255]),['s']
46.0,34.10378210186059,46.92513106201205,47.35820354910364,"tensor([[0.5000]], dtype=torch.float64)",tensor([-255]),['s']
65.0,64.7093294780043,62.08641271496684,62.628302018359115,"tensor([[0.5000]], dtype=torch.float64)",tensor([-255]),['s']
29.0,40.13187346197191,27.6517440464794,28.207769784715545,"tensor([[0.5000]], dtype=torch.float64)",tensor([-255]),['s']
60.0,58.770148126157174,59.69703542122691,59.681040264646974,"tensor([[0.5000]], dtype=torch.float64)",tensor([-255]),['n']
1.0,6.50567973141837,1.3123056377225817,1.8347030991286184,"tensor([[0.5000]], dtype=torch.float64)",tensor([-255]),['s']
9.0,70.27628886733822,8.301062644659973,8.77977363867815,"tensor([[0.5000]], dtype=torch.float64)",tensor([-255]),['s']
70.0,0.9898721228728069,69.60286959727277,68.84905945383791,"tensor([[0.5000]], dtype=torch.float64)",tensor([-255]),['s']
69.0,0.7524211120800062,68.97480464908449,68.90939190671303,"tensor([[0.5000]], dtype=torch.float64)",tensor([-255]),['n']
71.0,68.5381839601277,71.0,70.93208882840887,"tensor([[0.5000]], dtype=torch.float64)",tensor([-255]),['s']
3.0,3.7072649714466754,2.390086145784524,3.0512958614568038,"tensor([[0.5000]], dtype=torch.float64)",tensor([-255]),['s']
37.0,40.9932955803507,37.33495446267937,37.52252903650491,"tensor([[0.5000]], dtype=torch.float64)",tensor([-255]),['s']
2.0,5.433125493368955,2.670028977734377,2.3734498927558225,"tensor([[0.5000]], dtype=torch.float64)",tensor([-255]),['s']
43.0,41.778501704286384,43.272016997048745,43.445444727757966,"tensor([[0.5000]], dtype=torch.float64)",tensor([-255]),['s']
47.0,47.250148077726536,47.2406321960977,48.177997106467124,"tensor([[0.5000]], dtype=torch.float64)",tensor([-255]),['s']
64.0,64.10296513761367,62.275276972157954,62.58860553336401,"tensor([[0.5000]], dtype=torch.float64)",tensor([-255]),['s']
23.0,24.263991556626458,22.934999431573328,22.934392172876958,"tensor([[0.5000]], dtype=torch.float64)",tensor([-255]),['n']
0.0,70.65117059252135,0.0,0.0,"tensor([[0.5000]], dtype=torch.float64)",tensor([-255]),['s']
20.0,21.0431763800645,19.91642599643821,19.855653754744882,"tensor([[0.5000]], dtype=torch.float64)",tensor([-255]),['s']
7.0,5.8650052063244065,6.74860520093775,6.9960190179896795,"tensor([[0.5000]], dtype=torch.float64)",tensor([-255]),['s']
60.0,60.98099559899577,59.24461704346478,58.839353443878395,"tensor([[0.5000]], dtype=torch.float64)",tensor([-255]),['s']
7.0,8.168972536565306,8.362953484880558,8.036843964699743,"tensor([[0.5000]], dtype=torch.float64)",tensor([-255]),['n']
46.0,45.713698625309746,46.72237804175172,47.050130836402474,"tensor([[0.5000]], dtype=torch.float64)",tensor([-255]),['s']
26.0,27.424198853522586,26.621785159655836,26.168632585754988,"tensor([[0.5000]], dtype=torch.float64)",tensor([-255]),['n']
69.0,69.48893925684354,69.59836852819797,68.22101393112594,"tensor([[0.5000]], dtype=torch.float64)",tensor([-255]),['n']
43.0,42.72546116358955,43.51684721694494,43.95154191128732,"tensor([[0.5000]], dtype=torch.float64)",tensor([-255]),['n']
47.0,47.46327248286992,47.44836018770767,48.152370301562144,"tensor([[0.5000]], dtype=torch.float64)",tensor([-255]),['s']
65.0,61.83954827860536,64.80395519344187,64.38854809651978,"tensor([[0.5000]], dtype=torch.float64)",tensor([-255]),['s']
61.0,60.14193083889217,60.68892992334319,60.15915880029448,"tensor([[0.5000]], dtype=torch.float64)",tensor([-255]),['n']
60.0,59.7868987169818,59.29928888553209,59.125231455002286,"tensor([[0.5000]], dtype=torch.float64)",tensor([-255]),['s']
0.0,68.59647886346018,0.0,0.0,"tensor([[0.5000]], dtype=torch.float64)",tensor([-255]),['s']
16.0,14.824381460744009,16.28643318900854,16.334632087916354,"tensor([[0.5000]], dtype=torch.float64)",tensor([-255]),['s']
65.0,65.74422252673212,61.93349696159143,64.04640666531068,"tensor([[0.5000]], dtype=torch.float64)",tensor([-255]),['s']
50.0,49.992367059231015,50.11791226930647,50.094971078974524,"tensor([[0.5000]], dtype=torch.float64)",tensor([-255]),['s']
13.0,11.422454050348977,13.147964198650861,13.185732821943184,"tensor([[0.5000]], dtype=torch.float64)",tensor([-255]),['s']
60.0,59.52025676272277,59.63433631909782,59.766959631477235,"tensor([[0.5000]], dtype=torch.float64)",tensor([-255]),['n']
8.0,6.817830196455562,8.091402789644908,8.730321171840053,"tensor([[0.5000]], dtype=torch.float64)",tensor([-255]),['n']
1.0,0.8462454911076802,0.7925261706789433,1.5827917993882776,"tensor([[0.5000]], dtype=torch.float64)",tensor([-255]),['n']
2.0,9.518880428662696,2.225405627298716,2.4680425967556503,"tensor([[0.5000]], dtype=torch.float64)",tensor([-255]),['s']
18.0,30.12705489917169,17.96624956025613,18.016163291126567,"tensor([[0.5000]], dtype=torch.float64)",tensor([-255]),['s']
36.0,41.56028831883052,36.015036271270716,35.05230812214251,"tensor([[0.5000]], dtype=torch.float64)",tensor([-255]),['s']
58.0,56.99301877973655,57.76244326898716,57.546885609678604,"tensor([[0.5000]], dtype=torch.float64)",tensor([-255]),['s']
56.0,15.8748935340049,55.309137692296794,55.92216721142368,"tensor([[0.5000]], dtype=torch.float64)",tensor([-255]),['s']
61.0,61.52609338663297,60.719411507964956,59.980717303776146,"tensor([[0.5000]], dtype=torch.float64)",tensor([-255]),['n']
44.0,46.53088267342312,44.25930388783753,44.49983029771608,"tensor([[0.5000]], dtype=torch.float64)",tensor([-255]),['n']
59.0,14.658831774415594,58.794240141017156,58.65559630976971,"tensor([[0.5000]], dtype=torch.float64)",tensor([-255]),['n']
56.0,30.457957927152606,55.784637092741875,55.929436293099435,"tensor([[0.5000]], dtype=torch.float64)",tensor([-255]),['s']
19.0,19.00807651505533,18.62982240358458,18.91705318302935,"tensor([[0.5000]], dtype=torch.float64)",tensor([-255]),['s']
21.0,22.24738318373695,21.339088145439717,20.99562268046321,"tensor([[0.5000]], dtype=torch.float64)",tensor([-255]),['s']
55.0,26.828558218009753,54.98296048491922,54.99345705747151,"tensor([[0.5000]], dtype=torch.float64)",tensor([-255]),['n']
28.0,28.039421726396476,28.065959420371122,26.252483996908296,"tensor([[0.5000]], dtype=torch.float64)",tensor([-255]),['s']
8.0,7.217295355674729,8.122564845746174,8.619016377257134,"tensor([[0.5000]], dtype=torch.float64)",tensor([-255]),['n']
27.0,29.34958436322309,26.712865198540804,26.190132768918165,"tensor([[0.5000]], dtype=torch.float64)",tensor([-255]),['s']
63.0,62.14618783382341,62.738672086156264,62.83427128813454,"tensor([[0.5000]], dtype=torch.float64)",tensor([-255]),['s']
9.0,9.588679501290496,9.017692263897109,9.634153284667043,"tensor([[0.5000]], dtype=torch.float64)",tensor([-255]),['s']
10.0,24.707572879032757,9.991218872321518,9.972124627853292,"tensor([[0.5000]], dtype=torch.float64)",tensor([-255]),['s']
36.0,38.61843374448499,36.170560815645445,36.489939218477076,"tensor([[0.5000]], dtype=torch.float64)",tensor([-255]),['s']
31.0,30.47642883618898,31.457261776426453,28.19209562588748,"tensor([[0.5000]], dtype=torch.float64)",tensor([-255]),['s']
56.0,6.859544274229911,55.690018935741094,55.8769648500513,"tensor([[0.5000]], dtype=torch.float64)",tensor([-255]),['n']
38.0,37.113031979074634,37.74738985496966,37.7348698709244,"tensor([[0.5000]], dtype=torch.float64)",tensor([-255]),['n']
38.0,36.19891492893152,38.307051059276965,38.61419591724617,"tensor([[0.5000]], dtype=torch.float64)",tensor([-255]),['n']
38.0,41.51821885570578,38.154998259209684,38.14116791950806,"tensor([[0.5000]], dtype=torch.float64)",tensor([-255]),['s']
33.0,33.716879797163585,33.318874602387034,33.279408533651385,"tensor([[0.5000]], dtype=torch.float64)",tensor([-255]),['n']
58.0,61.04153614618569,57.20999548144982,57.33331193553865,"tensor([[0.5000]], dtype=torch.float64)",tensor([-255]),['s']
13.0,25.039286636786485,13.675130725543944,13.030675441936431,"tensor([[0.5000]], dtype=torch.float64)",tensor([-255]),['s']
15.0,12.855264025228976,15.384880006872333,15.162922805847243,"tensor([[0.5000]], dtype=torch.float64)",tensor([-255]),['s']
3.0,2.765301876696092,2.8792666318306024,2.9212113180634156,"tensor([[0.5000]], dtype=torch.float64)",tensor([-255]),['s']
60.0,59.15841323851879,59.39130706261315,59.25496794842731,"tensor([[0.5000]], dtype=torch.float64)",tensor([-255]),['s']
9.0,8.43489072546577,8.923176978495627,8.863388267427112,"tensor([[0.5000]], dtype=torch.float64)",tensor([-255]),['n']
34.0,32.320623420187744,33.9844800346625,34.014305209651454,"tensor([[0.5000]], dtype=torch.float64)",tensor([-255]),['s']
21.0,20.714448275517707,21.511045639729165,21.15628568672828,"tensor([[0.5000]], dtype=torch.float64)",tensor([-255]),['s']
23.0,22.460901872668146,22.80480728866944,22.651907384917713,"tensor([[0.5000]], dtype=torch.float64)",tensor([-255]),['n']
36.0,32.643897996811305,36.16635955849675,35.65512890389674,"tensor([[0.5000]], dtype=torch.float64)",tensor([-255]),['s']
15.0,14.06871467456803,14.998817771837503,15.14933587728864,"tensor([[0.5000]], dtype=torch.float64)",tensor([-255]),['s']
9.0,5.0209452679283535,8.701496074356722,8.42910905354846,"tensor([[0.5000]], dtype=torch.float64)",tensor([-255]),['n']
48.0,49.14277392938086,48.21863407860392,48.32101959645585,"tensor([[0.5000]], dtype=torch.float64)",tensor([-255]),['s']
19.0,19.589449159561976,19.054189920640766,19.025441865115056,"tensor([[0.5000]], dtype=torch.float64)",tensor([-255]),['n']
40.0,39.39990470225889,40.153367497542845,40.64858373576357,"tensor([[0.5000]], dtype=torch.float64)",tensor([-255]),['s']
27.0,25.97468246977676,26.172089082088963,25.625198015734195,"tensor([[0.5000]], dtype=torch.float64)",tensor([-255]),['s']
70.0,3.060543706438369,69.85627057499427,69.9335396309395,"tensor([[0.5000]], dtype=torch.float64)",tensor([-255]),['n']
60.0,23.775297693993124,59.07737327145267,59.095911921384314,"tensor([[0.5000]], dtype=torch.float64)",tensor([-255]),['s']
5.0,1.224145373815613,5.341010638945499,5.290569819825329,"tensor([[0.5000]], dtype=torch.float64)",tensor([-255]),['s']
3.0,8.92887665183807,2.4677165807566914,2.945152301403888,"tensor([[0.5000]], dtype=torch.float64)",tensor([-255]),['n']
0.0,1.1608096743080458,0.4525551085127996,0.9396952701705532,"tensor([[0.5000]], dtype=torch.float64)",tensor([-255]),['s']
69.0,69.11514045947615,69.19987082252734,68.87382622820247,"tensor([[0.5000]], dtype=torch.float64)",tensor([-255]),['n']
23.0,25.034399587407147,22.91646081060833,22.891317329166462,"tensor([[0.5000]], dtype=torch.float64)",tensor([-255]),['n']
65.0,62.43307849267939,64.51186429796549,64.69866304163908,"tensor([[0.5000]], dtype=torch.float64)",tensor([-255]),['n']
3.0,67.89403264696767,2.869311958094367,3.109493386601738,"tensor([[0.5000]], dtype=torch.float64)",tensor([-255]),['s']
2.0,0.8149471350335951,1.9736472891797978,2.0493149880801775,"tensor([[0.5000]], dtype=torch.float64)",tensor([-255]),['n']
63.0,3.705431625667263,61.605796785097695,61.247750321636694,"tensor([[0.5000]], dtype=torch.float64)",tensor([-255]),['s']
7.0,56.33702182906433,6.52124183594842,6.813577705264947,"tensor([[0.5000]], dtype=torch.float64)",tensor([-255]),['n']
56.0,58.93193127795644,55.805298305766016,55.482129299161876,"tensor([[0.5000]], dtype=torch.float64)",tensor([-255]),['n']
1.0,2.279376372338036,1.1353274920787104,1.7023073251192617,"tensor([[0.5000]], dtype=torch.float64)",tensor([-255]),['n']
42.0,39.440322818173954,42.42480117430511,42.40366902018994,"tensor([[0.5000]], dtype=torch.float64)",tensor([-255]),['n']
69.0,2.8839047357686107,68.87434937587791,69.24705758048047,"tensor([[0.5000]], dtype=torch.float64)",tensor([-255]),['n']
55.0,55.79414789702223,54.76955414902269,54.700834223431904,"tensor([[0.5000]], dtype=torch.float64)",tensor([-255]),['n']
53.0,51.066934817587196,53.479740892061365,53.04716650314364,"tensor([[0.5000]], dtype=torch.float64)",tensor([-255]),['s']
7.0,8.855884647261888,7.14317406190037,10.018943566387293,"tensor([[0.5000]], dtype=torch.float64)",tensor([-255]),['n']
56.0,59.91063006457105,56.1942990904597,56.04784710426093,"tensor([[0.5000]], dtype=torch.float64)",tensor([-255]),['n']
30.0,27.47294609579329,30.131939084848185,29.98852625677623,"tensor([[0.5000]], dtype=torch.float64)",tensor([-255]),['s']
1.0,0.06185135645635978,0.9757795191395628,0.7932579769312982,"tensor([[0.5000]], dtype=torch.float64)",tensor([-255]),['s']
5.0,5.085310464914162,4.4108242369104635,4.704321240217869,"tensor([[0.5000]], dtype=torch.float64)",tensor([-255]),['n']
50.0,46.808071155052644,50.254708522124766,50.87278416363716,"tensor([[0.5000]], dtype=torch.float64)",tensor([-255]),['s']
26.0,27.02528143614543,25.750810435536458,25.170785365265168,"tensor([[0.5000]], dtype=torch.float64)",tensor([-255]),['n']
65.0,64.48420764268526,64.04755805959675,64.09339513860213,"tensor([[0.5000]], dtype=torch.float64)",tensor([-255]),['s']
64.0,61.73060571617432,63.51076924987882,63.53615505617816,"tensor([[0.5000]], dtype=torch.float64)",tensor([-255]),['n']
31.0,28.777423065591215,30.71710889295978,30.6644021666765,"tensor([[0.5000]], dtype=torch.float64)",tensor([-255]),['s']
38.0,40.016344068408365,37.97581555313167,38.002243754090394,"tensor([[0.5000]], dtype=torch.float64)",tensor([-255]),['n']
28.0,24.1235305350667,28.274056338051395,27.984593066061745,"tensor([[0.5000]], dtype=torch.float64)",tensor([-255]),['s']
24.0,22.001023566531224,23.755440946795474,23.78946208289068,"tensor([[0.5000]], dtype=torch.float64)",tensor([-255]),['n']
46.0,48.23728258909068,46.44250543587391,46.392949413953765,"tensor([[0.5000]], dtype=torch.float64)",tensor([-255]),['s']
1.0,70.72665938272812,1.0987995458105033,1.229383167577969,"tensor([[0.5000]], dtype=torch.float64)",tensor([-255]),['n']
18.0,13.119630427585701,18.075632679547045,18.014663622106532,"tensor([[0.5000]], dtype=torch.float64)",tensor([-255]),['n']
62.0,59.87268941403322,61.8013618700984,61.82633279935611,"tensor([[0.5000]], dtype=torch.float64)",tensor([-255]),['s']
51.0,52.18558347742612,51.73701738984909,51.890484719005194,"tensor([[0.5000]], dtype=torch.float64)",tensor([-255]),['n']
32.0,32.789289692051504,17.03406167604601,33.45819352587922,"tensor([[0.5000]], dtype=torch.float64)",tensor([-255]),['s']
23.0,28.37369439427286,22.790826800185645,21.59694648881073,"tensor([[0.5000]], dtype=torch.float64)",tensor([-255]),['s']
58.0,57.93030420794179,57.74533448494843,57.379912948022024,"tensor([[0.5000]], dtype=torch.float64)",tensor([-255]),['n']
37.0,39.71515556523178,37.12658928295139,36.74600496168814,"tensor([[0.5000]], dtype=torch.float64)",tensor([-255]),['s']
38.0,37.98243070830672,38.16527487555908,38.405178345804096,"tensor([[0.5000]], dtype=torch.float64)",tensor([-255]),['n']
23.0,21.08073158200356,23.0027912193088,22.907682912741606,"tensor([[0.5000]], dtype=torch.float64)",tensor([-255]),['n']
7.0,6.015474603890506,6.588333347536712,7.444526005485553,"tensor([[0.5000]], dtype=torch.float64)",tensor([-255]),['n']
51.0,32.10873453031554,51.816956832598066,51.92034870157689,"tensor([[0.5000]], dtype=torch.float64)",tensor([-255]),['n']
16.0,14.253419706286225,15.913072447262087,15.999668885598545,"tensor([[0.5000]], dtype=torch.float64)",tensor([-255]),['s']
25.0,23.235883962232066,24.9677039338506,24.520743468699514,"tensor([[0.5000]], dtype=torch.float64)",tensor([-255]),['n']
9.0,7.912064641030245,8.662499751083391,9.13113957807859,"tensor([[0.5000]], dtype=torch.float64)",tensor([-255]),['s']
46.0,41.00596789195295,46.63715195821347,47.157858748466,"tensor([[0.5000]], dtype=torch.float64)",tensor([-255]),['n']
21.0,20.836993640736882,21.139420337553478,20.995846482340934,"tensor([[0.5000]], dtype=torch.float64)",tensor([-255]),['n']
34.0,33.08897428933348,34.33168480303525,33.65889374594494,"tensor([[0.5000]], dtype=torch.float64)",tensor([-255]),['s']
71.0,66.3253638123634,70.79753580955419,70.56093468777657,"tensor([[0.5000]], dtype=torch.float64)",tensor([-255]),['n']
52.0,30.928903661270773,52.254947355524585,52.375570033100935,"tensor([[0.5000]], dtype=torch.float64)",tensor([-255]),['n']
30.0,32.31226379998724,29.6507803187279,29.74912116330388,"tensor([[0.5000]], dtype=torch.float64)",tensor([-255]),['n']
30.0,27.003126180542786,28.94635033349933,29.129763295153687,"tensor([[0.5000]], dtype=torch.float64)",tensor([-255]),['s']
40.0,41.89031179920587,40.32128966004894,39.004861202675656,"tensor([[0.5000]], dtype=torch.float64)",tensor([-255]),['n']
13.0,11.819709984526515,12.943496346911289,13.094246505591054,"tensor([[0.5000]], dtype=torch.float64)",tensor([-255]),['n']
8.0,9.551140013059097,7.4640656557719405,7.735076619681227,"tensor([[0.5000]], dtype=torch.float64)",tensor([-255]),['n']
33.0,30.30066853408196,32.854659071790344,31.39496718246065,"tensor([[0.5000]], dtype=torch.float64)",tensor([-255]),['n']
67.0,65.58717740648837,66.78149036689973,66.96196331371418,"tensor([[0.5000]], dtype=torch.float64)",tensor([-255]),['s']
48.0,47.87615081968734,48.3130741383233,48.7123099771915,"tensor([[0.5000]], dtype=torch.float64)",tensor([-255]),['n']
66.0,67.811643734318,65.7096094699924,65.06059410253363,"tensor([[0.5000]], dtype=torch.float64)",tensor([-255]),['s']
43.0,45.8018629911421,43.44181033313639,43.65983020588506,"tensor([[0.5000]], dtype=torch.float64)",tensor([-255]),['s']
54.0,53.07956802010142,53.87161523739974,53.958483347676925,"tensor([[0.5000]], dtype=torch.float64)",tensor([-255]),['n']
43.0,44.33205572124062,43.70020289463175,43.46718254699401,"tensor([[0.5000]], dtype=torch.float64)",tensor([-255]),['n']
59.0,58.19628570514507,58.384799825325544,58.213700563893404,"tensor([[0.5000]], dtype=torch.float64)",tensor([-255]),['s']
63.0,59.9603474352095,62.360828659265295,62.07039829581706,"tensor([[0.5000]], dtype=torch.float64)",tensor([-255]),['s']
10.0,9.771641170361157,9.963102543499746,10.039857870769554,"tensor([[0.5000]], dtype=torch.float64)",tensor([-255]),['n']
50.0,48.922991424773876,50.29953495941708,50.40301492473146,"tensor([[0.5000]], dtype=torch.float64)",tensor([-255]),['s']
22.0,66.16987644108939,22.626312110919585,21.976943191842505,"tensor([[0.5000]], dtype=torch.float64)",tensor([-255]),['s']
29.0,30.444580165199433,24.866296845618308,28.085374137298945,"tensor([[0.5000]], dtype=torch.float64)",tensor([-255]),['s']
64.0,62.05388220012086,63.549190593754844,63.32671163439867,"tensor([[0.5000]], dtype=torch.float64)",tensor([-255]),['s']
60.0,58.89945109214457,59.92732406575323,59.701926118179955,"tensor([[0.5000]], dtype=torch.float64)",tensor([-255]),['s']
16.0,17.124836186193157,16.09767275239193,16.09824366444332,"tensor([[0.5000]], dtype=torch.float64)",tensor([-255]),['n']
43.0,44.09368751519366,43.48096510504009,44.04027412257467,"tensor([[0.5000]], dtype=torch.float64)",tensor([-255]),['n']
70.0,69.90615815346193,69.73558811432854,69.22284279314304,"tensor([[0.5000]], dtype=torch.float64)",tensor([-255]),['n']
28.0,27.278655119694243,28.19566521093686,27.053256370286952,"tensor([[0.5000]], dtype=torch.float64)",tensor([-255]),['s']
51.0,52.023215542611425,51.45108887096134,51.740357620161326,"tensor([[0.5000]], dtype=torch.float64)",tensor([-255]),['n']
52.0,50.83304176534721,52.2858770946512,52.13111424746902,"tensor([[0.5000]], dtype=torch.float64)",tensor([-255]),['n']
4.0,2.230976566945157,4.077998740699989,4.071032448051606,"tensor([[0.5000]], dtype=torch.float64)",tensor([-255]),['s']
14.0,15.947424921765101,13.861361615251635,13.897340574740026,"tensor([[0.5000]], dtype=torch.float64)",tensor([-255]),['s']
47.0,44.32946217796631,47.5962855758188,48.02123605627626,"tensor([[0.5000]], dtype=torch.float64)",tensor([-255]),['s']
31.0,33.02630367483559,31.12248323612878,30.752044135246766,"tensor([[0.5000]], dtype=torch.float64)",tensor([-255]),['n']
35.0,33.25985597272253,35.80477801492634,35.78881873450474,"tensor([[0.5000]], dtype=torch.float64)",tensor([-255]),['s']
43.0,44.790230282117335,44.20582715208365,44.41452655132039,"tensor([[0.5000]], dtype=torch.float64)",tensor([-255]),['s']
56.0,16.120326340201622,55.97436871661552,55.98785297757679,"tensor([[0.5000]], dtype=torch.float64)",tensor([-255]),['s']
6.0,5.023425003470075,6.070865152698654,6.263044892720643,"tensor([[0.5000]], dtype=torch.float64)",tensor([-255]),['n']
8.0,6.885627119538448,8.979898878278993,8.507286832588132,"tensor([[0.5000]], dtype=torch.float64)",tensor([-255]),['s']
4.0,69.18442843368369,4.083566417692229,4.161999068235374,"tensor([[0.5000]], dtype=torch.float64)",tensor([-255]),['s']
38.0,36.60071237941073,38.37466370843394,38.62084853631303,"tensor([[0.5000]], dtype=torch.float64)",tensor([-255]),['s']
14.0,13.882339758110673,14.033213204717697,14.052940223383109,"tensor([[0.5000]], dtype=torch.float64)",tensor([-255]),['n']
12.0,45.084666952984975,12.104554745207025,12.14441754439795,"tensor([[0.5000]], dtype=torch.float64)",tensor([-255]),['n']
3.0,5.696329171366781,3.0365061001426614,3.697560538003382,"tensor([[0.5000]], dtype=torch.float64)",tensor([-255]),['n']
56.0,59.08644352429084,55.86462988473873,55.88643013753182,"tensor([[0.5000]], dtype=torch.float64)",tensor([-255]),['n']
28.0,28.09710149957013,27.541730444306467,27.24924145803934,"tensor([[0.5000]], dtype=torch.float64)",tensor([-255]),['s']
63.0,61.265655754049334,61.86775514505166,61.53726516145193,"tensor([[0.5000]], dtype=torch.float64)",tensor([-255]),['n']
48.0,47.9158997164854,48.528687883339245,48.79865896000865,"tensor([[0.5000]], dtype=torch.float64)",tensor([-255]),['n']
1.0,70.66923277744947,1.2792368626842583,1.7260986372909841,"tensor([[0.5000]], dtype=torch.float64)",tensor([-255]),['s']
13.0,24.95389015556357,13.170395805778453,13.322471768357264,"tensor([[0.5000]], dtype=torch.float64)",tensor([-255]),['n']
40.0,40.25881238309749,40.09969424007389,40.222444263266595,"tensor([[0.5000]], dtype=torch.float64)",tensor([-255]),['s']
71.0,66.80471441596404,70.96352164079055,70.8009057332979,"tensor([[0.5000]], dtype=torch.float64)",tensor([-255]),['s']
62.0,61.91036437682786,61.25590117853744,61.30242534579624,"tensor([[0.5000]], dtype=torch.float64)",tensor([-255]),['s']
59.0,60.03011322699443,58.63693291789302,58.40583371566294,"tensor([[0.5000]], dtype=torch.float64)",tensor([-255]),['n']
29.0,27.914177879502674,29.07979890423815,28.72271500213665,"tensor([[0.5000]], dtype=torch.float64)",tensor([-255]),['s']
55.0,49.98365786647918,55.02771519912439,54.87615716750648,"tensor([[0.5000]], dtype=torch.float64)",tensor([-255]),['s']
16.0,14.862148654616227,16.083508673668675,16.12152946777527,"tensor([[0.5000]], dtype=torch.float64)",tensor([-255]),['s']
40.0,42.61326137932511,41.06046461611029,40.68042998232635,"tensor([[0.5000]], dtype=torch.float64)",tensor([-255]),['s']
32.0,33.78650170755139,32.786320114827774,31.944865778239205,"tensor([[0.5000]], dtype=torch.float64)",tensor([-255]),['n']
71.0,1.713685206184699,70.84298998244248,70.77901013323539,"tensor([[0.5000]], dtype=torch.float64)",tensor([-255]),['n']
2.0,69.12203306548986,1.7889310336522017,2.058360228807081,"tensor([[0.5000]], dtype=torch.float64)",tensor([-255]),['n']
6.0,5.851159124913045,6.058746426961876,6.396720389838973,"tensor([[0.5000]], dtype=torch.float64)",tensor([-255]),['s']
5.0,6.75171160437668,5.9171068730139185,5.728222451914875,"tensor([[0.5000]], dtype=torch.float64)",tensor([-255]),['s']
57.0,5.864620107083317,56.247856797100695,56.098803395016546,"tensor([[0.5000]], dtype=torch.float64)",tensor([-255]),['s']
54.0,54.03846380335399,53.90603660839014,53.947142357799514,"tensor([[0.5000]], dtype=torch.float64)",tensor([-255]),['n']
2.0,1.3001205910190037,1.765281035649295,1.7316367370931691,"tensor([[0.5000]], dtype=torch.float64)",tensor([-255]),['s']
54.0,50.856701876338086,54.04970524867166,54.04164391076266,"tensor([[0.5000]], dtype=torch.float64)",tensor([-255]),['s']
58.0,59.84571495404542,57.48316295754219,57.68051323746917,"tensor([[0.5000]], dtype=torch.float64)",tensor([-255]),['s']
3.0,66.83544857007561,3.1379770184923355,3.200218348584292,"tensor([[0.5000]], dtype=torch.float64)",tensor([-255]),['n']
60.0,62.08224071810979,59.6447051651075,59.26007094679008,"tensor([[0.5000]], dtype=torch.float64)",tensor([-255]),['n']
36.0,36.198320869279016,36.04292209704557,36.362461100422614,"tensor([[0.5000]], dtype=torch.float64)",tensor([-255]),['s']
24.0,44.02134986111302,24.356303511154607,24.01114383055508,"tensor([[0.5000]], dtype=torch.float64)",tensor([-255]),['s']
48.0,47.00346481392089,48.27896484188235,48.96416513185216,"tensor([[0.5000]], dtype=torch.float64)",tensor([-255]),['s']
64.0,63.45569139564725,63.46560120696543,63.11489754980394,"tensor([[0.5000]], dtype=torch.float64)",tensor([-255]),['n']
10.0,10.181235590101412,9.95024457962599,11.759440057344097,"tensor([[0.5000]], dtype=torch.float64)",tensor([-255]),['n']
43.0,40.10909731802769,43.335207317972845,43.40177108530972,"tensor([[0.5000]], dtype=torch.float64)",tensor([-255]),['s']
12.0,11.98323703697558,12.174627455355164,12.342923952985737,"tensor([[0.5000]], dtype=torch.float64)",tensor([-255]),['n']
66.0,3.566740450715723,65.48887097946013,64.40905861677709,"tensor([[0.5000]], dtype=torch.float64)",tensor([-255]),['n']
16.0,16.100370948022963,15.37322376963015,15.878645768668907,"tensor([[0.5000]], dtype=torch.float64)",tensor([-255]),['s']
69.0,68.83960499947275,68.91872398507816,68.49528633540258,"tensor([[0.5000]], dtype=torch.float64)",tensor([-255]),['n']
4.0,8.102405694268784,3.7784191946742314,3.9586832775311493,"tensor([[0.5000]], dtype=torch.float64)",tensor([-255]),['n']
20.0,19.929312321224415,19.895720806244718,20.00203682570279,"tensor([[0.5000]], dtype=torch.float64)",tensor([-255]),['n']
58.0,58.96537668338689,57.68620399399814,57.58036529485075,"tensor([[0.5000]], dtype=torch.float64)",tensor([-255]),['s']
71.0,3.44513868719189,70.19486232602148,0.0,"tensor([[0.5000]], dtype=torch.float64)",tensor([-255]),['s']
46.0,45.08251862345996,46.6763608210321,46.98961337783633,"tensor([[0.5000]], dtype=torch.float64)",tensor([-255]),['s']
44.0,32.6086396043349,45.49380585513902,45.078646938744654,"tensor([[0.5000]], dtype=torch.float64)",tensor([-255]),['n']
10.0,9.893040681826403,9.88387573457095,10.62135983727507,"tensor([[0.5000]], dtype=torch.float64)",tensor([-255]),['n']
52.0,51.9992034640562,52.30863665583695,52.2068730758139,"tensor([[0.5000]], dtype=torch.float64)",tensor([-255]),['n']
44.0,43.6649393258815,45.424089112482626,46.178003883779,"tensor([[0.5000]], dtype=torch.float64)",tensor([-255]),['n']
1.0,69.24777227729352,0.642320615641832,1.6874985428928233,"tensor([[0.5000]], dtype=torch.float64)",tensor([-255]),['s']
10.0,9.841125644398577,9.511560663091826,9.53241857164462,"tensor([[0.5000]], dtype=torch.float64)",tensor([-255]),['n']
34.0,32.34372512996153,33.321393810197314,30.95973769597072,"tensor([[0.5000]], dtype=torch.float64)",tensor([-255]),['n']
43.0,43.064267755865544,43.169580581709965,43.666105841461885,"tensor([[0.5000]], dtype=torch.float64)",tensor([-255]),['n']
6.0,6.752490824972256,5.988749569059478,6.053997990619235,"tensor([[0.5000]], dtype=torch.float64)",tensor([-255]),['s']
66.0,63.90070060343988,65.38974691704495,65.26077110484961,"tensor([[0.5000]], dtype=torch.float64)",tensor([-255]),['n']
20.0,36.529239979357655,19.93393593940328,19.939752887164186,"tensor([[0.5000]], dtype=torch.float64)",tensor([-255]),['n']
45.0,42.92086524356194,45.39277687169863,45.971679766013274,"tensor([[0.5000]], dtype=torch.float64)",tensor([-255]),['n']
11.0,45.84027658985183,11.881501908003479,11.805333096775287,"tensor([[0.5000]], dtype=torch.float64)",tensor([-255]),['s']
59.0,59.41265543004855,58.33559919827802,58.12185685499105,"tensor([[0.5000]], dtype=torch.float64)",tensor([-255]),['n']
41.0,40.1703521519763,41.208456686978614,41.37351533706086,"tensor([[0.5000]], dtype=torch.float64)",tensor([-255]),['s']
52.0,53.682633602506286,52.25191657020947,52.03570787267541,"tensor([[0.5000]], dtype=torch.float64)",tensor([-255]),['s']
12.0,13.803695605824302,12.27748308863641,12.23475935651014,"tensor([[0.5000]], dtype=torch.float64)",tensor([-255]),['n']
51.0,49.268986177920254,51.275773687517955,51.21387749111067,"tensor([[0.5000]], dtype=torch.float64)",tensor([-255]),['n']
6.0,7.091485028225335,6.261103392240829,6.042019350930907,"tensor([[0.5000]], dtype=torch.float64)",tensor([-255]),['s']
17.0,18.400039386242206,17.13934423462959,16.9818690289708,"tensor([[0.5000]], dtype=torch.float64)",tensor([-255]),['n']
38.0,36.27121112716694,37.446665512675395,37.886549054996756,"tensor([[0.5000]], dtype=torch.float64)",tensor([-255]),['s']
50.0,49.137173831675625,50.19755949461296,50.38405046649275,"tensor([[0.5000]], dtype=torch.float64)",tensor([-255]),['n']
44.0,41.95918850514819,44.71370044681086,44.79029666705897,"tensor([[0.5000]], dtype=torch.float64)",tensor([-255]),['s']
21.0,23.172501732990384,20.697378049545065,20.7954786355296,"tensor([[0.5000]], dtype=torch.float64)",tensor([-255]),['s']
19.0,19.91065663351727,18.96982537247902,18.968001226586676,"tensor([[0.5000]], dtype=torch.float64)",tensor([-255]),['s']
65.0,62.082488606275874,64.10193396048324,64.11178897598545,"tensor([[0.5000]], dtype=torch.float64)",tensor([-255]),['s']
52.0,50.01000864969028,52.23081212139806,52.3160889320763,"tensor([[0.5000]], dtype=torch.float64)",tensor([-255]),['s']
5.0,4.28888672064891,4.976247052810076,5.335224600951576,"tensor([[0.5000]], dtype=torch.float64)",tensor([-255]),['n']
47.0,34.1413902240494,47.61963009859401,47.87351274997458,"tensor([[0.5000]], dtype=torch.float64)",tensor([-255]),['n']
49.0,49.23481976235868,49.29490510446456,49.76334128303518,"tensor([[0.5000]], dtype=torch.float64)",tensor([-255]),['n']
47.0,40.19475115051751,48.49895701657593,48.48527507257492,"tensor([[0.5000]], dtype=torch.float64)",tensor([-255]),['s']
50.0,48.715870374113265,50.20362369847853,50.55866604738774,"tensor([[0.5000]], dtype=torch.float64)",tensor([-255]),['n']
70.0,62.32884547493691,69.96424221279906,70.4522993642653,"tensor([[0.5000]], dtype=torch.float64)",tensor([-255]),['s']
55.0,55.929422444597876,54.96484782925456,54.973366575671825,"tensor([[0.5000]], dtype=torch.float64)",tensor([-255]),['n']
58.0,58.208870578094704,57.91089084803384,57.88413238464386,"tensor([[0.5000]], dtype=torch.float64)",tensor([-255]),['s']
46.0,46.11373898451731,46.51974691092666,46.74675591255861,"tensor([[0.5000]], dtype=torch.float64)",tensor([-255]),['s']
53.0,50.25302440928834,53.066042094722135,53.107010285733956,"tensor([[0.5000]], dtype=torch.float64)",tensor([-255]),['s']
2.0,4.267635859202294,58.199592210182644,2.1886245219427374,"tensor([[0.5000]], dtype=torch.float64)",tensor([-255]),['s']
60.0,59.17012880316565,59.65311725205857,59.12309870860096,"tensor([[0.5000]], dtype=torch.float64)",tensor([-255]),['n']
52.0,30.252889350648587,52.1555519966891,52.07335036076585,"tensor([[0.5000]], dtype=torch.float64)",tensor([-255]),['n']
10.0,9.858467754597852,10.300309760996853,10.97453719673688,"tensor([[0.5000]], dtype=torch.float64)",tensor([-255]),['n']
28.0,27.319575687787456,28.210189326751387,28.042608563957184,"tensor([[0.5000]], dtype=torch.float64)",tensor([-255]),['s']
42.0,41.682162956008,42.42094465149759,42.71702052556451,"tensor([[0.5000]], dtype=torch.float64)",tensor([-255]),['s']
42.0,41.716139088353245,41.78140559233631,41.76856859001086,"tensor([[0.5000]], dtype=torch.float64)",tensor([-255]),['s']
56.0,54.955124066520966,55.668761703871084,55.914233681077576,"tensor([[0.5000]], dtype=torch.float64)",tensor([-255]),['s']
1.0,1.9995463801689324,0.6790828899155382,1.4952260992027242,"tensor([[0.5000]], dtype=torch.float64)",tensor([-255]),['n']
6.0,4.961066403600624,5.767751005549318,5.826109152676263,"tensor([[0.5000]], dtype=torch.float64)",tensor([-255]),['s']
71.0,67.0068501733977,70.47602086033648,69.6757396500809,"tensor([[0.5000]], dtype=torch.float64)",tensor([-255]),['s']
12.0,8.694767645933508,11.783046638480748,11.827289567814375,"tensor([[0.5000]], dtype=torch.float64)",tensor([-255]),['n']
22.0,21.72977868581951,22.597652150529825,22.11669026780681,"tensor([[0.5000]], dtype=torch.float64)",tensor([-255]),['n']
6.0,4.269080378970657,5.672432315003451,5.986642993601608,"tensor([[0.5000]], dtype=torch.float64)",tensor([-255]),['s']
35.0,35.75841135479585,35.122700856250795,34.995182148083046,"tensor([[0.5000]], dtype=torch.float64)",tensor([-255]),['s']
53.0,53.28931979338246,53.426786639220005,53.1468735063565,"tensor([[0.5000]], dtype=torch.float64)",tensor([-255]),['s']
23.0,29.294232355179915,23.10447849802784,23.331958703760506,"tensor([[0.5000]], dtype=torch.float64)",tensor([-255]),['s']
37.0,36.236346536957406,36.900381950724274,36.8295424613054,"tensor([[0.5000]], dtype=torch.float64)",tensor([-255]),['n']
35.0,36.18035637233362,34.77103110539436,35.17790270538621,"tensor([[0.5000]], dtype=torch.float64)",tensor([-255]),['s']
40.0,32.28611624038343,40.169229202092026,40.66173252009243,"tensor([[0.5000]], dtype=torch.float64)",tensor([-255]),['n']
45.0,37.582768321936875,45.15756417585784,45.68272405504283,"tensor([[0.5000]], dtype=torch.float64)",tensor([-255]),['s']
67.0,67.49601490282275,66.73346777035121,66.1606443080939,"tensor([[0.5000]], dtype=torch.float64)",tensor([-255]),['n']
29.0,58.97616286921416,29.383730343629768,29.101403888090882,"tensor([[0.5000]], dtype=torch.float64)",tensor([-255]),['n']
30.0,32.22112116943805,28.82595318133083,28.95089299156749,"tensor([[0.5000]], dtype=torch.float64)",tensor([-255]),['n']
54.0,7.224746071579881,53.94939587246358,54.00754065126296,"tensor([[0.5000]], dtype=torch.float64)",tensor([-255]),['s']
14.0,15.556813560053834,14.158089727354753,14.080054793534456,"tensor([[0.5000]], dtype=torch.float64)",tensor([-255]),['s']
48.0,48.58049222724342,48.81260852220316,49.063545246800395,"tensor([[0.5000]], dtype=torch.float64)",tensor([-255]),['n']
51.0,50.04290079281579,51.48830913595681,51.74200664152071,"tensor([[0.5000]], dtype=torch.float64)",tensor([-255]),['s']
31.0,27.079051381948474,31.788520460852098,30.73134182405044,"tensor([[0.5000]], dtype=torch.float64)",tensor([-255]),['n']
13.0,13.525801175168034,12.28520479939133,12.273457087112652,"tensor([[0.5000]], dtype=torch.float64)",tensor([-255]),['s']
23.0,23.96515666223818,23.043766302982696,22.84538791550973,"tensor([[0.5000]], dtype=torch.float64)",tensor([-255]),['n']
30.0,32.413019497869016,29.868015462385653,30.541418764250547,"tensor([[0.5000]], dtype=torch.float64)",tensor([-255]),['s']
19.0,64.54036834920788,19.3102870938937,19.088372948167073,"tensor([[0.5000]], dtype=torch.float64)",tensor([-255]),['s']
60.0,63.36142817850612,58.84985666494045,59.02972645620537,"tensor([[0.5000]], dtype=torch.float64)",tensor([-255]),['s']
51.0,50.2169137560723,51.236440809404236,51.0756750586737,"tensor([[0.5000]], dtype=torch.float64)",tensor([-255]),['n']
47.0,37.736243919178634,47.92572862925422,48.09150857785632,"tensor([[0.5000]], dtype=torch.float64)",tensor([-255]),['n']
24.0,25.99311706306525,23.66511175606384,23.14708232273741,"tensor([[0.5000]], dtype=torch.float64)",tensor([-255]),['s']
38.0,35.92719265209209,38.46895006958913,38.77177986264232,"tensor([[0.5000]], dtype=torch.float64)",tensor([-255]),['n']
47.0,48.703150074966885,47.78373870268406,48.137237908999424,"tensor([[0.5000]], dtype=torch.float64)",tensor([-255]),['n']
33.0,33.186861864494574,26.205670824219606,31.006494631502715,"tensor([[0.5000]], dtype=torch.float64)",tensor([-255]),['s']
65.0,62.054481916654304,63.742386868692854,63.19558871880236,"tensor([[0.5000]], dtype=torch.float64)",tensor([-255]),['n']
24.0,24.32164572035798,23.769836297392708,23.196667767023772,"tensor([[0.5000]], dtype=torch.float64)",tensor([-255]),['n']
48.0,45.84628203136781,48.19841512993385,48.45269945539062,"tensor([[0.5000]], dtype=torch.float64)",tensor([-255]),['n']
31.0,28.33167010606514,31.470220005156694,31.386678577077564,"tensor([[0.5000]], dtype=torch.float64)",tensor([-255]),['n']
8.0,56.64043982796311,7.671900479254725,8.006013306922094,"tensor([[0.5000]], dtype=torch.float64)",tensor([-255]),['n']
67.0,70.2739727524713,66.87759057894527,63.951025693938604,"tensor([[0.5000]], dtype=torch.float64)",tensor([-255]),['n']
39.0,33.45994190270285,39.50779286905108,39.50796682440039,"tensor([[0.5000]], dtype=torch.float64)",tensor([-255]),['s']
67.0,63.8977548383813,66.97332001117323,66.98001656385782,"tensor([[0.5000]], dtype=torch.float64)",tensor([-255]),['n']
60.0,62.18603035681281,59.66942203316475,58.41545430780844,"tensor([[0.5000]], dtype=torch.float64)",tensor([-255]),['n']
60.0,42.32154275635255,59.79052746451806,59.41081290799476,"tensor([[0.5000]], dtype=torch.float64)",tensor([-255]),['s']
36.0,33.61881485021342,52.900782899582424,35.55794766512981,"tensor([[0.5000]], dtype=torch.float64)",tensor([-255]),['s']
16.0,16.871030687911357,16.17648434978923,16.22512680189009,"tensor([[0.5000]], dtype=torch.float64)",tensor([-255]),['n']
54.0,59.16477843922972,53.79469174516547,53.8211691524614,"tensor([[0.5000]], dtype=torch.float64)",tensor([-255]),['s']
50.0,50.70239463569452,50.12952111252666,50.272805524480745,"tensor([[0.5000]], dtype=torch.float64)",tensor([-255]),['n']
42.0,40.869683879762675,42.286028761187495,42.070698778983726,"tensor([[0.5000]], dtype=torch.float64)",tensor([-255]),['s']
39.0,41.45191871699639,39.754342508619146,39.13259994083395,"tensor([[0.5000]], dtype=torch.float64)",tensor([-255]),['s']
67.0,69.43108433750788,66.34614176495619,66.25469431635457,"tensor([[0.5000]], dtype=torch.float64)",tensor([-255]),['s']
29.0,27.41679356347388,29.194996482092634,28.887522787708882,"tensor([[0.5000]], dtype=torch.float64)",tensor([-255]),['s']
35.0,32.14138280275681,34.992873643878816,34.63656708602656,"tensor([[0.5000]], dtype=torch.float64)",tensor([-255]),['n']
8.0,6.530776161286722,9.055447067491034,9.177867723232547,"tensor([[0.5000]], dtype=torch.float64)",tensor([-255]),['s']
71.0,66.59032088510347,70.5651280167929,70.17767845719395,"tensor([[0.5000]], dtype=torch.float64)",tensor([-255]),['s']
25.0,24.313011658630437,25.054712308672656,24.908149351667777,"tensor([[0.5000]], dtype=torch.float64)",tensor([-255]),['s']
13.0,12.065060565786567,13.09809395152952,13.392688205961168,"tensor([[0.5000]], dtype=torch.float64)",tensor([-255]),['s']
16.0,14.946039472696267,15.931873879593091,16.216934279321066,"tensor([[0.5000]], dtype=torch.float64)",tensor([-255]),['s']
44.0,42.7825047742197,44.49166713818283,45.34047442274414,"tensor([[0.5000]], dtype=torch.float64)",tensor([-255]),['n']
0.0,70.95559087907473,0.5961487607690146,0.7955656442539933,"tensor([[0.5000]], dtype=torch.float64)",tensor([-255]),['s']
55.0,56.95841831634525,54.7793717072999,54.732424999399406,"tensor([[0.5000]], dtype=torch.float64)",tensor([-255]),['s']
22.0,20.00115776384721,22.031435937178465,22.02653687372122,"tensor([[0.5000]], dtype=torch.float64)",tensor([-255]),['s']
16.0,66.51734842757907,16.084779276764028,16.032158235153155,"tensor([[0.5000]], dtype=torch.float64)",tensor([-255]),['s']
10.0,9.962776196835886,10.614514755422531,10.902567752953553,"tensor([[0.5000]], dtype=torch.float64)",tensor([-255]),['s']
0.0,68.065020929102,0.0,70.59243345645115,"tensor([[0.5000]], dtype=torch.float64)",tensor([-255]),['n']
28.0,29.28395094254062,27.581474331616754,28.06132218206952,"tensor([[0.5000]], dtype=torch.float64)",tensor([-255]),['s']
66.0,64.45164274579662,65.82209835617378,65.6937550315756,"tensor([[0.5000]], dtype=torch.float64)",tensor([-255]),['s']
36.0,36.19461600646445,35.93081265429825,36.032803467602946,"tensor([[0.5000]], dtype=torch.float64)",tensor([-255]),['s']
18.0,16.414089587648526,18.006186684556,18.019396391134272,"tensor([[0.5000]], dtype=torch.float64)",tensor([-255]),['s']
1.0,2.796336918388615,0.8924127490997869,1.3507838367050717,"tensor([[0.5000]], dtype=torch.float64)",tensor([-255]),['s']
23.0,24.644948424090593,22.372348285851213,22.56721707817213,"tensor([[0.5000]], dtype=torch.float64)",tensor([-255]),['n']
35.0,37.73103895746334,34.84836591537147,34.61844949148673,"tensor([[0.5000]], dtype=torch.float64)",tensor([-255]),['n']
54.0,30.39331213452909,54.00438012720367,54.0136057388527,"tensor([[0.5000]], dtype=torch.float64)",tensor([-255]),['n']
52.0,30.19072909054614,51.909770638281955,52.19189115703458,"tensor([[0.5000]], dtype=torch.float64)",tensor([-255]),['n']
26.0,27.2284325002806,26.189771063417847,25.72367639217765,"tensor([[0.5000]], dtype=torch.float64)",tensor([-255]),['n']
35.0,31.13866523717714,34.93154451481818,34.84112099071271,"tensor([[0.5000]], dtype=torch.float64)",tensor([-255]),['n']
48.0,46.71664498707351,48.83767808222979,49.10484304236701,"tensor([[0.5000]], dtype=torch.float64)",tensor([-255]),['s']
3.0,70.99797265750252,2.7706258224762204,2.974159634880966,"tensor([[0.5000]], dtype=torch.float64)",tensor([-255]),['n']
30.0,32.73224947810453,30.528282065919008,29.901615947430663,"tensor([[0.5000]], dtype=torch.float64)",tensor([-255]),['n']
0.0,1.7665053078125346,0.1469391690216099,0.22973932228449587,"tensor([[0.5000]], dtype=torch.float64)",tensor([-255]),['s']
64.0,61.28998215770014,63.14398675017867,63.22955737674237,"tensor([[0.5000]], dtype=torch.float64)",tensor([-255]),['s']
60.0,60.250773385418256,59.6497049579671,59.15363629322861,"tensor([[0.5000]], dtype=torch.float64)",tensor([-255]),['n']
50.0,49.25503931596213,50.23747131086562,50.4243293721607,"tensor([[0.5000]], dtype=torch.float64)",tensor([-255]),['s']
8.0,34.98097305468242,8.20568689836747,8.113942872247634,"tensor([[0.5000]], dtype=torch.float64)",tensor([-255]),['s']
53.0,50.31986987084474,53.462457472746316,53.676416698001326,"tensor([[0.5000]], dtype=torch.float64)",tensor([-255]),['s']
45.0,44.32160612284022,46.065896277334446,46.686961626016,"tensor([[0.5000]], dtype=torch.float64)",tensor([-255]),['s']
23.0,23.381226619900087,23.122384386813003,22.899919033876962,"tensor([[0.5000]], dtype=torch.float64)",tensor([-255]),['s']
70.0,59.62337957126534,69.6642153099873,70.21922942750176,"tensor([[0.5000]], dtype=torch.float64)",tensor([-255]),['s']
3.0,10.400549252563085,3.4648645478795084,3.2521737940966244,"tensor([[0.5000]], dtype=torch.float64)",tensor([-255]),['s']
0.0,68.12755864289147,0.12730594451209248,0.0,"tensor([[0.5000]], dtype=torch.float64)",tensor([-255]),['s']
52.0,50.25546250885245,52.053908440079994,52.06289691694369,"tensor([[0.5000]], dtype=torch.float64)",tensor([-255]),['s']
23.0,22.932887585332768,22.99274967924469,22.772470858342412,"tensor([[0.5000]], dtype=torch.float64)",tensor([-255]),['s']
16.0,17.040282828599388,16.01957991734737,16.01756263557309,"tensor([[0.5000]], dtype=torch.float64)",tensor([-255]),['n']
14.0,12.807002286924803,14.01008484800354,14.114683839803417,"tensor([[0.5000]], dtype=torch.float64)",tensor([-255]),['n']
23.0,21.92714592483453,23.65287390125143,23.036196807843655,"tensor([[0.5000]], dtype=torch.float64)",tensor([-255]),['s']
15.0,25.178137485973632,14.497056857897395,14.523382894764678,"tensor([[0.5000]], dtype=torch.float64)",tensor([-255]),['n']
34.0,41.8258744287022,33.859475600813795,33.16262231723987,"tensor([[0.5000]], dtype=torch.float64)",tensor([-255]),['n']
46.0,47.9236370372941,46.434718233033706,46.72194813748349,"tensor([[0.5000]], dtype=torch.float64)",tensor([-255]),['n']
18.0,25.110112393149677,17.815932169346862,17.814949524153626,"tensor([[0.5000]], dtype=torch.float64)",tensor([-255]),['s']
22.0,29.31739275612741,21.850499174048867,21.87193466850403,"tensor([[0.5000]], dtype=torch.float64)",tensor([-255]),['n']
9.0,8.692714707102912,8.324067324688372,8.209607157799633,"tensor([[0.5000]], dtype=torch.float64)",tensor([-255]),['n']
17.0,16.937046641945802,17.11521714200097,17.05802119392505,"tensor([[0.5000]], dtype=torch.float64)",tensor([-255]),['s']
12.0,14.847777736954122,12.25951635248946,12.401908996719778,"tensor([[0.5000]], dtype=torch.float64)",tensor([-255]),['s']
52.0,49.42108641323695,52.35454647633028,52.35905067017352,"tensor([[0.5000]], dtype=torch.float64)",tensor([-255]),['n']
23.0,22.82064128275891,23.001402275266535,22.930900700815805,"tensor([[0.5000]], dtype=torch.float64)",tensor([-255]),['n']
40.0,37.86226437037055,40.06293297259675,40.043997695651925,"tensor([[0.5000]], dtype=torch.float64)",tensor([-255]),['s']
22.0,65.84168000148543,22.12786367368374,22.031018123075935,"tensor([[0.5000]], dtype=torch.float64)",tensor([-255]),['n']
6.0,5.935579888384893,6.741160101431235,6.90067051258004,"tensor([[0.5000]], dtype=torch.float64)",tensor([-255]),['s']
60.0,59.154411666203245,59.60338491945805,59.536940373701775,"tensor([[0.5000]], dtype=torch.float64)",tensor([-255]),['n']
33.0,35.66753229954363,33.38014083956292,32.30264875791879,"tensor([[0.5000]], dtype=torch.float64)",tensor([-255]),['n']
66.0,65.94135912377808,65.67394390868137,64.86033278192588,"tensor([[0.5000]], dtype=torch.float64)",tensor([-255]),['n']
2.0,69.89250628781275,1.6953927905250372,4.722847171227475,"tensor([[0.5000]], dtype=torch.float64)",tensor([-255]),['n']
26.0,24.87825482310994,26.016521521482495,25.976246109486322,"tensor([[0.5000]], dtype=torch.float64)",tensor([-255]),['s']
25.0,24.1693830566159,25.35804402100031,24.982392562270963,"tensor([[0.5000]], dtype=torch.float64)",tensor([-255]),['n']
12.0,11.320584119165064,11.337812712055158,11.305197513263613,"tensor([[0.5000]], dtype=torch.float64)",tensor([-255]),['s']
39.0,34.30014362590997,39.88330180860673,41.04768516867292,"tensor([[0.5000]], dtype=torch.float64)",tensor([-255]),['n']
1.0,2.0789306193966874,1.7624895069837363,1.642874229388784,"tensor([[0.5000]], dtype=torch.float64)",tensor([-255]),['n']
48.0,50.92479146488019,48.23283786874489,48.74007059678552,"tensor([[0.5000]], dtype=torch.float64)",tensor([-255]),['n']
58.0,28.155097801662563,57.66983640816065,57.760115918632934,"tensor([[0.5000]], dtype=torch.float64)",tensor([-255]),['n']
65.0,65.05333727481961,64.3550697954103,64.70736868929441,"tensor([[0.5000]], dtype=torch.float64)",tensor([-255]),['s']
25.0,29.17479591355114,25.299405012655487,23.32147203188553,"tensor([[0.5000]], dtype=torch.float64)",tensor([-255]),['n']
36.0,37.20789732843807,35.86441092080681,35.782344314200806,"tensor([[0.5000]], dtype=torch.float64)",tensor([-255]),['n']
37.0,30.083930965585715,36.76311169759744,37.369563106636626,"tensor([[0.5000]], dtype=torch.float64)",tensor([-255]),['s']
68.0,11.922351125789811,67.72088074197724,66.92441057745953,"tensor([[0.5000]], dtype=torch.float64)",tensor([-255]),['s']
50.0,46.62187800012502,50.76397865888055,51.099265720036506,"tensor([[0.5000]], dtype=torch.float64)",tensor([-255]),['s']
30.0,35.92429240313242,30.016137539430456,29.45697955255067,"tensor([[0.5000]], dtype=torch.float64)",tensor([-255]),['s']
59.0,57.97353237769947,58.42030037379927,58.01045362536599,"tensor([[0.5000]], dtype=torch.float64)",tensor([-255]),['n']
39.0,40.15669416309265,39.53089623424453,39.35965953196524,"tensor([[0.5000]], dtype=torch.float64)",tensor([-255]),['s']
52.0,6.430260913457741,52.20577421022054,52.104928589563684,"tensor([[0.5000]], dtype=torch.float64)",tensor([-255]),['n']
50.0,47.89294907682769,50.60803383225266,50.89638780785822,"tensor([[0.5000]], dtype=torch.float64)",tensor([-255]),['n']
28.0,30.710440604015382,27.854045680577073,27.853476868624995,"tensor([[0.5000]], dtype=torch.float64)",tensor([-255]),['n']
51.0,8.797859617961015,50.829476236209786,51.7593125448226,"tensor([[0.5000]], dtype=torch.float64)",tensor([-255]),['s']
5.0,69.06085598003486,4.736261119408397,4.922642889373901,"tensor([[0.5000]], dtype=torch.float64)",tensor([-255]),['n']
11.0,8.92324913380545,10.902496171998463,11.072066368259403,"tensor([[0.5000]], dtype=torch.float64)",tensor([-255]),['n']
70.0,66.16129305008204,69.64124929457024,69.6606459064434,"tensor([[0.5000]], dtype=torch.float64)",tensor([-255]),['s']
13.0,30.40009579926984,12.890581160816412,12.9678490295625,"tensor([[0.5000]], dtype=torch.float64)",tensor([-255]),['s']
13.0,63.914102934211,12.85298223592907,13.054183153543804,"tensor([[0.5000]], dtype=torch.float64)",tensor([-255]),['s']
50.0,47.83953790222169,50.10343307739047,50.13127603855818,"tensor([[0.5000]], dtype=torch.float64)",tensor([-255]),['n']
26.0,28.459670088885638,25.968833694288154,25.914520428167,"tensor([[0.5000]], dtype=torch.float64)",tensor([-255]),['n']
66.0,64.21334095607267,65.93407153676709,65.77734959769778,"tensor([[0.5000]], dtype=torch.float64)",tensor([-255]),['n']
42.0,43.9152217950803,42.22204943964127,42.76880788137679,"tensor([[0.5000]], dtype=torch.float64)",tensor([-255]),['s']
17.0,15.236214980597047,17.442189217016818,17.202817337807463,"tensor([[0.5000]], dtype=torch.float64)",tensor([-255]),['s']
21.0,23.049449092102556,20.998907385072044,20.88906547614584,"tensor([[0.5000]], dtype=torch.float64)",tensor([-255]),['n']
35.0,34.33591242987475,35.15592627684324,35.08264069774346,"tensor([[0.5000]], dtype=torch.float64)",tensor([-255]),['n']
34.0,33.37641967729032,33.66679445296142,33.427826080750634,"tensor([[0.5000]], dtype=torch.float64)",tensor([-255]),['n']
22.0,24.744461790485676,22.772051196451322,22.03068206641852,"tensor([[0.5000]], dtype=torch.float64)",tensor([-255]),['s']
30.0,27.29796165907668,26.321742526580604,30.03628768780586,"tensor([[0.5000]], dtype=torch.float64)",tensor([-255]),['s']
37.0,36.64426435306624,36.9881151941401,37.01215074014774,"tensor([[0.5000]], dtype=torch.float64)",tensor([-255]),['n']
14.0,16.046753954697884,14.047811857395937,14.222204199807088,"tensor([[0.5000]], dtype=torch.float64)",tensor([-255]),['n']
31.0,28.02178909923996,31.37435643823659,31.699665295611968,"tensor([[0.5000]], dtype=torch.float64)",tensor([-255]),['s']
51.0,8.64308513508037,51.28730170815258,51.27091650364208,"tensor([[0.5000]], dtype=torch.float64)",tensor([-255]),['n']
14.0,12.871346630303044,13.279901149389806,13.469606269591713,"tensor([[0.5000]], dtype=torch.float64)",tensor([-255]),['s']
23.0,24.389419314208418,23.003364790668797,22.988927033867082,"tensor([[0.5000]], dtype=torch.float64)",tensor([-255]),['n']
39.0,38.2458692717738,38.90856158996468,39.02297377480538,"tensor([[0.5000]], dtype=torch.float64)",tensor([-255]),['s']
8.0,8.979807744335535,8.411426098075571,8.703212251348607,"tensor([[0.5000]], dtype=torch.float64)",tensor([-255]),['n']
29.0,26.999876442148576,29.00651063815602,29.013486252426365,"tensor([[0.5000]], dtype=torch.float64)",tensor([-255]),['n']
68.0,1.4439604440583256,68.05080078668142,67.1334216891068,"tensor([[0.5000]], dtype=torch.float64)",tensor([-255]),['s']
48.0,46.89887393749217,48.909344651463414,49.098393894792075,"tensor([[0.5000]], dtype=torch.float64)",tensor([-255]),['n']
27.0,25.966547789446203,26.968988570718427,26.919128305229457,"tensor([[0.5000]], dtype=torch.float64)",tensor([-255]),['s']
54.0,54.15980830567542,53.99071182255578,54.00339065280525,"tensor([[0.5000]], dtype=torch.float64)",tensor([-255]),['n']
23.0,47.568499605251546,22.41012556241664,22.956701539541726,"tensor([[0.5000]], dtype=torch.float64)",tensor([-255]),['s']
16.0,15.978166229365549,16.008022456102946,16.04304444841345,"tensor([[0.5000]], dtype=torch.float64)",tensor([-255]),['s']
47.0,49.18656855566289,47.139002693431884,48.317103074426676,"tensor([[0.5000]], dtype=torch.float64)",tensor([-255]),['s']
22.0,20.870517490277688,21.970789049227427,21.460138770344084,"tensor([[0.5000]], dtype=torch.float64)",tensor([-255]),['s']
6.0,5.926419032053429,10.100998544610052,5.760953852411218,"tensor([[0.5000]], dtype=torch.float64)",tensor([-255]),['s']
44.0,42.71791506716913,44.360032734689504,44.28840898919831,"tensor([[0.5000]], dtype=torch.float64)",tensor([-255]),['s']
56.0,55.165275407451496,55.44890274263707,55.633161024813575,"tensor([[0.5000]], dtype=torch.float64)",tensor([-255]),['s']
61.0,62.43404342003771,60.33451086937858,59.87682815777705,"tensor([[0.5000]], dtype=torch.float64)",tensor([-255]),['s']
34.0,33.004283597087365,33.958537702161024,32.56761713296011,"tensor([[0.5000]], dtype=torch.float64)",tensor([-255]),['n']
43.0,36.94636811961591,43.57143142180633,45.9583651864334,"tensor([[0.5000]], dtype=torch.float64)",tensor([-255]),['n']
66.0,63.86765905629672,65.54159162938265,65.73534601089256,"tensor([[0.5000]], dtype=torch.float64)",tensor([-255]),['s']
30.0,29.483625532451928,30.034977116044956,28.99341832358754,"tensor([[0.5000]], dtype=torch.float64)",tensor([-255]),['n']
58.0,58.57204371333742,57.74774939209395,57.136834984773856,"tensor([[0.5000]], dtype=torch.float64)",tensor([-255]),['n']
38.0,39.87972653756553,38.26198978405451,39.71478597495155,"tensor([[0.5000]], dtype=torch.float64)",tensor([-255]),['s']
69.0,1.295070959979637,68.91649384862401,68.88007722187243,"tensor([[0.5000]], dtype=torch.float64)",tensor([-255]),['n']
25.0,25.02646583168623,25.27333897839353,25.10689410340348,"tensor([[0.5000]], dtype=torch.float64)",tensor([-255]),['n']
35.0,28.101492563303633,35.23806443008292,35.30208339648651,"tensor([[0.5000]], dtype=torch.float64)",tensor([-255]),['n']
6.0,8.803463328463245,5.990263113634752,6.013680221927052,"tensor([[0.5000]], dtype=torch.float64)",tensor([-255]),['s']
38.0,37.92318478221032,37.98742103817901,37.97719238551222,"tensor([[0.5000]], dtype=torch.float64)",tensor([-255]),['s']
32.0,31.825429686383895,32.1048366370932,31.09605251469891,"tensor([[0.5000]], dtype=torch.float64)",tensor([-255]),['s']
5.0,2.805351501895649,4.406595455272779,4.51912099287419,"tensor([[0.5000]], dtype=torch.float64)",tensor([-255]),['n']
24.0,24.029087179211153,23.884788645288832,23.784459421267787,"tensor([[0.5000]], dtype=torch.float64)",tensor([-255]),['s']
10.0,49.11224772302591,9.912000387451542,10.162640603052422,"tensor([[0.5000]], dtype=torch.float64)",tensor([-255]),['s']
43.0,39.41879530209967,43.83728277039634,46.14870783335942,"tensor([[0.5000]], dtype=torch.float64)",tensor([-255]),['n']
7.0,4.695391058233299,61.14112374978152,61.00179680429725,"tensor([[0.5000]], dtype=torch.float64)",tensor([-255]),['s']
25.0,23.892791457128105,25.394529857364795,25.023075824581923,"tensor([[0.5000]], dtype=torch.float64)",tensor([-255]),['s']
15.0,11.724800629379827,15.098683483645091,15.103568124559446,"tensor([[0.5000]], dtype=torch.float64)",tensor([-255]),['n']
65.0,70.59049599024749,64.3119899584187,64.03434820784628,"tensor([[0.5000]], dtype=torch.float64)",tensor([-255]),['s']
4.0,69.1919542934412,3.8950453418813065,4.09489871762621,"tensor([[0.5000]], dtype=torch.float64)",tensor([-255]),['s']
66.0,53.839242939120524,65.01247795917264,65.4483660472741,"tensor([[0.5000]], dtype=torch.float64)",tensor([-255]),['s']
9.0,9.99978384203331,8.716722048539973,8.899118325475225,"tensor([[0.5000]], dtype=torch.float64)",tensor([-255]),['s']
56.0,58.46453290952595,55.70224745333189,55.645422036023405,"tensor([[0.5000]], dtype=torch.float64)",tensor([-255]),['s']
29.0,29.486599656080674,29.278884954176494,29.165243424157588,"tensor([[0.5000]], dtype=torch.float64)",tensor([-255]),['s']
17.0,17.25140511721188,16.92705284643385,16.96955331651896,"tensor([[0.5000]], dtype=torch.float64)",tensor([-255]),['n']
18.0,17.29823037469358,17.780091028884787,17.884957793547695,"tensor([[0.5000]], dtype=torch.float64)",tensor([-255]),['n']
17.0,16.849917076880452,16.83617965004937,16.99423298936561,"tensor([[0.5000]], dtype=torch.float64)",tensor([-255]),['s']
16.0,65.66637656205506,16.05255515496838,16.052451018793377,"tensor([[0.5000]], dtype=torch.float64)",tensor([-255]),['n']
65.0,66.88654080650883,64.63862569369665,64.85474822591058,"tensor([[0.5000]], dtype=torch.float64)",tensor([-255]),['n']
60.0,61.46514119955417,59.5575639631211,59.355106984290764,"tensor([[0.5000]], dtype=torch.float64)",tensor([-255]),['s']
44.0,41.832382321045806,48.21117279688733,44.00976469787085,"tensor([[0.5000]], dtype=torch.float64)",tensor([-255]),['s']
31.0,37.11726189415886,31.283167320709747,31.27258009305434,"tensor([[0.5000]], dtype=torch.float64)",tensor([-255]),['n']
38.0,40.84330916935504,37.759673653877556,37.89068091813308,"tensor([[0.5000]], dtype=torch.float64)",tensor([-255]),['s']
9.0,11.089389841173741,7.808088387603705,8.093416319497088,"tensor([[0.5000]], dtype=torch.float64)",tensor([-255]),['s']
22.0,24.813883177538848,22.132156593843277,21.94485324815482,"tensor([[0.5000]], dtype=torch.float64)",tensor([-255]),['s']
31.0,31.722057630055915,31.298564036051175,31.194698777256118,"tensor([[0.5000]], dtype=torch.float64)",tensor([-255]),['s']
55.0,55.06003126912376,54.72493593203593,54.831036948543115,"tensor([[0.5000]], dtype=torch.float64)",tensor([-255]),['n']
14.0,11.73829561564143,13.410808643556622,13.30674906200905,"tensor([[0.5000]], dtype=torch.float64)",tensor([-255]),['n']
57.0,56.06503874098503,56.43070568731875,56.51511858833345,"tensor([[0.5000]], dtype=torch.float64)",tensor([-255]),['s']
47.0,48.17916759554775,47.514299796800614,47.89989664736746,"tensor([[0.5000]], dtype=torch.float64)",tensor([-255]),['n']
25.0,24.952420372421113,25.235300707739828,25.017948488054017,"tensor([[0.5000]], dtype=torch.float64)",tensor([-255]),['s']
2.0,2.101754282397674,1.7763867599747387,1.913840409462842,"tensor([[0.5000]], dtype=torch.float64)",tensor([-255]),['s']
46.0,36.0888970857913,48.61846419171212,47.16640616755214,"tensor([[0.5000]], dtype=torch.float64)",tensor([-255]),['s']
4.0,1.913719481366483,3.7878988313419177,3.322973338679722,"tensor([[0.5000]], dtype=torch.float64)",tensor([-255]),['n']
30.0,29.348556611269572,27.44404640875435,28.05022064297526,"tensor([[0.5000]], dtype=torch.float64)",tensor([-255]),['s']
60.0,60.21781709441201,59.23742255550764,58.99793039469259,"tensor([[0.5000]], dtype=torch.float64)",tensor([-255]),['s']
31.0,38.45240498264141,31.372581135361646,28.000616939636547,"tensor([[0.5000]], dtype=torch.float64)",tensor([-255]),['n']
7.0,7.722185555429759,7.105002083793732,7.2934150782899945,"tensor([[0.5000]], dtype=torch.float64)",tensor([-255]),['n']
37.0,37.9875105201764,36.86789475849904,36.830632564081405,"tensor([[0.5000]], dtype=torch.float64)",tensor([-255]),['n']
57.0,55.47094873933521,56.6252402355792,56.79552370551202,"tensor([[0.5000]], dtype=torch.float64)",tensor([-255]),['s']
54.0,54.15254166321432,54.00804516202286,53.99674048043436,"tensor([[0.5000]], dtype=torch.float64)",tensor([-255]),['n']
44.0,41.19778708000207,44.5962057080001,44.89801527831772,"tensor([[0.5000]], dtype=torch.float64)",tensor([-255]),['n']
3.0,70.49997656862678,2.850765157530105,3.1992781634710017,"tensor([[0.5000]], dtype=torch.float64)",tensor([-255]),['s']
51.0,52.67664057464734,51.10796059732847,51.03954788962546,"tensor([[0.5000]], dtype=torch.float64)",tensor([-255]),['s']
52.0,14.477379802057124,52.09778012048675,52.06427586050659,"tensor([[0.5000]], dtype=torch.float64)",tensor([-255]),['n']
6.0,8.552104710404315,6.2476948621119535,5.829753333345453,"tensor([[0.5000]], dtype=torch.float64)",tensor([-255]),['s']
27.0,26.045553097484106,27.127693449227873,27.019030991398985,"tensor([[0.5000]], dtype=torch.float64)",tensor([-255]),['n']
58.0,12.184128332074108,57.80680209781453,57.841018421819726,"tensor([[0.5000]], dtype=torch.float64)",tensor([-255]),['n']
21.0,22.21625542901803,20.829691424125727,20.82898082670191,"tensor([[0.5000]], dtype=torch.float64)",tensor([-255]),['n']
56.0,56.91640704018515,55.854554180712086,55.85713715909776,"tensor([[0.5000]], dtype=torch.float64)",tensor([-255]),['n']
34.0,32.99835988257432,34.17726042125388,34.12944960094325,"tensor([[0.5000]], dtype=torch.float64)",tensor([-255]),['n']
8.0,10.775409342402488,7.718937703769324,7.8818791803490855,"tensor([[0.5000]], dtype=torch.float64)",tensor([-255]),['s']
61.0,61.23100474958385,60.27031527125371,60.14613115936699,"tensor([[0.5000]], dtype=torch.float64)",tensor([-255]),['n']
22.0,22.917732559171927,22.11672493242998,21.80508684113076,"tensor([[0.5000]], dtype=torch.float64)",tensor([-255]),['s']
39.0,39.285606617226605,39.17879413366116,39.54145603996473,"tensor([[0.5000]], dtype=torch.float64)",tensor([-255]),['s']
55.0,29.150742011388637,54.849983363261224,54.90048520355652,"tensor([[0.5000]], dtype=torch.float64)",tensor([-255]),['n']
19.0,41.72832801741916,18.79352406911387,18.820978875006624,"tensor([[0.5000]], dtype=torch.float64)",tensor([-255]),['s']
21.0,62.10794907595511,21.24111868618734,20.982398650564747,"tensor([[0.5000]], dtype=torch.float64)",tensor([-255]),['n']
11.0,10.515736780734567,10.444513770379197,10.475877450009408,"tensor([[0.5000]], dtype=torch.float64)",tensor([-255]),['n']
48.0,46.98534051066898,48.80887324864332,48.91785357446175,"tensor([[0.5000]], dtype=torch.float64)",tensor([-255]),['n']
17.0,19.958709120764002,17.053793851713905,17.017281823546956,"tensor([[0.5000]], dtype=torch.float64)",tensor([-255]),['s']
10.0,11.060535010900711,9.743157472390614,9.865305267493033,"tensor([[0.5000]], dtype=torch.float64)",tensor([-255]),['s']
36.0,36.95423688126376,36.00705705632571,36.149272072451545,"tensor([[0.5000]], dtype=torch.float64)",tensor([-255]),['s']
26.0,63.18892959062715,26.01139374716207,25.651047374924293,"tensor([[0.5000]], dtype=torch.float64)",tensor([-255]),['s']
61.0,62.072890639471474,60.042197417959024,59.49960921089163,"tensor([[0.5000]], dtype=torch.float64)",tensor([-255]),['s']
11.0,10.229290067832416,10.906206418460329,11.78555447633548,"tensor([[0.5000]], dtype=torch.float64)",tensor([-255]),['n']
49.0,49.90319934410405,49.22795009309024,49.28253296142926,"tensor([[0.5000]], dtype=torch.float64)",tensor([-255]),['s']
62.0,64.99971227107403,61.756813648361,61.71876174957087,"tensor([[0.5000]], dtype=torch.float64)",tensor([-255]),['n']
1.0,1.9231757832721632,1.2007415561035548,1.6661924018167407,"tensor([[0.5000]], dtype=torch.float64)",tensor([-255]),['n']
15.0,14.281752405398159,15.259361345657542,15.566682228889638,"tensor([[0.5000]], dtype=torch.float64)",tensor([-255]),['n']
66.0,65.99044753429783,65.05140830960929,65.08500927339986,"tensor([[0.5000]], dtype=torch.float64)",tensor([-255]),['s']
57.0,56.10763078156516,57.0025468457824,56.89386445564406,"tensor([[0.5000]], dtype=torch.float64)",tensor([-255]),['n']
9.0,9.748805877763818,8.984690504189496,9.092245336958873,"tensor([[0.5000]], dtype=torch.float64)",tensor([-255]),['s']
52.0,30.707997889704558,52.36503340278437,52.364776666908895,"tensor([[0.5000]], dtype=torch.float64)",tensor([-255]),['n']
32.0,32.68606181692421,32.42400425199916,32.286061168457266,"tensor([[0.5000]], dtype=torch.float64)",tensor([-255]),['n']
58.0,57.09485257126708,57.61037280302231,57.7256757854719,"tensor([[0.5000]], dtype=torch.float64)",tensor([-255]),['n']
55.0,27.980420332804673,55.037611902803754,54.99545035113654,"tensor([[0.5000]], dtype=torch.float64)",tensor([-255]),['s']
1.0,24.255231196103033,0.98350529506348,1.1689386349902295,"tensor([[0.5000]], dtype=torch.float64)",tensor([-255]),['n']
38.0,35.798223089734506,37.73214202068052,38.48975164195184,"tensor([[0.5000]], dtype=torch.float64)",tensor([-255]),['s']
9.0,9.904743418763355,9.809200628110126,9.241442590138384,"tensor([[0.5000]], dtype=torch.float64)",tensor([-255]),['s']
8.0,8.311852539725772,8.114949526795812,8.045619131348912,"tensor([[0.5000]], dtype=torch.float64)",tensor([-255]),['n']
51.0,52.00578236295241,51.17326799797676,51.54664815130045,"tensor([[0.5000]], dtype=torch.float64)",tensor([-255]),['n']
28.0,27.224738409123255,24.278973392218294,28.079839989801762,"tensor([[0.5000]], dtype=torch.float64)",tensor([-255]),['s']
45.0,46.01199987573408,46.23478405459288,46.23391751877148,"tensor([[0.5000]], dtype=torch.float64)",tensor([-255]),['n']
70.0,69.85146242400403,69.85983902876426,69.72760494429477,"tensor([[0.5000]], dtype=torch.float64)",tensor([-255]),['s']
0.0,1.5704605012046042,57.73195654311033,1.865620401317017,"tensor([[0.5000]], dtype=torch.float64)",tensor([-255]),['s']
31.0,33.34687762833378,30.644241237382175,29.861981023827532,"tensor([[0.5000]], dtype=torch.float64)",tensor([-255]),['s']
32.0,28.066529950928945,32.15003009926393,32.15168362666252,"tensor([[0.5000]], dtype=torch.float64)",tensor([-255]),['n']
63.0,63.015184207604065,62.220753189745686,62.07643306343469,"tensor([[0.5000]], dtype=torch.float64)",tensor([-255]),['n']
9.0,9.901152551447206,9.024165649499814,9.243665500623544,"tensor([[0.5000]], dtype=torch.float64)",tensor([-255]),['n']
0.0,68.30264591573746,0.0,71.0,"tensor([[0.5000]], dtype=torch.float64)",tensor([-255]),['n']
25.0,22.951237210835863,25.00772461923508,24.588984010542784,"tensor([[0.5000]], dtype=torch.float64)",tensor([-255]),['n']
2.0,1.037849057264591,1.9740775527027545,2.7012339520617203,"tensor([[0.5000]], dtype=torch.float64)",tensor([-255]),['s']
44.0,29.001980313835084,44.225716771413694,44.08922705826151,"tensor([[0.5000]], dtype=torch.float64)",tensor([-255]),['n']
51.0,29.24077137784139,51.052008483672594,51.05867267023119,"tensor([[0.5000]], dtype=torch.float64)",tensor([-255]),['n']
49.0,48.32045072489571,49.4389616632826,49.91250791536511,"tensor([[0.5000]], dtype=torch.float64)",tensor([-255]),['n']
53.0,51.1862133851142,53.151682485866175,53.046941523809544,"tensor([[0.5000]], dtype=torch.float64)",tensor([-255]),['n']
57.0,56.7417121268785,56.8268900924149,56.73768349351593,"tensor([[0.5000]], dtype=torch.float64)",tensor([-255]),['n']
42.0,40.300601089675034,42.44295313136856,42.52701961480663,"tensor([[0.5000]], dtype=torch.float64)",tensor([-255]),['n']
4.0,5.598671956328715,4.26725894703316,4.05456558937605,"tensor([[0.5000]], dtype=torch.float64)",tensor([-255]),['s']
47.0,45.180326198626645,47.59065971340705,47.603230142272416,"tensor([[0.5000]], dtype=torch.float64)",tensor([-255]),['s']
1.0,4.368337233390821,0.9071196790748337,1.1367259185565586,"tensor([[0.5000]], dtype=torch.float64)",tensor([-255]),['n']
1.0,7.080843289291254,1.1368331382055685,1.0420860017861722,"tensor([[0.5000]], dtype=torch.float64)",tensor([-255]),['s']
25.0,25.04051170744013,24.64916371914415,25.005480842733945,"tensor([[0.5000]], dtype=torch.float64)",tensor([-255]),['s']
17.0,64.76998537674397,17.169330686631053,17.08432063271328,"tensor([[0.5000]], dtype=torch.float64)",tensor([-255]),['n']
42.0,42.78055825788236,42.601095704542615,42.25246426259073,"tensor([[0.5000]], dtype=torch.float64)",tensor([-255]),['n']
35.0,32.78472454201012,34.60024591474969,35.26450160618493,"tensor([[0.5000]], dtype=torch.float64)",tensor([-255]),['s']
52.0,53.94062802431065,52.22193725072043,52.032135508261646,"tensor([[0.5000]], dtype=torch.float64)",tensor([-255]),['n']
59.0,61.99559038056359,58.35998195748009,58.309954115214495,"tensor([[0.5000]], dtype=torch.float64)",tensor([-255]),['s']
13.0,14.051570385478492,12.823594688787228,13.099767945211603,"tensor([[0.5000]], dtype=torch.float64)",tensor([-255]),['s']
62.0,59.89457749297098,61.68725957973785,61.44958124194223,"tensor([[0.5000]], dtype=torch.float64)",tensor([-255]),['s']
21.0,22.631750643733366,21.044923555984983,20.81151374865818,"tensor([[0.5000]], dtype=torch.float64)",tensor([-255]),['s']
20.0,20.453688107869052,20.06575102223996,20.15945484520199,"tensor([[0.5000]], dtype=torch.float64)",tensor([-255]),['s']
19.0,21.84347390901961,18.800980306012093,18.81947971600227,"tensor([[0.5000]], dtype=torch.float64)",tensor([-255]),['s']
8.0,5.646204887570658,8.268761516327107,8.45815172861593,"tensor([[0.5000]], dtype=torch.float64)",tensor([-255]),['s']
28.0,27.426485453209615,28.195870581807306,28.009082042983405,"tensor([[0.5000]], dtype=torch.float64)",tensor([-255]),['n']
26.0,28.527134523643674,25.933156551430944,25.493694119371117,"tensor([[0.5000]], dtype=torch.float64)",tensor([-255]),['n']
27.0,28.20139864696103,26.628362644436464,26.17111837985816,"tensor([[0.5000]], dtype=torch.float64)",tensor([-255]),['s']
29.0,31.769241221883366,29.085072473828426,28.75793500518228,"tensor([[0.5000]], dtype=torch.float64)",tensor([-255]),['s']
13.0,10.563386169797171,12.395313376867804,12.33275820483766,"tensor([[0.5000]], dtype=torch.float64)",tensor([-255]),['n']
49.0,40.07374801330944,49.33470117471462,49.35843637643791,"tensor([[0.5000]], dtype=torch.float64)",tensor([-255]),['n']
25.0,25.594841383329953,24.099571520681877,24.282394226860323,"tensor([[0.5000]], dtype=torch.float64)",tensor([-255]),['s']
21.0,21.149924055254935,21.125291399142522,20.999290978945908,"tensor([[0.5000]], dtype=torch.float64)",tensor([-255]),['s']
27.0,29.95853688293204,26.599994280522864,26.24331447396852,"tensor([[0.5000]], dtype=torch.float64)",tensor([-255]),['s']
23.0,20.978138776263172,22.96561770266424,22.475207160201848,"tensor([[0.5000]], dtype=torch.float64)",tensor([-255]),['s']
53.0,53.746878379847175,53.20437445925572,53.045858147317205,"tensor([[0.5000]], dtype=torch.float64)",tensor([-255]),['s']
10.0,10.087555616505346,9.893823239691034,9.965025233693966,"tensor([[0.5000]], dtype=torch.float64)",tensor([-255]),['n']
39.0,34.575383275423064,40.21184183046281,39.29741761932005,"tensor([[0.5000]], dtype=torch.float64)",tensor([-255]),['s']
51.0,50.15118802127916,51.417282190753305,51.29023863613788,"tensor([[0.5000]], dtype=torch.float64)",tensor([-255]),['n']
57.0,52.69299644499525,56.792526319111694,56.82569861612209,"tensor([[0.5000]], dtype=torch.float64)",tensor([-255]),['n']
32.0,28.83434125552556,31.917372547446632,31.94340369306462,"tensor([[0.5000]], dtype=torch.float64)",tensor([-255]),['n']
38.0,35.15954824958953,38.50738243043759,38.662989404727405,"tensor([[0.5000]], dtype=torch.float64)",tensor([-255]),['s']
1.0,70.62426141374881,0.7038622364301264,1.1648021290494193,"tensor([[0.5000]], dtype=torch.float64)",tensor([-255]),['s']
38.0,39.16375607894098,38.456200480426084,39.910492685121376,"tensor([[0.5000]], dtype=torch.float64)",tensor([-255]),['s']
56.0,55.790655792947206,55.641811280097706,55.75963642282763,"tensor([[0.5000]], dtype=torch.float64)",tensor([-255]),['n']
40.0,45.706981838156544,40.4436898522796,40.7963736369392,"tensor([[0.5000]], dtype=torch.float64)",tensor([-255]),['s']
35.0,37.28552233032789,35.2109144977562,34.871491075923714,"tensor([[0.5000]], dtype=torch.float64)",tensor([-255]),['n']
71.0,7.029893889208506,70.88930659161821,71.0,"tensor([[0.5000]], dtype=torch.float64)",tensor([-255]),['n']
62.0,61.802120521778626,60.963489155183844,61.197229584033266,"tensor([[0.5000]], dtype=torch.float64)",tensor([-255]),['s']
43.0,42.211531144003544,43.708246148345786,44.07462951100809,"tensor([[0.5000]], dtype=torch.float64)",tensor([-255]),['n']
31.0,28.600751441348237,31.20284146301199,30.981496532116637,"tensor([[0.5000]], dtype=torch.float64)",tensor([-255]),['n']
59.0,5.251052636178525,58.629835155405765,58.28613505462697,"tensor([[0.5000]], dtype=torch.float64)",tensor([-255]),['s']
12.0,14.128922398982937,11.944089257735522,12.092094070239758,"tensor([[0.5000]], dtype=torch.float64)",tensor([-255]),['n']
17.0,18.663669075096458,16.719807834606346,16.873909537375724,"tensor([[0.5000]], dtype=torch.float64)",tensor([-255]),['n']
19.0,18.332599018712123,19.185228582469282,19.086739580901245,"tensor([[0.5000]], dtype=torch.float64)",tensor([-255]),['n']
34.0,38.28825698652803,33.426079527527975,33.04275028491742,"tensor([[0.5000]], dtype=torch.float64)",tensor([-255]),['s']
66.0,63.720229939711075,65.83961811560846,65.59807370457717,"tensor([[0.5000]], dtype=torch.float64)",tensor([-255]),['n']
0.0,1.4238272312784237,0.0,0.03250757750820022,"tensor([[0.5000]], dtype=torch.float64)",tensor([-255]),['n']
71.0,3.8865706859320266,71.0,0.0,"tensor([[0.5000]], dtype=torch.float64)",tensor([-255]),['s']
31.0,28.36031995565473,30.991769376422475,31.016922889476003,"tensor([[0.5000]], dtype=torch.float64)",tensor([-255]),['s']
35.0,38.566629608423746,34.80480967952531,34.335497779094624,"tensor([[0.5000]], dtype=torch.float64)",tensor([-255]),['n']
31.0,32.256743311934656,31.231159538791843,31.010709725188274,"tensor([[0.5000]], dtype=torch.float64)",tensor([-255]),['s']
41.0,41.84791701323782,42.0335711150935,42.09027642727107,"tensor([[0.5000]], dtype=torch.float64)",tensor([-255]),['s']
39.0,42.70876496696833,39.37259598915798,39.6707169387211,"tensor([[0.5000]], dtype=torch.float64)",tensor([-255]),['n']
47.0,48.29852578232386,47.588845596732774,47.67739126912116,"tensor([[0.5000]], dtype=torch.float64)",tensor([-255]),['s']
61.0,61.00028408917393,60.37808466978826,60.197745230343,"tensor([[0.5000]], dtype=torch.float64)",tensor([-255]),['n']
28.0,27.02611376694279,25.26473987469574,26.21921780490856,"tensor([[0.5000]], dtype=torch.float64)",tensor([-255]),['s']
35.0,32.25414061435891,35.157774677345536,34.88322490202761,"tensor([[0.5000]], dtype=torch.float64)",tensor([-255]),['n']
71.0,63.92347831858117,70.815524354483,71.0,"tensor([[0.5000]], dtype=torch.float64)",tensor([-255]),['n']
54.0,54.07389060031704,53.925677031697376,53.95772481068941,"tensor([[0.5000]], dtype=torch.float64)",tensor([-255]),['n']
68.0,64.35020816356791,67.88128957945207,67.6553838126668,"tensor([[0.5000]], dtype=torch.float64)",tensor([-255]),['n']
21.0,25.366506068238195,20.861127968473813,20.25377960570273,"tensor([[0.5000]], dtype=torch.float64)",tensor([-255]),['n']
22.0,21.488842260074136,21.968011804829107,21.193315245706028,"tensor([[0.5000]], dtype=torch.float64)",tensor([-255]),['s']
5.0,6.069601688485331,4.979497961631676,5.12242746080823,"tensor([[0.5000]], dtype=torch.float64)",tensor([-255]),['n']
36.0,37.192407780624166,36.212891831021274,35.23693515635618,"tensor([[0.5000]], dtype=torch.float64)",tensor([-255]),['n']
3.0,0.0,2.6944335090932254,2.837256006255674,"tensor([[0.5000]], dtype=torch.float64)",tensor([-255]),['n']
1.0,7.943485267440201,1.0462422360374264,1.9568926297056266,"tensor([[0.5000]], dtype=torch.float64)",tensor([-255]),['n']
48.0,43.870119527992536,48.87009018014859,49.129463835453976,"tensor([[0.5000]], dtype=torch.float64)",tensor([-255]),['s']
63.0,63.54229088747729,61.70722849134625,62.22138919517769,"tensor([[0.5000]], dtype=torch.float64)",tensor([-255]),['s']
49.0,46.934180443975535,49.609908938436725,49.85805808626007,"tensor([[0.5000]], dtype=torch.float64)",tensor([-255]),['n']
51.0,32.29786572432488,51.379191754477304,51.73042067272819,"tensor([[0.5000]], dtype=torch.float64)",tensor([-255]),['s']
18.0,24.143693982943603,18.115804052201103,17.952175038118302,"tensor([[0.5000]], dtype=torch.float64)",tensor([-255]),['n']
30.0,28.271269870522026,30.193639248616552,29.787895060695753,"tensor([[0.5000]], dtype=torch.float64)",tensor([-255]),['s']
52.0,50.024120782912725,52.538735136143,52.73126947592342,"tensor([[0.5000]], dtype=torch.float64)",tensor([-255]),['n']
7.0,9.841303499842569,7.098899307558334,7.086668132830058,"tensor([[0.5000]], dtype=torch.float64)",tensor([-255]),['n']
16.0,25.05787645349872,16.339039621147183,16.331693221288496,"tensor([[0.5000]], dtype=torch.float64)",tensor([-255]),['n']
57.0,59.01837367185852,56.377243628867284,56.34901767179989,"tensor([[0.5000]], dtype=torch.float64)",tensor([-255]),['s']
51.0,46.13507116035412,51.39150665854521,51.65934366249947,"tensor([[0.5000]], dtype=torch.float64)",tensor([-255]),['s']
70.0,67.27567548791377,70.04753499059383,70.0931729206876,"tensor([[0.5000]], dtype=torch.float64)",tensor([-255]),['n']
34.0,35.15172941743268,26.30744689290467,33.00546528981326,"tensor([[0.5000]], dtype=torch.float64)",tensor([-255]),['s']
66.0,69.26976902412008,65.45292641851074,65.36563287648258,"tensor([[0.5000]], dtype=torch.float64)",tensor([-255]),['n']
11.0,9.811025263682879,11.676938352378777,12.605930016789985,"tensor([[0.5000]], dtype=torch.float64)",tensor([-255]),['n']
22.0,34.60215436779004,22.21241000971101,22.039506912295103,"tensor([[0.5000]], dtype=torch.float64)",tensor([-255]),['s']
48.0,47.95732901207481,48.61941397825204,49.5769595201567,"tensor([[0.5000]], dtype=torch.float64)",tensor([-255]),['s']
24.0,37.06330292078261,24.014896709719732,23.87075050325095,"tensor([[0.5000]], dtype=torch.float64)",tensor([-255]),['s']
9.0,5.828778122476966,9.058289094386797,9.2159986415256,"tensor([[0.5000]], dtype=torch.float64)",tensor([-255]),['s']
34.0,30.07992585569168,33.958990480433386,33.81178832717397,"tensor([[0.5000]], dtype=torch.float64)",tensor([-255]),['s']
13.0,12.065375303389743,13.092086587676489,13.226532531702896,"tensor([[0.5000]], dtype=torch.float64)",tensor([-255]),['n']
25.0,26.180792049892972,24.863103044683058,23.394154384460595,"tensor([[0.5000]], dtype=torch.float64)",tensor([-255]),['n']
60.0,61.84797563643708,59.75760448962693,58.94882001818832,"tensor([[0.5000]], dtype=torch.float64)",tensor([-255]),['s']
49.0,49.029163513140766,49.23304200701609,49.558525287235746,"tensor([[0.5000]], dtype=torch.float64)",tensor([-255]),['s']
22.0,24.07750776798479,21.908364758844975,21.934281205012347,"tensor([[0.5000]], dtype=torch.float64)",tensor([-255]),['s']
25.0,37.107969122197005,24.605263888858904,24.17878888668797,"tensor([[0.5000]], dtype=torch.float64)",tensor([-255]),['s']
63.0,63.007098278370705,62.61748245841243,62.603686113360496,"tensor([[0.5000]], dtype=torch.float64)",tensor([-255]),['n']
25.0,29.177817885418158,24.858704280017292,24.744509632474212,"tensor([[0.5000]], dtype=torch.float64)",tensor([-255]),['n']
5.0,6.520540185701478,5.504004825596547,5.980332108726951,"tensor([[0.5000]], dtype=torch.float64)",tensor([-255]),['s']
51.0,50.391075903580585,51.49967865164802,51.77265525084835,"tensor([[0.5000]], dtype=torch.float64)",tensor([-255]),['s']
29.0,31.659489639423903,29.06728806620531,27.269569246004245,"tensor([[0.5000]], dtype=torch.float64)",tensor([-255]),['n']
51.0,50.93974731955757,51.276503093163114,51.151391501987604,"tensor([[0.5000]], dtype=torch.float64)",tensor([-255]),['n']
45.0,44.513245530134384,46.22432790118282,46.039867359644965,"tensor([[0.5000]], dtype=torch.float64)",tensor([-255]),['s']
16.0,68.25883523438915,15.921170234455198,15.967789441414153,"tensor([[0.5000]], dtype=torch.float64)",tensor([-255]),['n']
56.0,55.88310533232783,55.273064861111386,55.18699482422523,"tensor([[0.5000]], dtype=torch.float64)",tensor([-255]),['n']
23.0,37.00410347215838,22.411132197108984,22.517447781367157,"tensor([[0.5000]], dtype=torch.float64)",tensor([-255]),['s']
13.0,15.641109593214434,12.90388509128197,12.87549061830666,"tensor([[0.5000]], dtype=torch.float64)",tensor([-255]),['n']
42.0,40.865342642685135,42.17661112816716,42.22841408430488,"tensor([[0.5000]], dtype=torch.float64)",tensor([-255]),['n']
15.0,69.66380066666004,14.680577657309119,14.938459748527151,"tensor([[0.5000]], dtype=torch.float64)",tensor([-255]),['s']
23.0,58.89881978326912,23.081827153624182,23.082304106353806,"tensor([[0.5000]], dtype=torch.float64)",tensor([-255]),['n']
3.0,5.7515477104624235,2.4246278371453824,2.9776096833081382,"tensor([[0.5000]], dtype=torch.float64)",tensor([-255]),['n']
57.0,56.954268318735345,56.830958687410345,56.54158019528407,"tensor([[0.5000]], dtype=torch.float64)",tensor([-255]),['s']
2.0,4.497408423529045,1.0417592466603574,1.1547282468526543,"tensor([[0.5000]], dtype=torch.float64)",tensor([-255]),['s']
55.0,29.872074189316983,54.67970591193318,54.817580677509426,"tensor([[0.5000]], dtype=torch.float64)",tensor([-255]),['n']
9.0,67.76652950312986,8.92751734335371,9.686347827083,"tensor([[0.5000]], dtype=torch.float64)",tensor([-255]),['s']
53.0,43.96600888163301,53.50233149481128,53.024523813694934,"tensor([[0.5000]], dtype=torch.float64)",tensor([-255]),['s']
60.0,58.420155529612636,59.957051570683404,59.80363910625807,"tensor([[0.5000]], dtype=torch.float64)",tensor([-255]),['s']
1.0,70.4690080541108,0.70789633914465,0.7970224805426935,"tensor([[0.5000]], dtype=torch.float64)",tensor([-255]),['s']
30.0,28.176446609067792,30.246002856128083,30.547873592459407,"tensor([[0.5000]], dtype=torch.float64)",tensor([-255]),['s']
45.0,35.541081240696485,45.76126070029173,47.53332051058581,"tensor([[0.5000]], dtype=torch.float64)",tensor([-255]),['n']
13.0,11.968116752414822,13.148070241697884,13.315442269178877,"tensor([[0.5000]], dtype=torch.float64)",tensor([-255]),['n']
8.0,8.936093899566636,8.090625639219672,10.136915231322403,"tensor([[0.5000]], dtype=torch.float64)",tensor([-255]),['n']
19.0,19.704525545743085,19.06007993260014,19.014319240725875,"tensor([[0.5000]], dtype=torch.float64)",tensor([-255]),['s']
34.0,32.471371539564394,33.7079252735752,33.42374561880991,"tensor([[0.5000]], dtype=torch.float64)",tensor([-255]),['s']
35.0,36.17960923041534,34.94158091890905,33.92105135564721,"tensor([[0.5000]], dtype=torch.float64)",tensor([-255]),['n']
1.0,10.131107177088769,1.0062808827950396,1.2463813105407533,"tensor([[0.5000]], dtype=torch.float64)",tensor([-255]),['n']
65.0,66.15636814276036,64.1521395910992,64.07703065874024,"tensor([[0.5000]], dtype=torch.float64)",tensor([-255]),['n']
66.0,2.158242765200761,65.44210258331978,65.26241379116877,"tensor([[0.5000]], dtype=torch.float64)",tensor([-255]),['n']
10.0,10.83530145454926,10.097516439696465,10.012094341174047,"tensor([[0.5000]], dtype=torch.float64)",tensor([-255]),['n']
36.0,40.098719942584815,35.91432904344796,35.85608166626226,"tensor([[0.5000]], dtype=torch.float64)",tensor([-255]),['s']
6.0,6.192936277810266,6.3045343329143035,6.237918005212132,"tensor([[0.5000]], dtype=torch.float64)",tensor([-255]),['s']
69.0,69.04994237149224,68.7840406016665,68.33968955390776,"tensor([[0.5000]], dtype=torch.float64)",tensor([-255]),['s']
45.0,42.50727853228349,45.639407405515506,45.730541327858724,"tensor([[0.5000]], dtype=torch.float64)",tensor([-255]),['n']
35.0,36.96610623486768,34.890911969102916,33.761085611656824,"tensor([[0.5000]], dtype=torch.float64)",tensor([-255]),['s']
71.0,65.22203680952194,70.87819523671266,70.57405116642381,"tensor([[0.5000]], dtype=torch.float64)",tensor([-255]),['s']
25.0,21.395152799583045,24.89255524381831,24.874789577356076,"tensor([[0.5000]], dtype=torch.float64)",tensor([-255]),['n']
31.0,30.309365711134646,31.522916446106805,30.97026460527404,"tensor([[0.5000]], dtype=torch.float64)",tensor([-255]),['s']
39.0,33.40663445136586,39.01325524835595,39.879727742338844,"tensor([[0.5000]], dtype=torch.float64)",tensor([-255]),['s']
26.0,26.721426060584896,25.4158786634292,25.67166988054123,"tensor([[0.5000]], dtype=torch.float64)",tensor([-255]),['s']
20.0,19.83810667009081,20.088969352873768,20.044059034427598,"tensor([[0.5000]], dtype=torch.float64)",tensor([-255]),['n']
31.0,33.01277728110143,30.87022211698286,30.549381118787984,"tensor([[0.5000]], dtype=torch.float64)",tensor([-255]),['n']
31.0,27.130933855402027,30.80408693635696,29.3738806687208,"tensor([[0.5000]], dtype=torch.float64)",tensor([-255]),['s']
0.0,70.72171613209746,0.0,0.0,"tensor([[0.5000]], dtype=torch.float64)",tensor([-255]),['s']
28.0,25.91155922590052,27.993461215461256,27.434148635430233,"tensor([[0.5000]], dtype=torch.float64)",tensor([-255]),['s']
13.0,11.93496231835897,12.755099380282063,13.79770914921169,"tensor([[0.5000]], dtype=torch.float64)",tensor([-255]),['s']
35.0,39.91384397102458,34.923649695012436,35.21689458482836,"tensor([[0.5000]], dtype=torch.float64)",tensor([-255]),['s']
35.0,31.577495073041963,34.42295004165031,34.49858014105883,"tensor([[0.5000]], dtype=torch.float64)",tensor([-255]),['s']
36.0,38.95677024280478,36.12872909003894,35.574077365678825,"tensor([[0.5000]], dtype=torch.float64)",tensor([-255]),['n']
3.0,1.8742123281444076,2.63384352124084,2.6298468560091846,"tensor([[0.5000]], dtype=torch.float64)",tensor([-255]),['s']
23.0,33.76391224000556,23.239112508408226,23.074281447486968,"tensor([[0.5000]], dtype=torch.float64)",tensor([-255]),['s']
9.0,69.80556191005272,9.319849085463185,9.062745160953705,"tensor([[0.5000]], dtype=torch.float64)",tensor([-255]),['s']
59.0,58.29553709849786,58.77204763175438,57.96295305552581,"tensor([[0.5000]], dtype=torch.float64)",tensor([-255]),['s']
0.0,65.52288529731929,0.06038958750951331,0.6381653583203322,"tensor([[0.5000]], dtype=torch.float64)",tensor([-255]),['s']
3.0,69.94236692144686,2.718710502794214,2.9490671896042024,"tensor([[0.5000]], dtype=torch.float64)",tensor([-255]),['n']
8.0,4.916012550435694,8.06874929372806,8.221241986554048,"tensor([[0.5000]], dtype=torch.float64)",tensor([-255]),['n']
42.0,44.18531811745342,42.56207474766085,43.02888316826687,"tensor([[0.5000]], dtype=torch.float64)",tensor([-255]),['n']
71.0,2.663649834115232,71.0,70.70788179523282,"tensor([[0.5000]], dtype=torch.float64)",tensor([-255]),['s']
12.0,27.618144178318673,11.559343587535075,12.081669197678215,"tensor([[0.5000]], dtype=torch.float64)",tensor([-255]),['n']
33.0,29.929260967386618,32.971754900696546,32.95149073995501,"tensor([[0.5000]], dtype=torch.float64)",tensor([-255]),['n']
4.0,4.022333736233213,4.0668875331152385,4.134136505456714,"tensor([[0.5000]], dtype=torch.float64)",tensor([-255]),['n']
24.0,23.78933782242021,23.813856496067732,23.903608213427418,"tensor([[0.5000]], dtype=torch.float64)",tensor([-255]),['s']
33.0,30.141014537341324,33.294642111019364,32.29169841291581,"tensor([[0.5000]], dtype=torch.float64)",tensor([-255]),['s']
56.0,15.188962896687755,55.70044154895641,55.844196530406684,"tensor([[0.5000]], dtype=torch.float64)",tensor([-255]),['n']
43.0,35.557732099805165,43.52765667371087,43.81303447966439,"tensor([[0.5000]], dtype=torch.float64)",tensor([-255]),['n']
21.0,20.958429154643646,20.94555697851238,20.96156582521396,"tensor([[0.5000]], dtype=torch.float64)",tensor([-255]),['s']
14.0,13.955300969603556,14.249507605227745,14.348689966760084,"tensor([[0.5000]], dtype=torch.float64)",tensor([-255]),['s']
52.0,54.246931436161375,52.14779931875809,52.03798586149487,"tensor([[0.5000]], dtype=torch.float64)",tensor([-255]),['n']
38.0,38.327481013355566,37.810834865006036,37.158356637841955,"tensor([[0.5000]], dtype=torch.float64)",tensor([-255]),['s']
11.0,10.815405770896115,11.226686316836732,10.948218986921527,"tensor([[0.5000]], dtype=torch.float64)",tensor([-255]),['s']
43.0,43.206775557664294,43.72198182439974,43.6159365618447,"tensor([[0.5000]], dtype=torch.float64)",tensor([-255]),['s']
33.0,39.013728439613885,33.015838395876365,32.807304075120655,"tensor([[0.5000]], dtype=torch.float64)",tensor([-255]),['n']
26.0,25.335350771683046,25.609007505287046,25.479447977541362,"tensor([[0.5000]], dtype=torch.float64)",tensor([-255]),['n']
4.0,4.905079723743363,3.6718488860735925,4.079492302974894,"tensor([[0.5000]], dtype=torch.float64)",tensor([-255]),['n']
55.0,56.95252027168206,55.12196713626767,54.91229876014923,"tensor([[0.5000]], dtype=torch.float64)",tensor([-255]),['s']
60.0,24.01296749654084,59.307428896766766,58.95775205972626,"tensor([[0.5000]], dtype=torch.float64)",tensor([-255]),['s']
43.0,42.91494700332409,43.88889257829839,43.857220878005855,"tensor([[0.5000]], dtype=torch.float64)",tensor([-255]),['s']
3.0,4.925878217875614,3.1094761243589826,3.208068687584822,"tensor([[0.5000]], dtype=torch.float64)",tensor([-255]),['n']
20.0,58.92789737777177,20.030327335391412,19.77864201097979,"tensor([[0.5000]], dtype=torch.float64)",tensor([-255]),['s']
70.0,68.21497433258847,69.81699112167361,68.97477800187987,"tensor([[0.5000]], dtype=torch.float64)",tensor([-255]),['n']
9.0,10.606084647642867,8.587672954783681,9.546367068941075,"tensor([[0.5000]], dtype=torch.float64)",tensor([-255]),['s']
9.0,69.84226164122828,8.967346027708082,11.918214859176656,"tensor([[0.5000]], dtype=torch.float64)",tensor([-255]),['s']
30.0,28.16612530662901,30.29945162363536,30.074036831412634,"tensor([[0.5000]], dtype=torch.float64)",tensor([-255]),['n']
64.0,62.19119373039328,60.85968715346348,62.088709935722726,"tensor([[0.5000]], dtype=torch.float64)",tensor([-255]),['s']
44.0,40.722022505740135,44.427778739213295,45.05445046619131,"tensor([[0.5000]], dtype=torch.float64)",tensor([-255]),['s']
58.0,58.12604237486891,57.876146001338576,57.651260923464505,"tensor([[0.5000]], dtype=torch.float64)",tensor([-255]),['s']
36.0,38.10217590429282,35.89921837822503,35.36309123605421,"tensor([[0.5000]], dtype=torch.float64)",tensor([-255]),['s']
63.0,62.108556438679784,62.302066966002045,62.052180053518114,"tensor([[0.5000]], dtype=torch.float64)",tensor([-255]),['n']
44.0,44.476696236021446,46.65374888523237,46.723618042485164,"tensor([[0.5000]], dtype=torch.float64)",tensor([-255]),['s']
28.0,28.97264094121104,28.08519040106614,28.22106570881811,"tensor([[0.5000]], dtype=torch.float64)",tensor([-255]),['n']
68.0,67.8484162727724,11.854492193266488,67.06056699828781,"tensor([[0.5000]], dtype=torch.float64)",tensor([-255]),['s']
40.0,37.175676363385094,39.788006409935605,41.910283171160245,"tensor([[0.5000]], dtype=torch.float64)",tensor([-255]),['n']
18.0,15.832870307046829,18.03368941509357,17.917077160704952,"tensor([[0.5000]], dtype=torch.float64)",tensor([-255]),['s']
10.0,7.353144762624733,12.78012916115608,10.735888744242,"tensor([[0.5000]], dtype=torch.float64)",tensor([-255]),['s']
50.0,50.13220626525856,50.33881849562294,50.65593944690306,"tensor([[0.5000]], dtype=torch.float64)",tensor([-255]),['s']
35.0,34.790978030709,35.07437393990931,35.006059584613226,"tensor([[0.5000]], dtype=torch.float64)",tensor([-255]),['n']
25.0,23.007144856414396,24.758800884371,24.896970077173133,"tensor([[0.5000]], dtype=torch.float64)",tensor([-255]),['s']
58.0,57.791073358736696,57.60313987433799,57.175688308309454,"tensor([[0.5000]], dtype=torch.float64)",tensor([-255]),['n']
9.0,49.249433657985676,8.600826825341313,9.315789240800152,"tensor([[0.5000]], dtype=torch.float64)",tensor([-255]),['s']
65.0,44.978192393470266,64.5308306618498,64.13476912318683,"tensor([[0.5000]], dtype=torch.float64)",tensor([-255]),['n']
35.0,32.39430720263657,34.665214886229414,34.027633170416856,"tensor([[0.5000]], dtype=torch.float64)",tensor([-255]),['s']
4.0,0.7221234293149961,3.7550815432522517,3.8964636161330954,"tensor([[0.5000]], dtype=torch.float64)",tensor([-255]),['n']
38.0,40.61735144805982,37.81926431711636,37.718641721785545,"tensor([[0.5000]], dtype=torch.float64)",tensor([-255]),['n']
10.0,12.660424989735542,9.903419836597775,10.194868714156781,"tensor([[0.5000]], dtype=torch.float64)",tensor([-255]),['n']
1.0,4.233148022781942,1.3170310249531216,1.6643152741881992,"tensor([[0.5000]], dtype=torch.float64)",tensor([-255]),['s']
36.0,32.88889053947237,35.78932339199666,35.350835252032226,"tensor([[0.5000]], dtype=torch.float64)",tensor([-255]),['s']
62.0,63.48965057987808,61.14636724254986,61.06247022082141,"tensor([[0.5000]], dtype=torch.float64)",tensor([-255]),['s']
36.0,31.998267465408546,35.26919984969464,35.42588995951633,"tensor([[0.5000]], dtype=torch.float64)",tensor([-255]),['n']
56.0,55.115201056276916,55.80600035420968,55.81603956713134,"tensor([[0.5000]], dtype=torch.float64)",tensor([-255]),['n']
66.0,69.12818656709712,65.67788296953697,65.88578848203662,"tensor([[0.5000]], dtype=torch.float64)",tensor([-255]),['s']
9.0,9.993259627780915,9.31474777437516,9.515597812460744,"tensor([[0.5000]], dtype=torch.float64)",tensor([-255]),['n']
10.0,10.511482795587309,9.757309325680087,9.859151162987796,"tensor([[0.5000]], dtype=torch.float64)",tensor([-255]),['s']
19.0,21.335321090287344,18.812140261454875,18.853511600592295,"tensor([[0.5000]], dtype=torch.float64)",tensor([-255]),['s']
56.0,28.987637272492236,55.822535912790336,55.846863809760066,"tensor([[0.5000]], dtype=torch.float64)",tensor([-255]),['n']
46.0,45.53929006791372,46.27649096582641,46.46727687222493,"tensor([[0.5000]], dtype=torch.float64)",tensor([-255]),['n']
12.0,12.856570846131074,11.797504739136386,11.89103510132393,"tensor([[0.5000]], dtype=torch.float64)",tensor([-255]),['n']
53.0,52.898872231530376,53.022169686946874,53.05820903729787,"tensor([[0.5000]], dtype=torch.float64)",tensor([-255]),['n']
1.0,6.804424932541066,0.7831105729294203,0.8004762309033494,"tensor([[0.5000]], dtype=torch.float64)",tensor([-255]),['n']
11.0,10.07910825784029,11.188200001753984,11.474823752940905,"tensor([[0.5000]], dtype=torch.float64)",tensor([-255]),['s']
32.0,35.66554658581484,32.2056387797239,31.976035827328772,"tensor([[0.5000]], dtype=torch.float64)",tensor([-255]),['n']
71.0,69.08518007008081,71.0,71.0,"tensor([[0.5000]], dtype=torch.float64)",tensor([-255]),['s']
51.0,9.422951097545356,51.70573449573735,51.5860655234143,"tensor([[0.5000]], dtype=torch.float64)",tensor([-255]),['n']
40.0,44.68331238456405,40.13486924431896,40.482136761452395,"tensor([[0.5000]], dtype=torch.float64)",tensor([-255]),['n']
25.0,26.07347596605282,25.695916447987578,25.73948046785242,"tensor([[0.5000]], dtype=torch.float64)",tensor([-255]),['n']
38.0,34.532430692951834,37.94065733794162,37.99613958634252,"tensor([[0.5000]], dtype=torch.float64)",tensor([-255]),['s']
53.0,50.22992445409749,53.00663743043813,53.038971877733395,"tensor([[0.5000]], dtype=torch.float64)",tensor([-255]),['n']
29.0,28.223342656570566,29.542335152041165,29.434887764383923,"tensor([[0.5000]], dtype=torch.float64)",tensor([-255]),['n']
69.0,66.80645393706561,68.82595832260512,68.24113541037772,"tensor([[0.5000]], dtype=torch.float64)",tensor([-255]),['s']
31.0,29.095034428614035,30.31556466892109,31.022580198010655,"tensor([[0.5000]], dtype=torch.float64)",tensor([-255]),['n']
65.0,65.90486607484424,64.15941471483028,64.06446563517389,"tensor([[0.5000]], dtype=torch.float64)",tensor([-255]),['s']
31.0,29.709886625052306,30.62006754608226,30.180115406313433,"tensor([[0.5000]], dtype=torch.float64)",tensor([-255]),['n']
49.0,49.94908540423311,49.55243852909011,49.77472125349627,"tensor([[0.5000]], dtype=torch.float64)",tensor([-255]),['n']
2.0,2.9427008771732086,1.6181737191149734,2.66296188897376,"tensor([[0.5000]], dtype=torch.float64)",tensor([-255]),['s']
43.0,41.914523156696966,43.727491904200164,45.84226340362005,"tensor([[0.5000]], dtype=torch.float64)",tensor([-255]),['n']
56.0,55.77512721257099,55.842650734862424,55.776061744366984,"tensor([[0.5000]], dtype=torch.float64)",tensor([-255]),['n']
35.0,40.34226784898452,34.92977053382515,35.14081183227837,"tensor([[0.5000]], dtype=torch.float64)",tensor([-255]),['n']
30.0,31.945601437082324,30.728982901345255,30.575220618429043,"tensor([[0.5000]], dtype=torch.float64)",tensor([-255]),['s']
43.0,34.86205569959742,43.641801527180256,43.73394967999041,"tensor([[0.5000]], dtype=torch.float64)",tensor([-255]),['s']
30.0,31.615915725919468,30.255696092162346,30.61876506619159,"tensor([[0.5000]], dtype=torch.float64)",tensor([-255]),['s']
71.0,0.38470136328232196,71.0,71.0,"tensor([[0.5000]], dtype=torch.float64)",tensor([-255]),['n']
15.0,46.12638608449282,14.971844545820911,15.053350605315597,"tensor([[0.5000]], dtype=torch.float64)",tensor([-255]),['n']
33.0,32.130462274607126,33.085767422116035,31.803772016966594,"tensor([[0.5000]], dtype=torch.float64)",tensor([-255]),['n']
53.0,50.20360289182546,53.19266461853491,53.28020659735617,"tensor([[0.5000]], dtype=torch.float64)",tensor([-255]),['s']
69.0,69.7958427048974,68.95466883986451,68.559014988491,"tensor([[0.5000]], dtype=torch.float64)",tensor([-255]),['n']
17.0,15.027598529213485,17.059985337059615,16.859586182402325,"tensor([[0.5000]], dtype=torch.float64)",tensor([-255]),['s']
50.0,48.919863048646505,50.22908708645875,50.768221187349994,"tensor([[0.5000]], dtype=torch.float64)",tensor([-255]),['n']
49.0,28.99090005506738,49.25556064143427,49.99410318697979,"tensor([[0.5000]], dtype=torch.float64)",tensor([-255]),['s']
42.0,44.33509409032379,42.52464122910044,42.80295812928646,"tensor([[0.5000]], dtype=torch.float64)",tensor([-255]),['n']
58.0,14.878222280952482,57.509940037859295,57.61406101693605,"tensor([[0.5000]], dtype=torch.float64)",tensor([-255]),['s']
17.0,15.064522510365567,17.176355009868633,17.184356919792524,"tensor([[0.5000]], dtype=torch.float64)",tensor([-255]),['n']
26.0,27.08514762827015,26.11308433347491,25.851936013378204,"tensor([[0.5000]], dtype=torch.float64)",tensor([-255]),['n']
3.0,2.1769542803369655,2.80859012555551,2.8942113347793255,"tensor([[0.5000]], dtype=torch.float64)",tensor([-255]),['n']
22.0,24.347872646622662,22.069343273497477,22.031266390465724,"tensor([[0.5000]], dtype=torch.float64)",tensor([-255]),['n']
16.0,46.07924962594004,14.897817851734324,15.686777617436727,"tensor([[0.5000]], dtype=torch.float64)",tensor([-255]),['s']
40.0,36.28788108253707,39.97235332613852,40.380004688597666,"tensor([[0.5000]], dtype=torch.float64)",tensor([-255]),['s']
39.0,42.1685332990519,38.75035067973084,38.324238770753134,"tensor([[0.5000]], dtype=torch.float64)",tensor([-255]),['n']
31.0,27.55057765623353,31.15129385853717,30.714162352677967,"tensor([[0.5000]], dtype=torch.float64)",tensor([-255]),['n']
28.0,27.237359755064617,27.968959510045206,27.94370596037136,"tensor([[0.5000]], dtype=torch.float64)",tensor([-255]),['s']
40.0,40.42183009362412,40.07510428131042,40.15924381324182,"tensor([[0.5000]], dtype=torch.float64)",tensor([-255]),['s']
3.0,1.312058417878148,2.85399215745437,2.95996107706615,"tensor([[0.5000]], dtype=torch.float64)",tensor([-255]),['s']
51.0,50.90335572981359,51.282641835542904,51.76712849660863,"tensor([[0.5000]], dtype=torch.float64)",tensor([-255]),['n']
50.0,47.190467830812786,50.4472392045787,50.85936299957146,"tensor([[0.5000]], dtype=torch.float64)",tensor([-255]),['s']
45.0,44.84609735722887,45.3317985317208,45.747255788441,"tensor([[0.5000]], dtype=torch.float64)",tensor([-255]),['n']
25.0,24.81248867099302,25.707899130770645,25.711018211982946,"tensor([[0.5000]], dtype=torch.float64)",tensor([-255]),['s']
70.0,70.85300510543192,69.89543204366754,69.76718404720324,"tensor([[0.5000]], dtype=torch.float64)",tensor([-255]),['s']
7.0,8.715396879461068,6.3745932852320415,8.808514945231117,"tensor([[0.5000]], dtype=torch.float64)",tensor([-255]),['s']
65.0,62.099028713240614,64.88473036535646,64.90970602923198,"tensor([[0.5000]], dtype=torch.float64)",tensor([-255]),['s']
40.0,34.26589312429202,40.26216152724266,40.58117373394947,"tensor([[0.5000]], dtype=torch.float64)",tensor([-255]),['n']
1.0,2.0787480456712535,0.904357243533503,1.0221914996188222,"tensor([[0.5000]], dtype=torch.float64)",tensor([-255]),['n']
44.0,39.30480759680442,44.695001937418034,44.89084551832387,"tensor([[0.5000]], dtype=torch.float64)",tensor([-255]),['s']
62.0,59.36662188889515,61.79128577036529,61.807229254016164,"tensor([[0.5000]], dtype=torch.float64)",tensor([-255]),['n']
46.0,46.02434184857118,46.72662841302595,46.83865868197191,"tensor([[0.5000]], dtype=torch.float64)",tensor([-255]),['s']
39.0,45.219147588923114,38.84566881021687,39.005783175772564,"tensor([[0.5000]], dtype=torch.float64)",tensor([-255]),['n']
15.0,47.020366875746745,14.240795339695868,14.307066436766453,"tensor([[0.5000]], dtype=torch.float64)",tensor([-255]),['s']
54.0,53.57117919379927,54.129994806373,54.069429512313874,"tensor([[0.5000]], dtype=torch.float64)",tensor([-255]),['n']
70.0,68.48582232149973,69.72620782540329,69.90422557842545,"tensor([[0.5000]], dtype=torch.float64)",tensor([-255]),['s']
12.0,66.6909362201691,11.888640130132977,12.757099462405291,"tensor([[0.5000]], dtype=torch.float64)",tensor([-255]),['n']
46.0,47.82292700280793,46.35849721158265,46.797919501573254,"tensor([[0.5000]], dtype=torch.float64)",tensor([-255]),['n']
26.0,28.321027832493883,26.059353371409525,26.046722302033356,"tensor([[0.5000]], dtype=torch.float64)",tensor([-255]),['n']
51.0,52.00525845202121,52.20783866363697,51.50408492987768,"tensor([[0.5000]], dtype=torch.float64)",tensor([-255]),['s']
18.0,17.119887965238227,18.005976955252116,18.018354299707347,"tensor([[0.5000]], dtype=torch.float64)",tensor([-255]),['n']
40.0,35.38661706428165,40.29586162406214,40.7354612941089,"tensor([[0.5000]], dtype=torch.float64)",tensor([-255]),['s']
69.0,5.846726596257981,68.42774962014124,68.26541027525421,"tensor([[0.5000]], dtype=torch.float64)",tensor([-255]),['n']
21.0,22.140216384538952,21.07670062421127,21.03137399668546,"tensor([[0.5000]], dtype=torch.float64)",tensor([-255]),['s']
20.0,67.81069739505249,19.956528159934294,19.97810059042112,"tensor([[0.5000]], dtype=torch.float64)",tensor([-255]),['s']
13.0,46.33422794312831,13.485502373891007,13.32751799437766,"tensor([[0.5000]], dtype=torch.float64)",tensor([-255]),['s']
11.0,68.9320474557991,10.96333437607901,11.192814710474153,"tensor([[0.5000]], dtype=torch.float64)",tensor([-255]),['n']
58.0,58.97440383127277,57.65112490171794,57.33001602530767,"tensor([[0.5000]], dtype=torch.float64)",tensor([-255]),['s']
66.0,67.80771730333223,65.13227963200681,65.07493148387385,"tensor([[0.5000]], dtype=torch.float64)",tensor([-255]),['s']
49.0,48.88032787962818,49.20017573590826,49.517312896141135,"tensor([[0.5000]], dtype=torch.float64)",tensor([-255]),['s']
47.0,46.80013871265031,46.701662493566864,47.26096972185994,"tensor([[0.5000]], dtype=torch.float64)",tensor([-255]),['s']
15.0,44.648836371387404,14.894984672573841,15.121519046075294,"tensor([[0.5000]], dtype=torch.float64)",tensor([-255]),['n']
38.0,35.43428118658903,38.09394884271744,38.04586889319848,"tensor([[0.5000]], dtype=torch.float64)",tensor([-255]),['n']
65.0,68.57940643996093,64.81851849886311,64.78462918132847,"tensor([[0.5000]], dtype=torch.float64)",tensor([-255]),['s']
18.0,64.92594651359374,18.043030383952043,17.96714006725577,"tensor([[0.5000]], dtype=torch.float64)",tensor([-255]),['n']
7.0,9.844130388909676,6.944506843048522,6.957287515170254,"tensor([[0.5000]], dtype=torch.float64)",tensor([-255]),['s']
38.0,34.80254644796288,38.327741421113394,38.31282693228611,"tensor([[0.5000]], dtype=torch.float64)",tensor([-255]),['n']
58.0,59.009507600439875,57.29051708092647,57.08627840087955,"tensor([[0.5000]], dtype=torch.float64)",tensor([-255]),['n']
67.0,2.8727255477944764,66.55840906477405,66.43671290064592,"tensor([[0.5000]], dtype=torch.float64)",tensor([-255]),['s']
34.0,37.700732929619974,34.53215377705155,32.96350054937587,"tensor([[0.5000]], dtype=torch.float64)",tensor([-255]),['s']
22.0,20.192219935259203,22.585928427350282,22.642264466250683,"tensor([[0.5000]], dtype=torch.float64)",tensor([-255]),['n']
65.0,64.00473355334069,64.34271640848362,64.28643228958909,"tensor([[0.5000]], dtype=torch.float64)",tensor([-255]),['n']
1.0,68.39808484646429,0.631632610719499,0.0,"tensor([[0.5000]], dtype=torch.float64)",tensor([-255]),['n']
40.0,41.95783689450481,40.96324841228561,40.277573490594555,"tensor([[0.5000]], dtype=torch.float64)",tensor([-255]),['s']
1.0,6.9337043487025785,1.1857990719812477,71.0,"tensor([[0.5000]], dtype=torch.float64)",tensor([-255]),['n']
55.0,56.803795591909235,54.93781509181228,54.9922364824516,"tensor([[0.5000]], dtype=torch.float64)",tensor([-255]),['n']
59.0,34.67788735965879,58.22195020369555,58.23792510620132,"tensor([[0.5000]], dtype=torch.float64)",tensor([-255]),['s']
3.0,4.22349284842206,3.0495609844282625,3.2074366729462764,"tensor([[0.5000]], dtype=torch.float64)",tensor([-255]),['n']
38.0,34.77587873761586,38.61528126260558,38.724419454750596,"tensor([[0.5000]], dtype=torch.float64)",tensor([-255]),['n']
15.0,10.877112999098834,15.224736933296887,15.650880788443613,"tensor([[0.5000]], dtype=torch.float64)",tensor([-255]),['n']
6.0,3.5838723295773023,6.173247502167781,6.0403681654719215,"tensor([[0.5000]], dtype=torch.float64)",tensor([-255]),['s']
62.0,25.201437844858393,60.95908763215983,61.00345074414336,"tensor([[0.5000]], dtype=torch.float64)",tensor([-255]),['s']
40.0,40.714231028362676,40.98224472655316,41.8761242033219,"tensor([[0.5000]], dtype=torch.float64)",tensor([-255]),['n']
29.0,28.027632398808354,29.038458293154104,28.838000314917068,"tensor([[0.5000]], dtype=torch.float64)",tensor([-255]),['s']
46.0,45.74511755282633,46.855374589822645,47.057756202345416,"tensor([[0.5000]], dtype=torch.float64)",tensor([-255]),['n']
2.0,8.653268955126979,1.5902549903999545,1.6808776926924103,"tensor([[0.5000]], dtype=torch.float64)",tensor([-255]),['s']
60.0,57.48575398621598,59.82214924293815,59.12535728727927,"tensor([[0.5000]], dtype=torch.float64)",tensor([-255]),['n']
45.0,47.402828247414604,45.18574100147306,45.12353517493001,"tensor([[0.5000]], dtype=torch.float64)",tensor([-255]),['s']
45.0,46.39738413806241,46.25689969854508,46.00715261871261,"tensor([[0.5000]], dtype=torch.float64)",tensor([-255]),['s']
61.0,60.313953545155236,60.43659495528986,60.25003890578328,"tensor([[0.5000]], dtype=torch.float64)",tensor([-255]),['n']
12.0,14.093472125117387,11.983922676600583,12.028275168879706,"tensor([[0.5000]], dtype=torch.float64)",tensor([-255]),['s']
2.0,70.8881096192359,2.135897372086538,2.153381619530875,"tensor([[0.5000]], dtype=torch.float64)",tensor([-255]),['s']
46.0,43.926430006832746,46.511694354018495,47.268630086248166,"tensor([[0.5000]], dtype=torch.float64)",tensor([-255]),['n']
20.0,20.01885690205902,20.034172236127915,19.92116742312608,"tensor([[0.5000]], dtype=torch.float64)",tensor([-255]),['n']
35.0,38.48658895793005,35.00028825541799,34.30949312526266,"tensor([[0.5000]], dtype=torch.float64)",tensor([-255]),['s']
51.0,51.250511464173115,51.5304966431066,51.044587581776824,"tensor([[0.5000]], dtype=torch.float64)",tensor([-255]),['s']
68.0,68.59169900339252,67.16376182660257,66.69415076992247,"tensor([[0.5000]], dtype=torch.float64)",tensor([-255]),['s']
39.0,46.94715926045541,47.32537426910664,47.445942963235645,"tensor([[0.5000]], dtype=torch.float64)",tensor([-255]),['s']
71.0,70.77954487296624,70.941357693484,71.0,"tensor([[0.5000]], dtype=torch.float64)",tensor([-255]),['s']
8.0,8.25299292675042,8.1941435765292,8.443726406991715,"tensor([[0.5000]], dtype=torch.float64)",tensor([-255]),['n']
9.0,8.513071231121025,9.122485700242793,9.142145129358981,"tensor([[0.5000]], dtype=torch.float64)",tensor([-255]),['n']
25.0,31.355882009362393,25.308852101291333,24.225715711350514,"tensor([[0.5000]], dtype=torch.float64)",tensor([-255]),['n']
46.0,47.896198984367686,46.68222749454025,46.79324311880438,"tensor([[0.5000]], dtype=torch.float64)",tensor([-255]),['n']
16.0,17.32887379220744,16.302664056023158,16.087846287139005,"tensor([[0.5000]], dtype=torch.float64)",tensor([-255]),['s']
59.0,60.185380048355796,58.69240299627314,58.45269711364282,"tensor([[0.5000]], dtype=torch.float64)",tensor([-255]),['s']
18.0,17.3045578917106,17.804916007816203,17.76933888234149,"tensor([[0.5000]], dtype=torch.float64)",tensor([-255]),['s']
55.0,55.15520911016403,54.83963251426641,54.96593135880208,"tensor([[0.5000]], dtype=torch.float64)",tensor([-255]),['n']
4.0,5.928229996451414,3.7141501223086384,4.071703391185429,"tensor([[0.5000]], dtype=torch.float64)",tensor([-255]),['n']
34.0,38.62512347219081,34.556648506961245,34.7569429071434,"tensor([[0.5000]], dtype=torch.float64)",tensor([-255]),['n']
12.0,9.580712183682508,11.980907510233298,12.020037532658007,"tensor([[0.5000]], dtype=torch.float64)",tensor([-255]),['n']
9.0,10.063893809711342,8.47274896936112,8.593262456216376,"tensor([[0.5000]], dtype=torch.float64)",tensor([-255]),['n']
9.0,12.034348730538412,8.520963903295147,8.752072380500653,"tensor([[0.5000]], dtype=torch.float64)",tensor([-255]),['n']
45.0,45.41877917165661,45.812393541733854,45.980079894673814,"tensor([[0.5000]], dtype=torch.float64)",tensor([-255]),['s']
62.0,59.4592406230508,61.56972045477212,61.13421868360407,"tensor([[0.5000]], dtype=torch.float64)",tensor([-255]),['n']
48.0,35.25641051130998,48.19615137431573,49.873284407759,"tensor([[0.5000]], dtype=torch.float64)",tensor([-255]),['s']
24.0,26.70798900533233,23.588857204569102,23.689920023061564,"tensor([[0.5000]], dtype=torch.float64)",tensor([-255]),['s']
52.0,52.66782386798694,52.26343707154066,52.20036100995871,"tensor([[0.5000]], dtype=torch.float64)",tensor([-255]),['n']
27.0,61.97670378914957,26.262708215185345,25.849975815957386,"tensor([[0.5000]], dtype=torch.float64)",tensor([-255]),['n']
67.0,68.10576483723801,66.75665884243178,68.14356227064525,"tensor([[0.5000]], dtype=torch.float64)",tensor([-255]),['n']
46.0,45.863372376432324,46.91123870719756,46.93628141268597,"tensor([[0.5000]], dtype=torch.float64)",tensor([-255]),['n']
64.0,63.330291299770494,63.47368528474123,63.64145638284724,"tensor([[0.5000]], dtype=torch.float64)",tensor([-255]),['n']
39.0,41.117280632199524,39.17516444533485,39.174797532498076,"tensor([[0.5000]], dtype=torch.float64)",tensor([-255]),['s']
29.0,30.30170170204991,29.076034896702925,28.776617500373025,"tensor([[0.5000]], dtype=torch.float64)",tensor([-255]),['s']
9.0,8.209278902505837,9.400009663029346,9.155927848541669,"tensor([[0.5000]], dtype=torch.float64)",tensor([-255]),['n']
54.0,56.44148576374876,53.875749104201226,53.92368978100192,"tensor([[0.5000]], dtype=torch.float64)",tensor([-255]),['s']
16.0,15.953386331232757,16.79781181238669,16.18039778520548,"tensor([[0.5000]], dtype=torch.float64)",tensor([-255]),['s']
18.0,16.961503329663593,18.17741828765658,18.05834445025829,"tensor([[0.5000]], dtype=torch.float64)",tensor([-255]),['n']
52.0,50.25088494812819,51.8988352677023,52.1202360140819,"tensor([[0.5000]], dtype=torch.float64)",tensor([-255]),['n']
54.0,55.84732249265123,54.053949484398224,54.02018315108357,"tensor([[0.5000]], dtype=torch.float64)",tensor([-255]),['n']
42.0,45.5539400369196,43.02978609591104,43.01965516056693,"tensor([[0.5000]], dtype=torch.float64)",tensor([-255]),['s']
20.0,18.465953456133377,19.853635450760788,20.034665178425445,"tensor([[0.5000]], dtype=torch.float64)",tensor([-255]),['s']
65.0,64.0116623354319,64.14708224741914,63.97765548280792,"tensor([[0.5000]], dtype=torch.float64)",tensor([-255]),['s']
15.0,12.521797315980368,14.961065785340795,15.013809848253386,"tensor([[0.5000]], dtype=torch.float64)",tensor([-255]),['s']
42.0,35.1173698536601,42.243457531112,42.111252109480304,"tensor([[0.5000]], dtype=torch.float64)",tensor([-255]),['n']
34.0,34.28961223788995,34.22153472063381,34.18293107393581,"tensor([[0.5000]], dtype=torch.float64)",tensor([-255]),['n']
59.0,59.83834242680657,58.695791083155804,58.207336733396424,"tensor([[0.5000]], dtype=torch.float64)",tensor([-255]),['s']
27.0,33.22028534875122,26.26033804737718,26.15775659231809,"tensor([[0.5000]], dtype=torch.float64)",tensor([-255]),['s']
54.0,29.370459864846012,53.989320304504815,53.929270499041735,"tensor([[0.5000]], dtype=torch.float64)",tensor([-255]),['n']
0.0,70.60299829425372,0.0,70.89721549284576,"tensor([[0.5000]], dtype=torch.float64)",tensor([-255]),['n']
1.0,70.16518305897141,1.119723212453932,1.062461462392333,"tensor([[0.5000]], dtype=torch.float64)",tensor([-255]),['s']
53.0,53.61122158913474,53.27196457344866,53.11421606023555,"tensor([[0.5000]], dtype=torch.float64)",tensor([-255]),['s']
35.0,30.725627652655902,34.375142609114874,34.45257837876181,"tensor([[0.5000]], dtype=torch.float64)",tensor([-255]),['n']
51.0,51.19518288642659,51.24227925042021,51.883791780671025,"tensor([[0.5000]], dtype=torch.float64)",tensor([-255]),['s']
10.0,9.036130632084676,10.696025269467524,11.183432174470543,"tensor([[0.5000]], dtype=torch.float64)",tensor([-255]),['n']
43.0,35.33071533851367,43.89366926655633,44.09547145444012,"tensor([[0.5000]], dtype=torch.float64)",tensor([-255]),['s']
68.0,3.298093051635599,67.94054556879205,67.4493148568965,"tensor([[0.5000]], dtype=torch.float64)",tensor([-255]),['s']
62.0,62.664984034765325,61.58389268788594,61.22683219751213,"tensor([[0.5000]], dtype=torch.float64)",tensor([-255]),['n']
54.0,19.079105491902833,54.19498300707656,54.06717958977183,"tensor([[0.5000]], dtype=torch.float64)",tensor([-255]),['s']
6.0,6.231585122270268,6.779162561121708,6.895643991406044,"tensor([[0.5000]], dtype=torch.float64)",tensor([-255]),['n']
34.0,40.179904094157955,34.39870845261144,34.144496721584396,"tensor([[0.5000]], dtype=torch.float64)",tensor([-255]),['n']
39.0,33.24516369649223,39.393092472335404,39.337223571092956,"tensor([[0.5000]], dtype=torch.float64)",tensor([-255]),['n']
70.0,66.27022420933609,69.35704712928995,69.0846387574539,"tensor([[0.5000]], dtype=torch.float64)",tensor([-255]),['s']
60.0,34.810146941119655,59.64342043000549,59.252621919118326,"tensor([[0.5000]], dtype=torch.float64)",tensor([-255]),['n']
41.0,35.982190477722014,41.50688100617206,41.1722558077783,"tensor([[0.5000]], dtype=torch.float64)",tensor([-255]),['s']
52.0,50.08077231760767,51.96789003550106,52.69792021053899,"tensor([[0.5000]], dtype=torch.float64)",tensor([-255]),['s']
27.0,30.372264889097906,26.357976594456623,26.58843021949529,"tensor([[0.5000]], dtype=torch.float64)",tensor([-255]),['n']
47.0,46.27422562437688,47.211819677556726,47.48182540373738,"tensor([[0.5000]], dtype=torch.float64)",tensor([-255]),['n']
40.0,41.144670665151644,40.32584629628364,41.020452661345054,"tensor([[0.5000]], dtype=torch.float64)",tensor([-255]),['s']
60.0,59.6304676315043,59.51335583602876,58.84822548988554,"tensor([[0.5000]], dtype=torch.float64)",tensor([-255]),['n']
49.0,37.367725694005635,48.558245493138436,49.773449809464026,"tensor([[0.5000]], dtype=torch.float64)",tensor([-255]),['s']
6.0,5.631812121484698,5.3243263192742685,5.802679059530471,"tensor([[0.5000]], dtype=torch.float64)",tensor([-255]),['s']
55.0,27.999653698739777,54.897031113447326,54.87059558229185,"tensor([[0.5000]], dtype=torch.float64)",tensor([-255]),['n']
51.0,8.127653957236534,51.10579569740948,51.64109665202792,"tensor([[0.5000]], dtype=torch.float64)",tensor([-255]),['s']
18.0,15.076643579812679,18.042013436437372,18.02042119638024,"tensor([[0.5000]], dtype=torch.float64)",tensor([-255]),['n']
57.0,56.02567766028151,56.08744940030691,56.28838512825782,"tensor([[0.5000]], dtype=torch.float64)",tensor([-255]),['s']
13.0,14.030068699573672,12.789024313248223,13.05931239475492,"tensor([[0.5000]], dtype=torch.float64)",tensor([-255]),['s']
36.0,47.51448569562759,35.89600299726416,34.34126796212739,"tensor([[0.5000]], dtype=torch.float64)",tensor([-255]),['n']
69.0,66.9881410924365,68.42879894588829,68.20562545573314,"tensor([[0.5000]], dtype=torch.float64)",tensor([-255]),['n']
59.0,60.852031797238155,58.380353078175204,57.96248386348922,"tensor([[0.5000]], dtype=torch.float64)",tensor([-255]),['n']
30.0,29.06930567454262,30.155169404782786,29.596351994453812,"tensor([[0.5000]], dtype=torch.float64)",tensor([-255]),['s']
45.0,46.09110348504254,45.883060230522254,46.21364485058533,"tensor([[0.5000]], dtype=torch.float64)",tensor([-255]),['n']
64.0,64.14431062549262,62.71592664587387,63.186458038867066,"tensor([[0.5000]], dtype=torch.float64)",tensor([-255]),['s']
7.0,8.277693885006464,6.873269708515045,7.009981248766724,"tensor([[0.5000]], dtype=torch.float64)",tensor([-255]),['n']
17.0,15.24405863083787,17.103368372264594,17.03793113510813,"tensor([[0.5000]], dtype=torch.float64)",tensor([-255]),['n']
2.0,6.092651401746208,1.9450767686933297,2.239026621588447,"tensor([[0.5000]], dtype=torch.float64)",tensor([-255]),['n']
17.0,19.256257005055094,16.981171782597514,17.00225966536816,"tensor([[0.5000]], dtype=torch.float64)",tensor([-255]),['n']
68.0,63.16144091004619,67.72308720520039,67.57150183686645,"tensor([[0.5000]], dtype=torch.float64)",tensor([-255]),['s']
48.0,48.7488853606355,48.41422567841517,48.26227736713649,"tensor([[0.5000]], dtype=torch.float64)",tensor([-255]),['n']
51.0,50.78285269023459,51.5267028468603,51.65995762714917,"tensor([[0.5000]], dtype=torch.float64)",tensor([-255]),['n']
5.0,5.303369929271561,4.843824298227711,4.9309322245656535,"tensor([[0.5000]], dtype=torch.float64)",tensor([-255]),['n']
49.0,47.65950687065683,49.33313228948837,49.222096456754464,"tensor([[0.5000]], dtype=torch.float64)",tensor([-255]),['s']
41.0,38.347886728953945,41.615219097041326,41.69123268700278,"tensor([[0.5000]], dtype=torch.float64)",tensor([-255]),['s']
66.0,67.81655619222639,65.96255670614784,65.6091331986189,"tensor([[0.5000]], dtype=torch.float64)",tensor([-255]),['n']
56.0,59.10763129349037,55.794096276670516,55.65406667150028,"tensor([[0.5000]], dtype=torch.float64)",tensor([-255]),['n']
55.0,54.06928853733552,54.90791568551364,54.93713975222263,"tensor([[0.5000]], dtype=torch.float64)",tensor([-255]),['n']
29.0,27.145498076283573,28.86365041735946,27.83320112596594,"tensor([[0.5000]], dtype=torch.float64)",tensor([-255]),['n']
42.0,43.24598116368024,42.84006318068703,42.92114329354007,"tensor([[0.5000]], dtype=torch.float64)",tensor([-255]),['s']
67.0,65.66406781997004,66.64367470704114,66.56135768690952,"tensor([[0.5000]], dtype=torch.float64)",tensor([-255]),['n']
41.0,36.81390289275975,46.98559883558191,42.0924869215562,"tensor([[0.5000]], dtype=torch.float64)",tensor([-255]),['s']
25.0,28.418865524345467,23.81192624233598,24.127806020541783,"tensor([[0.5000]], dtype=torch.float64)",tensor([-255]),['s']
45.0,46.44204634126156,45.22130650575831,46.5354646032998,"tensor([[0.5000]], dtype=torch.float64)",tensor([-255]),['n']
49.0,50.085042521161824,49.186446829984106,49.28872280074552,"tensor([[0.5000]], dtype=torch.float64)",tensor([-255]),['s']
42.0,45.07156390880917,42.26461597133788,42.827970967268264,"tensor([[0.5000]], dtype=torch.float64)",tensor([-255]),['n']
9.0,9.948647506703118,8.899878580872095,8.726236456920564,"tensor([[0.5000]], dtype=torch.float64)",tensor([-255]),['s']
63.0,59.80349402544448,61.840785682200696,61.76698638887763,"tensor([[0.5000]], dtype=torch.float64)",tensor([-255]),['s']
31.0,30.846521706378894,30.915041752685365,31.008622925440537,"tensor([[0.5000]], dtype=torch.float64)",tensor([-255]),['s']
35.0,34.95621187890608,35.130649757231645,35.00504540329865,"tensor([[0.5000]], dtype=torch.float64)",tensor([-255]),['n']
48.0,42.98317506756036,49.03791821461699,49.04195454728855,"tensor([[0.5000]], dtype=torch.float64)",tensor([-255]),['s']
44.0,43.77648646642433,44.711600100001014,45.8125569477225,"tensor([[0.5000]], dtype=torch.float64)",tensor([-255]),['n']
24.0,58.74254164553134,23.984226689801904,23.930867176186936,"tensor([[0.5000]], dtype=torch.float64)",tensor([-255]),['n']
1.0,69.53496020745085,1.015214675257384,0.8839645728380152,"tensor([[0.5000]], dtype=torch.float64)",tensor([-255]),['n']
54.0,54.006061272070525,53.953855149684514,53.851468481996505,"tensor([[0.5000]], dtype=torch.float64)",tensor([-255]),['n']
19.0,19.128072668821094,18.62863363078668,18.871920117023,"tensor([[0.5000]], dtype=torch.float64)",tensor([-255]),['s']
12.0,10.060546576468202,12.142382152983458,12.146227561948244,"tensor([[0.5000]], dtype=torch.float64)",tensor([-255]),['s']
19.0,18.90880745283916,18.94087964021308,18.970756610123114,"tensor([[0.5000]], dtype=torch.float64)",tensor([-255]),['s']
43.0,41.663170151765314,43.09851558688341,43.679758085651955,"tensor([[0.5000]], dtype=torch.float64)",tensor([-255]),['n']
37.0,37.2614940263023,37.05827117244427,37.427674650970374,"tensor([[0.5000]], dtype=torch.float64)",tensor([-255]),['s']
0.0,70.56938970459599,0.0,0.0,"tensor([[0.5000]], dtype=torch.float64)",tensor([-255]),['n']
38.0,36.58536488562329,37.99948656089497,38.228561431650235,"tensor([[0.5000]], dtype=torch.float64)",tensor([-255]),['s']
21.0,22.87186921174181,21.065083950567526,20.911573982353477,"tensor([[0.5000]], dtype=torch.float64)",tensor([-255]),['s']
67.0,3.1069720390123585,66.53866757584981,66.43525714088726,"tensor([[0.5000]], dtype=torch.float64)",tensor([-255]),['s']
14.0,14.138571345801934,14.04226877314277,14.252642384035877,"tensor([[0.5000]], dtype=torch.float64)",tensor([-255]),['s']
54.0,55.56070433130291,53.30792951824175,53.65406411795586,"tensor([[0.5000]], dtype=torch.float64)",tensor([-255]),['s']
22.0,26.11627653691341,20.420685791835947,21.917551826025147,"tensor([[0.5000]], dtype=torch.float64)",tensor([-255]),['s']
16.0,17.821582680593316,15.997614557999286,15.94910539392059,"tensor([[0.5000]], dtype=torch.float64)",tensor([-255]),['s']
31.0,31.51496221178411,31.341342335771692,29.17982103557294,"tensor([[0.5000]], dtype=torch.float64)",tensor([-255]),['n']
26.0,25.466750094749187,25.850597029666698,25.137494244489034,"tensor([[0.5000]], dtype=torch.float64)",tensor([-255]),['n']
42.0,44.07436780719241,42.63756839046646,42.52541264752912,"tensor([[0.5000]], dtype=torch.float64)",tensor([-255]),['n']
15.0,55.81583894759328,15.169644360773557,15.05321151565341,"tensor([[0.5000]], dtype=torch.float64)",tensor([-255]),['n']
48.0,47.74336485192761,48.33661409031855,49.741435065030316,"tensor([[0.5000]], dtype=torch.float64)",tensor([-255]),['n']
42.0,40.97247747746142,42.417641856472,42.14445992429917,"tensor([[0.5000]], dtype=torch.float64)",tensor([-255]),['s']
58.0,58.99665823923218,57.94721079534198,57.9748959257329,"tensor([[0.5000]], dtype=torch.float64)",tensor([-255]),['s']
12.0,13.33264172917892,11.991691845134678,11.999096872631542,"tensor([[0.5000]], dtype=torch.float64)",tensor([-255]),['s']
68.0,0.39920859312796586,68.08482908518826,67.87140817590273,"tensor([[0.5000]], dtype=torch.float64)",tensor([-255]),['n']
28.0,30.213175395671396,27.95261902114536,27.452099661930333,"tensor([[0.5000]], dtype=torch.float64)",tensor([-255]),['s']
11.0,10.599508937955282,11.70603082208515,11.726483653269455,"tensor([[0.5000]], dtype=torch.float64)",tensor([-255]),['n']
34.0,31.32267870321851,34.23835833266386,34.49126852708056,"tensor([[0.5000]], dtype=torch.float64)",tensor([-255]),['s']
15.0,15.771430704915762,15.321881433386633,15.315035652428643,"tensor([[0.5000]], dtype=torch.float64)",tensor([-255]),['n']
37.0,40.952564865561726,37.13732381799053,36.89665274547335,"tensor([[0.5000]], dtype=torch.float64)",tensor([-255]),['n']
62.0,60.73080415308141,61.30606389849272,61.07864064567665,"tensor([[0.5000]], dtype=torch.float64)",tensor([-255]),['s']
61.0,60.8432076631016,60.29579056663525,60.150548346451224,"tensor([[0.5000]], dtype=torch.float64)",tensor([-255]),['n']
43.0,45.06295712858113,43.960108734781535,44.103327429743,"tensor([[0.5000]], dtype=torch.float64)",tensor([-255]),['n']
30.0,25.53476303467613,30.080459054501937,29.29642064525939,"tensor([[0.5000]], dtype=torch.float64)",tensor([-255]),['n']
67.0,65.99027380739119,66.66505396306266,66.70876918241659,"tensor([[0.5000]], dtype=torch.float64)",tensor([-255]),['n']
60.0,3.2654615915256464,58.92964354997335,58.85678539435311,"tensor([[0.5000]], dtype=torch.float64)",tensor([-255]),['s']
5.0,3.973254093282403,5.101230808977337,5.221579358397867,"tensor([[0.5000]], dtype=torch.float64)",tensor([-255]),['n']
28.0,25.204518855710766,27.893898606155613,27.91567362924251,"tensor([[0.5000]], dtype=torch.float64)",tensor([-255]),['n']
13.0,14.920085451987836,12.901573791192627,13.097300573394408,"tensor([[0.5000]], dtype=torch.float64)",tensor([-255]),['s']
8.0,7.494650408529453,8.451346319956574,9.003000213703467,"tensor([[0.5000]], dtype=torch.float64)",tensor([-255]),['n']
19.0,20.01861533315685,19.34018056523399,19.077851745356128,"tensor([[0.5000]], dtype=torch.float64)",tensor([-255]),['s']
5.0,1.4137539937697619,5.024642031231656,5.31625456064298,"tensor([[0.5000]], dtype=torch.float64)",tensor([-255]),['s']
40.0,42.50587863953996,40.62266558169611,40.850565249040315,"tensor([[0.5000]], dtype=torch.float64)",tensor([-255]),['s']
2.0,28.603166877275562,1.798309854522107,2.017256995910994,"tensor([[0.5000]], dtype=torch.float64)",tensor([-255]),['n']
16.0,15.657585576607918,15.9180013218461,15.94912353417412,"tensor([[0.5000]], dtype=torch.float64)",tensor([-255]),['s']
52.0,50.70810025866538,52.12203533680811,52.062287071530896,"tensor([[0.5000]], dtype=torch.float64)",tensor([-255]),['n']
57.0,57.07209254545885,57.16570472261982,56.33032861441604,"tensor([[0.5000]], dtype=torch.float64)",tensor([-255]),['s']
21.0,21.815734836880882,20.85219923770648,20.573859101112696,"tensor([[0.5000]], dtype=torch.float64)",tensor([-255]),['s']
66.0,63.896748826328746,65.21883095380272,64.78588692518888,"tensor([[0.5000]], dtype=torch.float64)",tensor([-255]),['n']
23.0,23.922314788300543,23.34768062584054,23.36644882762247,"tensor([[0.5000]], dtype=torch.float64)",tensor([-255]),['s']
63.0,63.39358675336784,62.04505481929529,62.08988845348458,"tensor([[0.5000]], dtype=torch.float64)",tensor([-255]),['s']
55.0,51.8759408678837,54.98771204630343,55.12064331854932,"tensor([[0.5000]], dtype=torch.float64)",tensor([-255]),['n']
65.0,64.84800795606048,64.46464668007933,62.605504093618144,"tensor([[0.5000]], dtype=torch.float64)",tensor([-255]),['s']
15.0,12.767923227761466,15.183697084109959,15.163670585865002,"tensor([[0.5000]], dtype=torch.float64)",tensor([-255]),['s']
30.0,30.645537394006382,29.590896714829626,28.43288357831648,"tensor([[0.5000]], dtype=torch.float64)",tensor([-255]),['n']
26.0,39.138066071793176,26.129706228231328,25.35339153216236,"tensor([[0.5000]], dtype=torch.float64)",tensor([-255]),['s']
60.0,61.92944221065429,59.107993301294314,59.106605223021695,"tensor([[0.5000]], dtype=torch.float64)",tensor([-255]),['s']
55.0,28.030757278438223,54.82031374333956,54.91344483543624,"tensor([[0.5000]], dtype=torch.float64)",tensor([-255]),['n']
38.0,35.7591308210779,37.949984214221914,37.98539958676099,"tensor([[0.5000]], dtype=torch.float64)",tensor([-255]),['n']
65.0,65.77509423279146,64.79622191021974,64.86988905752128,"tensor([[0.5000]], dtype=torch.float64)",tensor([-255]),['s']
12.0,11.840220034409015,11.829145671413734,11.928747074288296,"tensor([[0.5000]], dtype=torch.float64)",tensor([-255]),['s']
30.0,28.79477387123658,30.31497734849919,30.442000130479826,"tensor([[0.5000]], dtype=torch.float64)",tensor([-255]),['n']
5.0,6.007502200676862,5.062054909337431,4.94848161743232,"tensor([[0.5000]], dtype=torch.float64)",tensor([-255]),['n']
7.0,4.035492806165113,9.611305696136954,8.425382950362737,"tensor([[0.5000]], dtype=torch.float64)",tensor([-255]),['s']
21.0,21.954785461345093,20.964309888350645,20.961040106377627,"tensor([[0.5000]], dtype=torch.float64)",tensor([-255]),['n']
67.0,1.4754519390074825,66.6238810001633,66.7548933349983,"tensor([[0.5000]], dtype=torch.float64)",tensor([-255]),['n']
21.0,20.21264986100755,21.176069625987772,21.046095298086414,"tensor([[0.5000]], dtype=torch.float64)",tensor([-255]),['n']
8.0,4.208030354277927,8.038419742422407,8.230458585383145,"tensor([[0.5000]], dtype=torch.float64)",tensor([-255]),['n']
16.0,14.078005336352584,16.151638961536886,16.482839778396283,"tensor([[0.5000]], dtype=torch.float64)",tensor([-255]),['s']
5.0,7.7471466551115995,5.312372640288468,5.526017796212408,"tensor([[0.5000]], dtype=torch.float64)",tensor([-255]),['n']
37.0,41.30916570333468,36.89931415790024,36.94986361397445,"tensor([[0.5000]], dtype=torch.float64)",tensor([-255]),['s']
71.0,0.2980616447213388,71.0,71.0,"tensor([[0.5000]], dtype=torch.float64)",tensor([-255]),['n']
63.0,62.25431963492035,62.334098379417355,61.961109790855964,"tensor([[0.5000]], dtype=torch.float64)",tensor([-255]),['n']
45.0,45.0251765638953,45.2791726290997,46.47405606033928,"tensor([[0.5000]], dtype=torch.float64)",tensor([-255]),['n']
25.0,23.66663975503507,25.237871669110806,25.116685075390524,"tensor([[0.5000]], dtype=torch.float64)",tensor([-255]),['n']
58.0,59.632569543859915,57.68829260175684,57.846535126582,"tensor([[0.5000]], dtype=torch.float64)",tensor([-255]),['s']
48.0,49.06264385050447,48.458142008530764,48.92239288251783,"tensor([[0.5000]], dtype=torch.float64)",tensor([-255]),['n']
27.0,27.318001981671443,27.107185927895557,26.862924702172716,"tensor([[0.5000]], dtype=torch.float64)",tensor([-255]),['n']
0.0,3.5059836999158396,0.0,0.0,"tensor([[0.5000]], dtype=torch.float64)",tensor([-255]),['n']
22.0,22.123401711803492,22.10924105912338,22.012626882577017,"tensor([[0.5000]], dtype=torch.float64)",tensor([-255]),['s']
60.0,62.87684480086731,59.968321111916936,59.39452431526257,"tensor([[0.5000]], dtype=torch.float64)",tensor([-255]),['n']
40.0,32.64138916691788,40.56079583030378,40.36235640080438,"tensor([[0.5000]], dtype=torch.float64)",tensor([-255]),['n']
20.0,62.063170944572896,20.118761762324123,20.029875432808332,"tensor([[0.5000]], dtype=torch.float64)",tensor([-255]),['n']
65.0,68.72904103858521,59.52252711234402,63.73467745055765,"tensor([[0.5000]], dtype=torch.float64)",tensor([-255]),['s']
49.0,49.16643124028271,49.38199968379655,49.787829648942086,"tensor([[0.5000]], dtype=torch.float64)",tensor([-255]),['n']
12.0,12.10948823807686,11.639927964683572,12.232204146263525,"tensor([[0.5000]], dtype=torch.float64)",tensor([-255]),['s']
21.0,26.324112943453038,21.070217808352417,21.012829259816755,"tensor([[0.5000]], dtype=torch.float64)",tensor([-255]),['n']
17.0,16.999735345678687,17.03743581317716,16.995820319737206,"tensor([[0.5000]], dtype=torch.float64)",tensor([-255]),['n']
22.0,23.895072306869487,22.175642259629683,22.074500361141922,"tensor([[0.5000]], dtype=torch.float64)",tensor([-255]),['n']
60.0,24.29009294662489,59.096614372754686,59.098080356283575,"tensor([[0.5000]], dtype=torch.float64)",tensor([-255]),['s']
65.0,57.100995445902704,64.44247453096041,64.85862419643068,"tensor([[0.5000]], dtype=torch.float64)",tensor([-255]),['s']
27.0,27.229276479682603,27.150192468515684,26.92737156464369,"tensor([[0.5000]], dtype=torch.float64)",tensor([-255]),['n']
7.0,8.110151299512616,6.775743201248947,7.148738110552755,"tensor([[0.5000]], dtype=torch.float64)",tensor([-255]),['n']
30.0,27.262532729525592,30.491409224834765,30.4126730864864,"tensor([[0.5000]], dtype=torch.float64)",tensor([-255]),['n']
3.0,2.339215568090676,2.639037680435048,3.6337145604729666,"tensor([[0.5000]], dtype=torch.float64)",tensor([-255]),['n']
19.0,19.113132368377748,18.999238198656514,18.98109640505639,"tensor([[0.5000]], dtype=torch.float64)",tensor([-255]),['n']
17.0,16.439404431341686,17.180981834837198,17.13849885338333,"tensor([[0.5000]], dtype=torch.float64)",tensor([-255]),['n']
52.0,53.89359220223664,52.12166863686359,52.026764399612624,"tensor([[0.5000]], dtype=torch.float64)",tensor([-255]),['s']
32.0,36.16941347991826,32.33587879646806,32.119931820818735,"tensor([[0.5000]], dtype=torch.float64)",tensor([-255]),['n']
36.0,27.383670092290032,36.01491657826997,35.370448095314515,"tensor([[0.5000]], dtype=torch.float64)",tensor([-255]),['n']
31.0,38.32189052640371,31.053591046303797,30.78360105631081,"tensor([[0.5000]], dtype=torch.float64)",tensor([-255]),['s']
3.0,7.020798092459156,2.5473626687010427,2.7221241029480114,"tensor([[0.5000]], dtype=torch.float64)",tensor([-255]),['n']
58.0,58.92729762280147,57.16651220293838,56.9551220717151,"tensor([[0.5000]], dtype=torch.float64)",tensor([-255]),['s']
21.0,25.03150434372152,20.852647550038935,20.48827730824185,"tensor([[0.5000]], dtype=torch.float64)",tensor([-255]),['s']
20.0,19.943330077445555,20.00626551034925,19.780379226221264,"tensor([[0.5000]], dtype=torch.float64)",tensor([-255]),['n']
68.0,67.30662598046767,67.9172044521301,63.88732739598341,"tensor([[0.5000]], dtype=torch.float64)",tensor([-255]),['n']
35.0,34.90934686208381,34.96738680949912,34.55445172653038,"tensor([[0.5000]], dtype=torch.float64)",tensor([-255]),['n']
23.0,61.588945933310434,23.32436528258233,23.386872484272914,"tensor([[0.5000]], dtype=torch.float64)",tensor([-255]),['s']
24.0,20.907442572536947,23.862786877727356,23.98113367719846,"tensor([[0.5000]], dtype=torch.float64)",tensor([-255]),['s']
30.0,27.06011703843645,29.268898154797757,29.039346442451983,"tensor([[0.5000]], dtype=torch.float64)",tensor([-255]),['s']
6.0,10.415695646892374,5.866760074331591,5.8928755693189565,"tensor([[0.5000]], dtype=torch.float64)",tensor([-255]),['n']
13.0,14.055123010029753,13.022632691099131,13.355821010394697,"tensor([[0.5000]], dtype=torch.float64)",tensor([-255]),['s']
42.0,44.09165729993116,42.41299385217714,42.25821525709565,"tensor([[0.5000]], dtype=torch.float64)",tensor([-255]),['s']
68.0,69.89162911396834,67.90108991990958,67.88158783845559,"tensor([[0.5000]], dtype=torch.float64)",tensor([-255]),['n']
16.0,15.014389772506014,16.36349169177207,16.530122798254375,"tensor([[0.5000]], dtype=torch.float64)",tensor([-255]),['n']
44.0,33.948286698573604,44.1889359238268,45.330060367638765,"tensor([[0.5000]], dtype=torch.float64)",tensor([-255]),['s']
67.0,66.89371362491737,66.38183973465709,66.21645003496174,"tensor([[0.5000]], dtype=torch.float64)",tensor([-255]),['n']
62.0,52.06880319240251,61.37546887846296,60.933673376104686,"tensor([[0.5000]], dtype=torch.float64)",tensor([-255]),['s']
61.0,59.301414303324655,60.270142180098276,60.43563806105254,"tensor([[0.5000]], dtype=torch.float64)",tensor([-255]),['s']
58.0,56.214284341664865,57.917436761028135,57.80349153182658,"tensor([[0.5000]], dtype=torch.float64)",tensor([-255]),['s']
68.0,65.23349489013088,67.77205526456746,67.75696094045259,"tensor([[0.5000]], dtype=torch.float64)",tensor([-255]),['s']
2.0,0.08195985988564199,2.321793448875344,2.7130970421427834,"tensor([[0.5000]], dtype=torch.float64)",tensor([-255]),['n']
47.0,46.99211123998716,55.1756858468324,48.94226482023819,"tensor([[0.5000]], dtype=torch.float64)",tensor([-255]),['s']
8.0,5.423305046781831,8.535670462780931,8.639055355770331,"tensor([[0.5000]], dtype=torch.float64)",tensor([-255]),['n']
5.0,7.956005459051878,5.326096251644927,5.405110122295279,"tensor([[0.5000]], dtype=torch.float64)",tensor([-255]),['s']
60.0,59.39238807308262,59.78938757217437,59.92986832184581,"tensor([[0.5000]], dtype=torch.float64)",tensor([-255]),['n']
30.0,34.179234912849424,30.572468943480786,30.37412366965318,"tensor([[0.5000]], dtype=torch.float64)",tensor([-255]),['s']
29.0,38.67990710329144,29.030462818719236,27.463687191298668,"tensor([[0.5000]], dtype=torch.float64)",tensor([-255]),['n']
5.0,3.2606888866603647,4.955829251525811,5.815571690602001,"tensor([[0.5000]], dtype=torch.float64)",tensor([-255]),['n']
44.0,43.04204970753522,44.21659799666661,45.98717826292264,"tensor([[0.5000]], dtype=torch.float64)",tensor([-255]),['s']
7.0,3.1521897887350003,9.987266425878559,7.182644014137245,"tensor([[0.5000]], dtype=torch.float64)",tensor([-255]),['s']
55.0,28.135155698040034,54.9565567399533,54.984573064989554,"tensor([[0.5000]], dtype=torch.float64)",tensor([-255]),['n']
71.0,8.878088357840074,71.0,70.39117572168486,"tensor([[0.5000]], dtype=torch.float64)",tensor([-255]),['n']
56.0,57.33284331782505,55.849799218871595,55.6837774737019,"tensor([[0.5000]], dtype=torch.float64)",tensor([-255]),['n']
15.0,15.006865941085135,14.952327900246884,15.075864959796709,"tensor([[0.5000]], dtype=torch.float64)",tensor([-255]),['n']
30.0,29.597600683718436,30.57576754368591,30.459982770251703,"tensor([[0.5000]], dtype=torch.float64)",tensor([-255]),['n']
25.0,36.089220265499264,24.946108173145046,24.93346613284155,"tensor([[0.5000]], dtype=torch.float64)",tensor([-255]),['n']
57.0,55.881156260291675,56.69339513641209,56.89776245752974,"tensor([[0.5000]], dtype=torch.float64)",tensor([-255]),['n']
24.0,42.85539926276289,24.073099134363705,23.93709306724501,"tensor([[0.5000]], dtype=torch.float64)",tensor([-255]),['n']
36.0,36.938878647800436,35.7632919533636,34.98197387400428,"tensor([[0.5000]], dtype=torch.float64)",tensor([-255]),['n']
19.0,17.01963077198551,19.459946652249503,19.126433421821954,"tensor([[0.5000]], dtype=torch.float64)",tensor([-255]),['s']
60.0,63.75627860108804,59.53822641699543,58.90737998335641,"tensor([[0.5000]], dtype=torch.float64)",tensor([-255]),['n']
14.0,14.904996646770662,14.03952201526176,14.536707212523103,"tensor([[0.5000]], dtype=torch.float64)",tensor([-255]),['n']
20.0,17.155422320837385,19.897249645954236,19.91263295371437,"tensor([[0.5000]], dtype=torch.float64)",tensor([-255]),['s']
35.0,35.03235173158026,35.18581576780923,35.5217534677588,"tensor([[0.5000]], dtype=torch.float64)",tensor([-255]),['n']
40.0,35.79706871638621,40.027675832935415,40.19104236372976,"tensor([[0.5000]], dtype=torch.float64)",tensor([-255]),['n']
42.0,45.00885091738274,42.50267971501012,42.67056662884452,"tensor([[0.5000]], dtype=torch.float64)",tensor([-255]),['n']
3.0,3.4973944559611843,3.726913282800247,4.573704518204346,"tensor([[0.5000]], dtype=torch.float64)",tensor([-255]),['s']
68.0,69.95166669448403,67.85092041908776,67.0899831105032,"tensor([[0.5000]], dtype=torch.float64)",tensor([-255]),['n']
71.0,2.8725863007745263,70.82142127761841,69.05044773971402,"tensor([[0.5000]], dtype=torch.float64)",tensor([-255]),['n']
16.0,10.722120116256129,15.991496708153194,16.04526788809899,"tensor([[0.5000]], dtype=torch.float64)",tensor([-255]),['s']
61.0,59.421041648094366,60.64463970599749,60.22898575735184,"tensor([[0.5000]], dtype=torch.float64)",tensor([-255]),['n']
47.0,45.845408581156406,47.1703851824887,47.184123592966614,"tensor([[0.5000]], dtype=torch.float64)",tensor([-255]),['n']
65.0,63.20323292099825,64.50567969561133,64.6183852704407,"tensor([[0.5000]], dtype=torch.float64)",tensor([-255]),['n']
53.0,50.871764353998074,53.342984967862066,53.61875581597782,"tensor([[0.5000]], dtype=torch.float64)",tensor([-255]),['n']
50.0,49.70110976297778,50.280230223308294,50.156117773618,"tensor([[0.5000]], dtype=torch.float64)",tensor([-255]),['s']
28.0,28.094769703494944,26.63582370923307,27.189422860350884,"tensor([[0.5000]], dtype=torch.float64)",tensor([-255]),['n']
60.0,60.127559016011816,59.40889433460663,58.661822713919896,"tensor([[0.5000]], dtype=torch.float64)",tensor([-255]),['n']
20.0,20.80316947170338,19.98016130990529,19.860348384090358,"tensor([[0.5000]], dtype=torch.float64)",tensor([-255]),['n']
5.0,5.772951987349002,4.976092896024303,4.997542587674682,"tensor([[0.5000]], dtype=torch.float64)",tensor([-255]),['n']
55.0,52.528055316499476,55.044389900588875,54.98874692157497,"tensor([[0.5000]], dtype=torch.float64)",tensor([-255]),['s']
55.0,54.70165804904261,55.053494865968595,54.96354399865452,"tensor([[0.5000]], dtype=torch.float64)",tensor([-255]),['n']
43.0,41.04242644739986,43.56210655918377,43.96021756184512,"tensor([[0.5000]], dtype=torch.float64)",tensor([-255]),['s']
26.0,27.149152582080156,26.070773601876592,25.93599921298194,"tensor([[0.5000]], dtype=torch.float64)",tensor([-255]),['n']
21.0,23.00427607193587,20.882247814888125,20.455624258071925,"tensor([[0.5000]], dtype=torch.float64)",tensor([-255]),['s']
39.0,36.20177136541149,39.127716199920805,39.262212753029665,"tensor([[0.5000]], dtype=torch.float64)",tensor([-255]),['s']
59.0,58.06133270306262,58.33173282266879,58.08741731710236,"tensor([[0.5000]], dtype=torch.float64)",tensor([-255]),['n']
31.0,31.258948272031088,30.894022380427593,30.919421018849047,"tensor([[0.5000]], dtype=torch.float64)",tensor([-255]),['n']
53.0,52.99408753483372,53.13582853225264,53.03734878155432,"tensor([[0.5000]], dtype=torch.float64)",tensor([-255]),['n']
68.0,64.13526218658073,67.97493737059386,67.18165782821818,"tensor([[0.5000]], dtype=torch.float64)",tensor([-255]),['n']
23.0,20.94507316348153,22.97026217540649,22.874701369088708,"tensor([[0.5000]], dtype=torch.float64)",tensor([-255]),['n']
21.0,22.061594184798196,20.995436236948873,20.66535240639615,"tensor([[0.5000]], dtype=torch.float64)",tensor([-255]),['n']
9.0,7.934203009338892,8.84918288299029,9.427038350563155,"tensor([[0.5000]], dtype=torch.float64)",tensor([-255]),['n']
31.0,33.11792945733808,31.5883082911979,30.191264021286123,"tensor([[0.5000]], dtype=torch.float64)",tensor([-255]),['n']
60.0,62.245749871121305,59.08805699665495,59.00395038087623,"tensor([[0.5000]], dtype=torch.float64)",tensor([-255]),['s']
18.0,17.121674401984286,17.907820854969867,17.925770155054987,"tensor([[0.5000]], dtype=torch.float64)",tensor([-255]),['s']
65.0,65.43400618901518,64.77855325071215,64.16883631768283,"tensor([[0.5000]], dtype=torch.float64)",tensor([-255]),['n']
15.0,16.26661133443561,15.04751721183563,15.034548876546129,"tensor([[0.5000]], dtype=torch.float64)",tensor([-255]),['s']
40.0,40.2429643064605,40.578657252458015,40.6995357058909,"tensor([[0.5000]], dtype=torch.float64)",tensor([-255]),['s']
4.0,2.3791269502004733,4.351098865152977,7.005584592805034,"tensor([[0.5000]], dtype=torch.float64)",tensor([-255]),['s']
25.0,23.570221544776714,24.684726044628373,24.213562730049592,"tensor([[0.5000]], dtype=torch.float64)",tensor([-255]),['s']
57.0,55.41049281922386,56.84515932492675,56.93713156229752,"tensor([[0.5000]], dtype=torch.float64)",tensor([-255]),['s']
24.0,58.97946309073039,23.87646309420907,23.904920016182754,"tensor([[0.5000]], dtype=torch.float64)",tensor([-255]),['n']
41.0,36.61467877723056,41.064632597389156,41.21050040025311,"tensor([[0.5000]], dtype=torch.float64)",tensor([-255]),['s']
57.0,59.44749983566995,56.85473684550326,56.51712777911764,"tensor([[0.5000]], dtype=torch.float64)",tensor([-255]),['s']
35.0,30.06647207783371,34.851403703544484,34.98239029765166,"tensor([[0.5000]], dtype=torch.float64)",tensor([-255]),['s']
18.0,18.1559409939312,18.042937159127863,17.996428312552695,"tensor([[0.5000]], dtype=torch.float64)",tensor([-255]),['n']
42.0,44.691144979143814,42.59008423634058,42.74021276999315,"tensor([[0.5000]], dtype=torch.float64)",tensor([-255]),['s']
9.0,6.50866228184601,8.899503783993548,9.348330668420347,"tensor([[0.5000]], dtype=torch.float64)",tensor([-255]),['n']
39.0,35.180211423579316,39.192813630772484,39.81202762617375,"tensor([[0.5000]], dtype=torch.float64)",tensor([-255]),['s']
20.0,21.142147167908643,19.916183672466982,19.921317751771173,"tensor([[0.5000]], dtype=torch.float64)",tensor([-255]),['n']
60.0,59.28030922212762,59.213082425856534,59.02288595680276,"tensor([[0.5000]], dtype=torch.float64)",tensor([-255]),['n']
11.0,10.856308183958866,10.55982754173449,11.087677430968704,"tensor([[0.5000]], dtype=torch.float64)",tensor([-255]),['s']
4.0,10.156960617123303,3.515431803824863,5.440878325556108,"tensor([[0.5000]], dtype=torch.float64)",tensor([-255]),['n']
61.0,60.05466938098212,60.71764803861625,60.75597407681068,"tensor([[0.5000]], dtype=torch.float64)",tensor([-255]),['s']
38.0,36.10682401787084,37.856137140273745,38.08559184916343,"tensor([[0.5000]], dtype=torch.float64)",tensor([-255]),['s']
60.0,60.775462110167695,59.38689200524551,59.359026871861026,"tensor([[0.5000]], dtype=torch.float64)",tensor([-255]),['s']
41.0,43.85264423874368,41.3879952939116,41.757650079747876,"tensor([[0.5000]], dtype=torch.float64)",tensor([-255]),['n']
69.0,0.4619904119137068,68.94226700060824,70.67881733888373,"tensor([[0.5000]], dtype=torch.float64)",tensor([-255]),['n']
50.0,33.958360100048196,50.22333262571969,50.32749828473528,"tensor([[0.5000]], dtype=torch.float64)",tensor([-255]),['s']
38.0,38.20723088630764,37.870046607079296,36.788580481189605,"tensor([[0.5000]], dtype=torch.float64)",tensor([-255]),['s']
3.0,2.9748464575815365,2.4348690203246077,3.3014625700946576,"tensor([[0.5000]], dtype=torch.float64)",tensor([-255]),['s']
45.0,45.48293234006469,45.29811960305875,46.02371837476518,"tensor([[0.5000]], dtype=torch.float64)",tensor([-255]),['n']
37.0,32.019625113553765,36.93364814742232,37.38473481960233,"tensor([[0.5000]], dtype=torch.float64)",tensor([-255]),['n']
7.0,7.331203328132858,7.679753295424467,7.451895901132337,"tensor([[0.5000]], dtype=torch.float64)",tensor([-255]),['s']
24.0,24.083953153920902,24.333860360477956,24.029124807425205,"tensor([[0.5000]], dtype=torch.float64)",tensor([-255]),['n']
23.0,26.158372960984604,22.966932437480118,22.89152776046353,"tensor([[0.5000]], dtype=torch.float64)",tensor([-255]),['n']
36.0,35.995703306859085,36.00061136545598,35.874536240201344,"tensor([[0.5000]], dtype=torch.float64)",tensor([-255]),['n']
71.0,70.47416556604232,71.0,71.0,"tensor([[0.5000]], dtype=torch.float64)",tensor([-255]),['n']
23.0,22.944024884380283,22.391620727862513,21.872384835652813,"tensor([[0.5000]], dtype=torch.float64)",tensor([-255]),['n']
5.0,6.054160478176548,5.363435960073244,6.067858074371143,"tensor([[0.5000]], dtype=torch.float64)",tensor([-255]),['s']
53.0,52.10455776187118,53.300737305126354,53.20829441879639,"tensor([[0.5000]], dtype=torch.float64)",tensor([-255]),['s']
1.0,65.06001224370715,0.5757821665602387,1.0970336178636921,"tensor([[0.5000]], dtype=torch.float64)",tensor([-255]),['s']
26.0,27.156191307057227,26.367568669310316,26.197325540550636,"tensor([[0.5000]], dtype=torch.float64)",tensor([-255]),['n']
46.0,36.27258798650277,46.15274209304358,46.40416788731488,"tensor([[0.5000]], dtype=torch.float64)",tensor([-255]),['n']
19.0,18.901561084060862,18.984256449704336,19.011279468080943,"tensor([[0.5000]], dtype=torch.float64)",tensor([-255]),['s']
45.0,44.43740721521769,45.68453557717839,45.79502104175946,"tensor([[0.5000]], dtype=torch.float64)",tensor([-255]),['n']
46.0,46.187632148362994,46.941973956705745,48.75047858291208,"tensor([[0.5000]], dtype=torch.float64)",tensor([-255]),['n']
44.0,43.315185282424395,45.25922565071429,45.403018451252784,"tensor([[0.5000]], dtype=torch.float64)",tensor([-255]),['s']
63.0,62.18185849960794,61.81512797710973,61.93989602097296,"tensor([[0.5000]], dtype=torch.float64)",tensor([-255]),['s']
45.0,42.95866254276829,46.08036266104795,45.92877100665507,"tensor([[0.5000]], dtype=torch.float64)",tensor([-255]),['s']
42.0,43.54641048462811,42.26433186627613,42.866466405782816,"tensor([[0.5000]], dtype=torch.float64)",tensor([-255]),['s']
36.0,39.11043220597189,35.61765985816714,33.06104616210794,"tensor([[0.5000]], dtype=torch.float64)",tensor([-255]),['n']
21.0,21.553409956220463,20.9459248660862,21.11972778393546,"tensor([[0.5000]], dtype=torch.float64)",tensor([-255]),['s']
14.0,67.91200928374292,13.92652201521518,14.360076371719467,"tensor([[0.5000]], dtype=torch.float64)",tensor([-255]),['n']
18.0,16.576824932420024,18.230092230292875,18.130598404380095,"tensor([[0.5000]], dtype=torch.float64)",tensor([-255]),['s']
67.0,60.157490233280086,67.1447798129507,67.07800890615799,"tensor([[0.5000]], dtype=torch.float64)",tensor([-255]),['s']
27.0,25.093135610564193,26.58834304069686,26.44775618318559,"tensor([[0.5000]], dtype=torch.float64)",tensor([-255]),['n']
33.0,30.191012195008796,33.054171324186626,32.978914439909644,"tensor([[0.5000]], dtype=torch.float64)",tensor([-255]),['n']
49.0,49.03649305470562,49.26144654808873,50.0219259503653,"tensor([[0.5000]], dtype=torch.float64)",tensor([-255]),['s']
17.0,17.03489997275189,17.054261674090224,16.97339284035497,"tensor([[0.5000]], dtype=torch.float64)",tensor([-255]),['s']
43.0,33.852661353030015,43.69586995700558,44.01363731385004,"tensor([[0.5000]], dtype=torch.float64)",tensor([-255]),['n']
51.0,50.13069416149339,51.42568581097742,51.73184071224975,"tensor([[0.5000]], dtype=torch.float64)",tensor([-255]),['n']
32.0,35.25012918077763,32.30122075189236,32.67059596329937,"tensor([[0.5000]], dtype=torch.float64)",tensor([-255]),['s']
43.0,43.06818606221415,45.76548972487299,44.182020186317914,"tensor([[0.5000]], dtype=torch.float64)",tensor([-255]),['s']
6.0,7.470387305023591,6.093776924255106,6.094194207050613,"tensor([[0.5000]], dtype=torch.float64)",tensor([-255]),['n']
52.0,53.927495045292815,52.27354897115365,52.078513567089765,"tensor([[0.5000]], dtype=torch.float64)",tensor([-255]),['n']
11.0,12.526411365652287,10.74987155807918,10.92348516389261,"tensor([[0.5000]], dtype=torch.float64)",tensor([-255]),['n']
24.0,23.128458895691033,24.20239267836621,24.028876001335185,"tensor([[0.5000]], dtype=torch.float64)",tensor([-255]),['n']
16.0,15.866842419019004,16.062517483869428,16.01011215451615,"tensor([[0.5000]], dtype=torch.float64)",tensor([-255]),['s']
22.0,22.862822728298266,21.94667069197857,21.756501145021304,"tensor([[0.5000]], dtype=torch.float64)",tensor([-255]),['n']
44.0,42.09746628783803,44.70699553122227,44.950542415959745,"tensor([[0.5000]], dtype=torch.float64)",tensor([-255]),['n']
60.0,60.60504789429818,59.40391400680508,59.197301681834425,"tensor([[0.5000]], dtype=torch.float64)",tensor([-255]),['n']
61.0,61.163597738536495,60.34664800741955,60.05832541309934,"tensor([[0.5000]], dtype=torch.float64)",tensor([-255]),['n']
60.0,60.24599284276876,59.52165295193578,59.38115552579528,"tensor([[0.5000]], dtype=torch.float64)",tensor([-255]),['n']
65.0,64.0916952305951,64.80682923325348,64.89200408585451,"tensor([[0.5000]], dtype=torch.float64)",tensor([-255]),['n']
17.0,19.2998319110491,16.18037373685142,16.867174289521476,"tensor([[0.5000]], dtype=torch.float64)",tensor([-255]),['s']
4.0,2.4560866618834813,3.80296009801172,3.87636418049719,"tensor([[0.5000]], dtype=torch.float64)",tensor([-255]),['s']
25.0,23.444800208944702,25.32234407650872,24.89205033466066,"tensor([[0.5000]], dtype=torch.float64)",tensor([-255]),['n']
47.0,46.24282931263703,47.80786466070872,48.34857076916751,"tensor([[0.5000]], dtype=torch.float64)",tensor([-255]),['n']
1.0,13.003258896974085,60.14156431450163,1.2598767267469755,"tensor([[0.5000]], dtype=torch.float64)",tensor([-255]),['s']
22.0,22.02874186838136,21.89385075904045,21.83529236006487,"tensor([[0.5000]], dtype=torch.float64)",tensor([-255]),['s']
1.0,68.00588320954294,11.552814464107774,2.252194718137531,"tensor([[0.5000]], dtype=torch.float64)",tensor([-255]),['s']
48.0,47.524915453117394,48.63143296001554,48.76297671317223,"tensor([[0.5000]], dtype=torch.float64)",tensor([-255]),['n']
12.0,26.6999858998283,11.96815398456859,12.554729488346783,"tensor([[0.5000]], dtype=torch.float64)",tensor([-255]),['n']
65.0,34.614434050443826,64.56500784133972,63.21617715879939,"tensor([[0.5000]], dtype=torch.float64)",tensor([-255]),['n']
62.0,60.06143767829239,61.62655050862919,61.366752234448676,"tensor([[0.5000]], dtype=torch.float64)",tensor([-255]),['s']
48.0,36.95860328781721,48.11253109612116,48.16979209073637,"tensor([[0.5000]], dtype=torch.float64)",tensor([-255]),['n']
38.0,30.45560095803972,37.95660264135341,37.61114388782057,"tensor([[0.5000]], dtype=torch.float64)",tensor([-255]),['s']
49.0,49.30509863631576,49.84344991997033,50.43084705736151,"tensor([[0.5000]], dtype=torch.float64)",tensor([-255]),['s']
16.0,15.85747962032446,16.319395591824648,16.243503774238572,"tensor([[0.5000]], dtype=torch.float64)",tensor([-255]),['n']
8.0,4.252556278091181,8.20354157997232,7.581609451939963,"tensor([[0.5000]], dtype=torch.float64)",tensor([-255]),['s']
35.0,36.04084644922533,35.11239550853131,35.060828713962984,"tensor([[0.5000]], dtype=torch.float64)",tensor([-255]),['n']
1.0,0.14405426938773386,0.9461743924199584,1.049707482454933,"tensor([[0.5000]], dtype=torch.float64)",tensor([-255]),['n']
19.0,15.671176246352282,18.993714900689064,19.006044068288094,"tensor([[0.5000]], dtype=torch.float64)",tensor([-255]),['s']
6.0,9.234260516650291,9.502270766992744,7.507915779256,"tensor([[0.5000]], dtype=torch.float64)",tensor([-255]),['s']
63.0,63.255005275122315,62.72517348521434,62.48519627417949,"tensor([[0.5000]], dtype=torch.float64)",tensor([-255]),['n']
67.0,4.094620618698859,66.90596390543944,67.3534222614975,"tensor([[0.5000]], dtype=torch.float64)",tensor([-255]),['n']
30.0,29.81832238935185,30.179872841134813,30.427593687770774,"tensor([[0.5000]], dtype=torch.float64)",tensor([-255]),['s']
11.0,10.52060961110154,10.907910187484763,11.070279437870763,"tensor([[0.5000]], dtype=torch.float64)",tensor([-255]),['s']
54.0,59.928858460467964,53.897876214959105,53.941406823270924,"tensor([[0.5000]], dtype=torch.float64)",tensor([-255]),['s']
56.0,56.861037204998595,55.58786887747267,55.68358360670502,"tensor([[0.5000]], dtype=torch.float64)",tensor([-255]),['s']
5.0,4.543918030032385,13.895743978511009,5.70881189370947,"tensor([[0.5000]], dtype=torch.float64)",tensor([-255]),['s']
8.0,10.489335799304303,8.219558213711316,8.312336838645889,"tensor([[0.5000]], dtype=torch.float64)",tensor([-255]),['n']
7.0,4.826163305444854,7.365121181518785,7.070504716048083,"tensor([[0.5000]], dtype=torch.float64)",tensor([-255]),['s']
69.0,2.6429541848424942,68.82032007818023,68.94312425980688,"tensor([[0.5000]], dtype=torch.float64)",tensor([-255]),['s']
20.0,19.16129055691821,19.615276844215003,19.811174193293827,"tensor([[0.5000]], dtype=torch.float64)",tensor([-255]),['s']
16.0,22.051909050346886,16.038339151939493,15.975353771519684,"tensor([[0.5000]], dtype=torch.float64)",tensor([-255]),['s']
9.0,45.99562292022434,9.211888630645547,9.444193914811375,"tensor([[0.5000]], dtype=torch.float64)",tensor([-255]),['s']
2.0,3.904332613221002,2.07603676042818,1.9348667256173453,"tensor([[0.5000]], dtype=torch.float64)",tensor([-255]),['n']
60.0,59.14382718388269,59.36644328896205,59.158729771004175,"tensor([[0.5000]], dtype=torch.float64)",tensor([-255]),['s']
9.0,10.121104650267569,9.134541172303278,8.974247660940948,"tensor([[0.5000]], dtype=torch.float64)",tensor([-255]),['s']
47.0,46.43061062764121,47.62892101619345,48.21896433138295,"tensor([[0.5000]], dtype=torch.float64)",tensor([-255]),['n']
33.0,36.729937163885594,33.3032861431063,33.614868054993075,"tensor([[0.5000]], dtype=torch.float64)",tensor([-255]),['s']
50.0,51.562551285324446,50.23227598585792,50.782813197690224,"tensor([[0.5000]], dtype=torch.float64)",tensor([-255]),['n']
70.0,70.83158565253449,69.82678837253498,70.01712139359755,"tensor([[0.5000]], dtype=torch.float64)",tensor([-255]),['n']
64.0,65.92361247119064,63.428893492218506,63.45771709041831,"tensor([[0.5000]], dtype=torch.float64)",tensor([-255]),['n']
32.0,28.381255211751313,30.40259173225722,30.394436779044913,"tensor([[0.5000]], dtype=torch.float64)",tensor([-255]),['n']
69.0,66.45078531263067,68.42857665473139,68.25968890659337,"tensor([[0.5000]], dtype=torch.float64)",tensor([-255]),['s']
52.0,50.02189719601492,52.356959593041275,52.53221765599889,"tensor([[0.5000]], dtype=torch.float64)",tensor([-255]),['n']
22.0,22.90314882576979,22.065066577086014,21.961014320805255,"tensor([[0.5000]], dtype=torch.float64)",tensor([-255]),['n']
25.0,22.218344371521102,27.67336240946752,24.997333479299407,"tensor([[0.5000]], dtype=torch.float64)",tensor([-255]),['s']
1.0,1.4012514380136292,1.0722684137229292,1.2544824539350161,"tensor([[0.5000]], dtype=torch.float64)",tensor([-255]),['n']
52.0,22.614408698157966,52.53784521487625,52.126556906505265,"tensor([[0.5000]], dtype=torch.float64)",tensor([-255]),['s']
67.0,2.9176986505688522,66.94409423592154,66.060006222088,"tensor([[0.5000]], dtype=torch.float64)",tensor([-255]),['s']
58.0,58.092383864149596,57.9959200488941,57.40744046427445,"tensor([[0.5000]], dtype=torch.float64)",tensor([-255]),['n']
35.0,33.636885343009425,35.11475314544284,34.26973560167461,"tensor([[0.5000]], dtype=torch.float64)",tensor([-255]),['n']
34.0,33.22947618823262,34.100205351339056,34.76589983939586,"tensor([[0.5000]], dtype=torch.float64)",tensor([-255]),['n']
21.0,24.038120887351013,20.955784964484405,20.32699552671622,"tensor([[0.5000]], dtype=torch.float64)",tensor([-255]),['s']
8.0,1.1877595688034064,7.321070429372523,7.612813301066233,"tensor([[0.5000]], dtype=torch.float64)",tensor([-255]),['n']
25.0,27.371837408853814,25.272960551391954,24.288676310959236,"tensor([[0.5000]], dtype=torch.float64)",tensor([-255]),['n']
57.0,60.07719331891887,56.74104097315811,56.810974751385025,"tensor([[0.5000]], dtype=torch.float64)",tensor([-255]),['n']
8.0,70.10763898628355,14.760745531650642,9.901466894246003,"tensor([[0.5000]], dtype=torch.float64)",tensor([-255]),['s']
53.0,53.03315400391624,52.94879039580865,52.98591971752764,"tensor([[0.5000]], dtype=torch.float64)",tensor([-255]),['s']
36.0,39.99374590701718,36.357627208129905,36.66332820312121,"tensor([[0.5000]], dtype=torch.float64)",tensor([-255]),['n']
65.0,24.434498812125682,64.77807241923986,64.27872977614004,"tensor([[0.5000]], dtype=torch.float64)",tensor([-255]),['n']
6.0,6.1456398182331196,5.9632864198507,8.755602963768895,"tensor([[0.5000]], dtype=torch.float64)",tensor([-255]),['n']
0.0,0.7016678228091138,0.0,0.0,"tensor([[0.5000]], dtype=torch.float64)",tensor([-255]),['s']
20.0,18.930875646951552,19.7431750976498,19.96636190305851,"tensor([[0.5000]], dtype=torch.float64)",tensor([-255]),['s']
11.0,10.589256832656709,11.257319024837239,11.174549477086542,"tensor([[0.5000]], dtype=torch.float64)",tensor([-255]),['n']
65.0,67.56834136998253,64.43011915064452,64.20076882116263,"tensor([[0.5000]], dtype=torch.float64)",tensor([-255]),['n']
46.0,44.43210008297446,46.3337038861494,46.60658378419204,"tensor([[0.5000]], dtype=torch.float64)",tensor([-255]),['s']
22.0,24.079973110974514,21.59068237194888,21.753153060333474,"tensor([[0.5000]], dtype=torch.float64)",tensor([-255]),['s']
12.0,10.48400652445422,11.811540308213791,11.992651781056894,"tensor([[0.5000]], dtype=torch.float64)",tensor([-255]),['s']
49.0,50.5103778932969,49.19472834781664,49.747949976209114,"tensor([[0.5000]], dtype=torch.float64)",tensor([-255]),['n']
17.0,66.61925066033719,17.57522591169858,17.131671362551085,"tensor([[0.5000]], dtype=torch.float64)",tensor([-255]),['s']
44.0,45.93456792307764,44.40342093207476,44.638894295811426,"tensor([[0.5000]], dtype=torch.float64)",tensor([-255]),['n']
5.0,8.845123286201911,5.528390438795867,6.96456225996187,"tensor([[0.5000]], dtype=torch.float64)",tensor([-255]),['s']
32.0,31.345405570459935,32.834804294555994,32.87201341492868,"tensor([[0.5000]], dtype=torch.float64)",tensor([-255]),['n']
53.0,53.77607828697003,53.19456003061737,53.076246228985525,"tensor([[0.5000]], dtype=torch.float64)",tensor([-255]),['s']
70.0,69.87870868690258,70.11381875187453,70.02411904013435,"tensor([[0.5000]], dtype=torch.float64)",tensor([-255]),['s']
35.0,29.13598268272103,34.26305099278698,34.1550849936109,"tensor([[0.5000]], dtype=torch.float64)",tensor([-255]),['s']
42.0,39.37007649841696,42.371187406968595,42.735322683396,"tensor([[0.5000]], dtype=torch.float64)",tensor([-255]),['n']
13.0,11.898683800314986,13.076947298715739,13.024306245341615,"tensor([[0.5000]], dtype=torch.float64)",tensor([-255]),['n']
38.0,37.07587127128713,38.668264209626784,38.647843730141545,"tensor([[0.5000]], dtype=torch.float64)",tensor([-255]),['s']
8.0,7.944218244028294,9.810543547892117,9.454660613519636,"tensor([[0.5000]], dtype=torch.float64)",tensor([-255]),['s']
68.0,70.93451741712823,67.46101172780291,67.27972527293353,"tensor([[0.5000]], dtype=torch.float64)",tensor([-255]),['s']
19.0,41.69767636554154,19.1124298960407,19.147006825389234,"tensor([[0.5000]], dtype=torch.float64)",tensor([-255]),['n']
28.0,34.04731974746886,27.765529468684868,27.53359549470283,"tensor([[0.5000]], dtype=torch.float64)",tensor([-255]),['s']
20.0,41.625490958412726,20.00256243104623,20.027460544235154,"tensor([[0.5000]], dtype=torch.float64)",tensor([-255]),['n']
33.0,36.15639314936988,33.30386334608417,32.01945697143482,"tensor([[0.5000]], dtype=torch.float64)",tensor([-255]),['n']
17.0,15.578236717970892,16.7634710962801,16.854571721666183,"tensor([[0.5000]], dtype=torch.float64)",tensor([-255]),['n']
7.0,8.817286937021155,6.453565077941057,6.3352882053029385,"tensor([[0.5000]], dtype=torch.float64)",tensor([-255]),['s']
58.0,58.03375977032944,57.627671765045484,57.17199999195053,"tensor([[0.5000]], dtype=torch.float64)",tensor([-255]),['n']
13.0,26.702110875481488,12.465884065164357,12.579121505332045,"tensor([[0.5000]], dtype=torch.float64)",tensor([-255]),['s']
8.0,47.989135008344064,7.835508423283545,7.726601826164274,"tensor([[0.5000]], dtype=torch.float64)",tensor([-255]),['s']
68.0,70.86058601003364,67.75315028635832,67.00234729362211,"tensor([[0.5000]], dtype=torch.float64)",tensor([-255]),['n']
67.0,63.97487316286775,66.58436532986117,66.24221130179318,"tensor([[0.5000]], dtype=torch.float64)",tensor([-255]),['n']
67.0,68.02043311097778,66.5571003612105,66.32332765994522,"tensor([[0.5000]], dtype=torch.float64)",tensor([-255]),['n']
8.0,10.873827830729038,7.794407622512624,8.134745544538692,"tensor([[0.5000]], dtype=torch.float64)",tensor([-255]),['n']
40.0,32.66971660959227,41.01237980037787,41.45660062010011,"tensor([[0.5000]], dtype=torch.float64)",tensor([-255]),['s']
28.0,27.14499610328714,27.79880282985329,27.443197466360974,"tensor([[0.5000]], dtype=torch.float64)",tensor([-255]),['n']
12.0,10.834871685637147,12.181328603107865,12.447985767400182,"tensor([[0.5000]], dtype=torch.float64)",tensor([-255]),['s']
12.0,14.408566907111151,11.740204466309976,11.996689230253704,"tensor([[0.5000]], dtype=torch.float64)",tensor([-255]),['n']
64.0,61.50447982621782,63.46823089664447,62.983851134153944,"tensor([[0.5000]], dtype=torch.float64)",tensor([-255]),['s']
70.0,2.6339752678293333,70.2236325804444,70.22420295592012,"tensor([[0.5000]], dtype=torch.float64)",tensor([-255]),['s']
21.0,21.458749611129434,21.15103577556891,20.821215904333123,"tensor([[0.5000]], dtype=torch.float64)",tensor([-255]),['n']
52.0,51.111584225178966,52.07801548896396,52.1807787691763,"tensor([[0.5000]], dtype=torch.float64)",tensor([-255]),['n']
47.0,45.90083885439557,47.46536296265383,48.805565974435154,"tensor([[0.5000]], dtype=torch.float64)",tensor([-255]),['n']
42.0,40.29250990091355,42.319702926279426,44.71918259728377,"tensor([[0.5000]], dtype=torch.float64)",tensor([-255]),['s']
32.0,29.852010178569646,32.16342545460777,32.08014682102291,"tensor([[0.5000]], dtype=torch.float64)",tensor([-255]),['s']
64.0,62.473373629412535,63.56344879820408,61.0539329783103,"tensor([[0.5000]], dtype=torch.float64)",tensor([-255]),['s']
19.0,18.721764858831804,18.97692647259537,19.012464603036438,"tensor([[0.5000]], dtype=torch.float64)",tensor([-255]),['s']
32.0,29.896023520852648,31.852390769027924,30.952479064375936,"tensor([[0.5000]], dtype=torch.float64)",tensor([-255]),['s']
56.0,10.271530428482077,55.87248473623526,55.85650265713705,"tensor([[0.5000]], dtype=torch.float64)",tensor([-255]),['n']
20.0,19.776109906495797,19.790251464319297,19.86482631663115,"tensor([[0.5000]], dtype=torch.float64)",tensor([-255]),['n']
8.0,8.951578016886938,7.741649122248558,7.8743971826531665,"tensor([[0.5000]], dtype=torch.float64)",tensor([-255]),['n']
36.0,38.76590216207282,36.10170213815181,35.86394382357386,"tensor([[0.5000]], dtype=torch.float64)",tensor([-255]),['n']
36.0,39.14727077669722,36.25255180196882,36.74688734338364,"tensor([[0.5000]], dtype=torch.float64)",tensor([-255]),['s']
33.0,27.812462530375786,33.43697898733563,32.36126339118906,"tensor([[0.5000]], dtype=torch.float64)",tensor([-255]),['s']
27.0,28.990266675769124,26.414047946419263,25.95548476260963,"tensor([[0.5000]], dtype=torch.float64)",tensor([-255]),['n']
53.0,27.00918607063916,53.155030818116906,53.03190981062826,"tensor([[0.5000]], dtype=torch.float64)",tensor([-255]),['n']
20.0,19.21545812870931,19.24045039897623,19.295450159071212,"tensor([[0.5000]], dtype=torch.float64)",tensor([-255]),['s']
52.0,52.1500045257329,52.09709491136987,52.06547715420517,"tensor([[0.5000]], dtype=torch.float64)",tensor([-255]),['n']
4.0,5.4537714114000995,4.889257387306529,3.9900568179312508,"tensor([[0.5000]], dtype=torch.float64)",tensor([-255]),['s']
35.0,26.805615046380712,35.053737460302045,34.59099320214502,"tensor([[0.5000]], dtype=torch.float64)",tensor([-255]),['n']
2.0,9.567272268618751,2.0569507053251885,1.6266748287319086,"tensor([[0.5000]], dtype=torch.float64)",tensor([-255]),['n']
46.0,48.061476990866524,46.617798762331624,46.88954520862431,"tensor([[0.5000]], dtype=torch.float64)",tensor([-255]),['s']
27.0,27.138517916721796,27.233835272515336,27.240470556961743,"tensor([[0.5000]], dtype=torch.float64)",tensor([-255]),['s']
39.0,39.10115137603527,39.15767205833974,39.04348552213052,"tensor([[0.5000]], dtype=torch.float64)",tensor([-255]),['s']
12.0,9.678020467127489,12.331409317801699,12.140047858807014,"tensor([[0.5000]], dtype=torch.float64)",tensor([-255]),['s']
8.0,6.588420032696245,9.232378678461737,9.005726002862785,"tensor([[0.5000]], dtype=torch.float64)",tensor([-255]),['n']
11.0,9.840222734833203,11.030687319068454,11.777819853100135,"tensor([[0.5000]], dtype=torch.float64)",tensor([-255]),['s']
54.0,53.75524158519034,53.998346983370915,54.01169877297571,"tensor([[0.5000]], dtype=torch.float64)",tensor([-255]),['s']
38.0,36.36461869214794,37.59722913811793,38.08095617105698,"tensor([[0.5000]], dtype=torch.float64)",tensor([-255]),['s']
65.0,65.6779968769678,64.19939700273245,64.25338199140215,"tensor([[0.5000]], dtype=torch.float64)",tensor([-255]),['n']
16.0,22.132430010968175,16.137635592393103,16.247187525783442,"tensor([[0.5000]], dtype=torch.float64)",tensor([-255]),['s']
34.0,29.0865360857739,34.054070349523926,33.3864492269254,"tensor([[0.5000]], dtype=torch.float64)",tensor([-255]),['n']
32.0,28.116526389023416,31.836597172254493,31.902321469278615,"tensor([[0.5000]], dtype=torch.float64)",tensor([-255]),['s']
31.0,27.41503646532056,31.237554869719204,31.02856623292724,"tensor([[0.5000]], dtype=torch.float64)",tensor([-255]),['n']
46.0,44.732059050782624,47.33384131463583,47.54791138290267,"tensor([[0.5000]], dtype=torch.float64)",tensor([-255]),['n']
29.0,27.64972936960709,29.027402480735088,28.98003117804925,"tensor([[0.5000]], dtype=torch.float64)",tensor([-255]),['s']
13.0,12.869976814541952,13.04405426302015,13.027225447315235,"tensor([[0.5000]], dtype=torch.float64)",tensor([-255]),['n']
34.0,29.802316591431204,33.56671089791826,33.406079885448165,"tensor([[0.5000]], dtype=torch.float64)",tensor([-255]),['s']
65.0,66.08392879716652,64.52110783700714,64.51901402216943,"tensor([[0.5000]], dtype=torch.float64)",tensor([-255]),['n']
1.0,68.60762486320883,1.1161331810675879,1.044573469401814,"tensor([[0.5000]], dtype=torch.float64)",tensor([-255]),['n']
54.0,54.69953885314597,53.93369381707116,54.00029380977821,"tensor([[0.5000]], dtype=torch.float64)",tensor([-255]),['n']
19.0,20.58436967508343,19.0522006149378,19.007886860952713,"tensor([[0.5000]], dtype=torch.float64)",tensor([-255]),['n']
39.0,43.07528940701409,39.38667379586825,39.39767005379519,"tensor([[0.5000]], dtype=torch.float64)",tensor([-255]),['n']
68.0,65.90893273593869,67.70215799522842,67.07331450776726,"tensor([[0.5000]], dtype=torch.float64)",tensor([-255]),['n']
49.0,51.18195901969922,49.314324123433586,49.56517446105013,"tensor([[0.5000]], dtype=torch.float64)",tensor([-255]),['s']
22.0,36.971207723154876,22.043574802224338,21.79791431645881,"tensor([[0.5000]], dtype=torch.float64)",tensor([-255]),['s']
44.0,39.961107834856335,48.53337933811006,45.15121764690712,"tensor([[0.5000]], dtype=torch.float64)",tensor([-255]),['s']
60.0,60.42830715608569,59.78635074588073,59.31888243836858,"tensor([[0.5000]], dtype=torch.float64)",tensor([-255]),['s']
63.0,64.29472597084532,62.82650729379897,62.17573548744612,"tensor([[0.5000]], dtype=torch.float64)",tensor([-255]),['n']
1.0,3.2470418385552238,0.8883810398116304,0.8276666277860399,"tensor([[0.5000]], dtype=torch.float64)",tensor([-255]),['n']
54.0,30.277441999350152,54.079820592404936,54.05985897309639,"tensor([[0.5000]], dtype=torch.float64)",tensor([-255]),['n']
50.0,50.20119795197938,50.31071053312368,50.24927292924713,"tensor([[0.5000]], dtype=torch.float64)",tensor([-255]),['s']
24.0,29.007220343943516,23.86276321769846,23.965503444962305,"tensor([[0.5000]], dtype=torch.float64)",tensor([-255]),['n']
8.0,8.901857589958873,7.894543497754548,7.925521008630699,"tensor([[0.5000]], dtype=torch.float64)",tensor([-255]),['s']
37.0,35.11957006512662,36.81175648544023,37.56138767393599,"tensor([[0.5000]], dtype=torch.float64)",tensor([-255]),['n']
61.0,60.388930193320775,60.220544718296594,60.50893716360356,"tensor([[0.5000]], dtype=torch.float64)",tensor([-255]),['s']
25.0,29.282403728994872,24.92132783587217,24.380849175330557,"tensor([[0.5000]], dtype=torch.float64)",tensor([-255]),['s']
0.0,4.144845892171075,0.28467502547719226,0.19351699900278901,"tensor([[0.5000]], dtype=torch.float64)",tensor([-255]),['s']
46.0,32.47216498608587,46.91690156778835,47.12036307333546,"tensor([[0.5000]], dtype=torch.float64)",tensor([-255]),['n']
23.0,21.180507964898318,22.976750719497442,22.842614877799814,"tensor([[0.5000]], dtype=torch.float64)",tensor([-255]),['s']
64.0,61.97902755583501,63.59383390805417,63.144373890627264,"tensor([[0.5000]], dtype=torch.float64)",tensor([-255]),['s']
46.0,44.7169803243193,46.350175711595526,46.44546532344098,"tensor([[0.5000]], dtype=torch.float64)",tensor([-255]),['n']
47.0,41.883138456266494,48.204996546677464,47.85900733713038,"tensor([[0.5000]], dtype=torch.float64)",tensor([-255]),['s']
71.0,4.292929444328326,71.0,71.0,"tensor([[0.5000]], dtype=torch.float64)",tensor([-255]),['s']
22.0,23.698347965005,22.211203997905283,21.777316398691113,"tensor([[0.5000]], dtype=torch.float64)",tensor([-255]),['s']
66.0,63.95113898223543,65.5513771987608,65.34097806869336,"tensor([[0.5000]], dtype=torch.float64)",tensor([-255]),['s']
33.0,33.809359483031834,33.01292664176252,29.38611975595808,"tensor([[0.5000]], dtype=torch.float64)",tensor([-255]),['n']
33.0,31.697188333208764,32.71466957285359,32.22986366018325,"tensor([[0.5000]], dtype=torch.float64)",tensor([-255]),['s']
55.0,52.855269213268926,55.013025904832176,55.01372759422144,"tensor([[0.5000]], dtype=torch.float64)",tensor([-255]),['n']
4.0,7.410646346478466,4.192266016737608,4.348452259177084,"tensor([[0.5000]], dtype=torch.float64)",tensor([-255]),['n']
17.0,16.8819966754969,17.391577209869954,17.056438215287677,"tensor([[0.5000]], dtype=torch.float64)",tensor([-255]),['s']
4.0,68.23851926020077,3.995127625921382,4.052579220396599,"tensor([[0.5000]], dtype=torch.float64)",tensor([-255]),['n']
53.0,18.99280523129299,53.7193398295356,53.18831880244371,"tensor([[0.5000]], dtype=torch.float64)",tensor([-255]),['s']
0.0,3.192324180043973,0.0,0.0,"tensor([[0.5000]], dtype=torch.float64)",tensor([-255]),['n']
70.0,2.433419228796062,69.38048683070524,69.24704045880368,"tensor([[0.5000]], dtype=torch.float64)",tensor([-255]),['n']
33.0,26.420144692613512,33.60356453373017,33.13539239414433,"tensor([[0.5000]], dtype=torch.float64)",tensor([-255]),['n']
68.0,68.80624440077634,67.92508267766195,67.9241084401464,"tensor([[0.5000]], dtype=torch.float64)",tensor([-255]),['s']
10.0,7.178370476868022,9.739654123715095,10.186716561150293,"tensor([[0.5000]], dtype=torch.float64)",tensor([-255]),['n']
53.0,51.9740926338536,52.96421836420562,53.153266056473775,"tensor([[0.5000]], dtype=torch.float64)",tensor([-255]),['s']
53.0,54.941358386200655,53.034792468981635,53.00181795107768,"tensor([[0.5000]], dtype=torch.float64)",tensor([-255]),['s']
19.0,64.1313014401048,19.249925704491602,19.0752190449333,"tensor([[0.5000]], dtype=torch.float64)",tensor([-255]),['n']
34.0,32.502644673043264,34.41302841358919,34.40318418275371,"tensor([[0.5000]], dtype=torch.float64)",tensor([-255]),['n']
42.0,43.803163181007946,42.11412238364722,43.416594898345785,"tensor([[0.5000]], dtype=torch.float64)",tensor([-255]),['n']
43.0,43.73693539696038,43.808142791423855,43.19263336455243,"tensor([[0.5000]], dtype=torch.float64)",tensor([-255]),['n']
39.0,34.86847927356747,48.529735285358505,39.90627039223398,"tensor([[0.5000]], dtype=torch.float64)",tensor([-255]),['s']
10.0,11.444789005620123,9.882207050560671,10.032154980742307,"tensor([[0.5000]], dtype=torch.float64)",tensor([-255]),['s']
0.0,2.16981217600625,0.0,71.0,"tensor([[0.5000]], dtype=torch.float64)",tensor([-255]),['s']
60.0,61.84019406348641,59.75139980182889,59.50129054840308,"tensor([[0.5000]], dtype=torch.float64)",tensor([-255]),['s']
30.0,29.01180228579733,59.846897478149955,29.731820939785678,"tensor([[0.5000]], dtype=torch.float64)",tensor([-255]),['s']
58.0,60.286062549294684,57.600043396375455,57.19558163580711,"tensor([[0.5000]], dtype=torch.float64)",tensor([-255]),['s']
44.0,43.73697515882421,44.20113106708801,45.066644587000276,"tensor([[0.5000]], dtype=torch.float64)",tensor([-255]),['s']
62.0,59.83186052778322,61.36633039637228,61.09962295530416,"tensor([[0.5000]], dtype=torch.float64)",tensor([-255]),['n']
70.0,62.51015443617927,70.45615821778712,70.54722892033769,"tensor([[0.5000]], dtype=torch.float64)",tensor([-255]),['s']
18.0,56.292273324345786,17.998717025308558,18.033503794943147,"tensor([[0.5000]], dtype=torch.float64)",tensor([-255]),['s']
35.0,31.953684086636947,35.067309896530936,35.005249435227206,"tensor([[0.5000]], dtype=torch.float64)",tensor([-255]),['n']
17.0,15.85949211272757,16.959153747847346,17.049435702108134,"tensor([[0.5000]], dtype=torch.float64)",tensor([-255]),['n']
63.0,58.99542840392128,62.00473654638552,61.950702127258815,"tensor([[0.5000]], dtype=torch.float64)",tensor([-255]),['n']
63.0,61.996812645112584,62.37979708279886,62.21444464518323,"tensor([[0.5000]], dtype=torch.float64)",tensor([-255]),['n']
51.0,49.90775419569267,51.35389664578724,51.58570160489286,"tensor([[0.5000]], dtype=torch.float64)",tensor([-255]),['s']
5.0,4.68832993686104,5.137005558052332,5.61570603836951,"tensor([[0.5000]], dtype=torch.float64)",tensor([-255]),['s']
43.0,39.987123596454566,43.40947371566637,44.19888947659324,"tensor([[0.5000]], dtype=torch.float64)",tensor([-255]),['n']
34.0,37.3209305874328,34.15062464705642,33.94015300231631,"tensor([[0.5000]], dtype=torch.float64)",tensor([-255]),['s']
43.0,44.15010666290925,43.52020198666086,43.716078462378036,"tensor([[0.5000]], dtype=torch.float64)",tensor([-255]),['n']
41.0,37.99122959536756,41.419482547736735,41.199157021401255,"tensor([[0.5000]], dtype=torch.float64)",tensor([-255]),['s']
70.0,70.22522497140382,70.08455057523433,70.02499135014007,"tensor([[0.5000]], dtype=torch.float64)",tensor([-255]),['n']
6.0,5.186293682866554,6.915991351016736,7.029711994587708,"tensor([[0.5000]], dtype=torch.float64)",tensor([-255]),['s']
21.0,40.527636779938646,20.802289881603116,20.91254531404611,"tensor([[0.5000]], dtype=torch.float64)",tensor([-255]),['s']
39.0,34.59758058889933,39.18670023049497,39.25786717711298,"tensor([[0.5000]], dtype=torch.float64)",tensor([-255]),['n']
16.0,14.850870151694998,16.041448699828802,16.249475459192233,"tensor([[0.5000]], dtype=torch.float64)",tensor([-255]),['s']
13.0,6.261392777071496,13.874847111376319,13.464929930490882,"tensor([[0.5000]], dtype=torch.float64)",tensor([-255]),['s']
49.0,48.058660669244546,49.34372713309365,49.82442069540379,"tensor([[0.5000]], dtype=torch.float64)",tensor([-255]),['s']
41.0,43.98453301428177,41.74929319372789,41.993482107259595,"tensor([[0.5000]], dtype=torch.float64)",tensor([-255]),['s']
51.0,47.05541409566605,51.619157420487845,51.92752337277511,"tensor([[0.5000]], dtype=torch.float64)",tensor([-255]),['s']
49.0,42.42451672819179,49.679039861546904,49.92880253196525,"tensor([[0.5000]], dtype=torch.float64)",tensor([-255]),['n']
61.0,60.121772432306486,60.184871811228255,60.127046032077075,"tensor([[0.5000]], dtype=torch.float64)",tensor([-255]),['n']
24.0,23.98986936478382,23.711753553455935,22.82834357467855,"tensor([[0.5000]], dtype=torch.float64)",tensor([-255]),['s']
11.0,10.063189973651841,10.872663326497808,11.29342828020883,"tensor([[0.5000]], dtype=torch.float64)",tensor([-255]),['s']
28.0,28.957694664802894,26.527727706013465,27.147079765173842,"tensor([[0.5000]], dtype=torch.float64)",tensor([-255]),['n']
12.0,48.923884471581665,11.963865795658855,12.246830763933527,"tensor([[0.5000]], dtype=torch.float64)",tensor([-255]),['s']
41.0,42.17233743113944,41.7676322990965,41.89558754161187,"tensor([[0.5000]], dtype=torch.float64)",tensor([-255]),['s']
65.0,66.72628783178641,64.75808405348953,64.21707560075349,"tensor([[0.5000]], dtype=torch.float64)",tensor([-255]),['s']
13.0,11.687863238968895,13.20890230896066,13.962235813736413,"tensor([[0.5000]], dtype=torch.float64)",tensor([-255]),['s']
71.0,68.1795027137102,71.0,70.78508583303878,"tensor([[0.5000]], dtype=torch.float64)",tensor([-255]),['s']
25.0,22.198447311596425,24.867950190377574,24.72521465907563,"tensor([[0.5000]], dtype=torch.float64)",tensor([-255]),['s']
3.0,4.26441693451873,2.7857616255743647,2.8213042144707305,"tensor([[0.5000]], dtype=torch.float64)",tensor([-255]),['s']
70.0,67.9429586452608,69.72934694872743,68.599557063701,"tensor([[0.5000]], dtype=torch.float64)",tensor([-255]),['s']
64.0,59.150366384521654,63.6653171982455,63.61642399776268,"tensor([[0.5000]], dtype=torch.float64)",tensor([-255]),['n']
44.0,45.95097919119958,44.50388238078337,45.91875515389271,"tensor([[0.5000]], dtype=torch.float64)",tensor([-255]),['n']
63.0,62.40673287476696,62.21533862708679,61.196668396245954,"tensor([[0.5000]], dtype=torch.float64)",tensor([-255]),['s']
28.0,29.82806769787626,27.76134657583599,28.154220252506757,"tensor([[0.5000]], dtype=torch.float64)",tensor([-255]),['s']
25.0,23.93980070755815,24.731662240262924,24.41538696097781,"tensor([[0.5000]], dtype=torch.float64)",tensor([-255]),['n']
38.0,38.763144817362175,38.13430278146475,38.77546948060423,"tensor([[0.5000]], dtype=torch.float64)",tensor([-255]),['s']
38.0,35.02686125247351,38.086673737207384,38.078489792143635,"tensor([[0.5000]], dtype=torch.float64)",tensor([-255]),['s']
11.0,20.975283235815244,11.100671381193523,11.30983098938059,"tensor([[0.5000]], dtype=torch.float64)",tensor([-255]),['s']
31.0,29.473673798235097,30.5818997257716,30.357244426108394,"tensor([[0.5000]], dtype=torch.float64)",tensor([-255]),['s']
16.0,12.985589876536352,16.036010568474307,16.134908007817657,"tensor([[0.5000]], dtype=torch.float64)",tensor([-255]),['n']
24.0,26.232838122059427,23.788277081820073,23.87421749938882,"tensor([[0.5000]], dtype=torch.float64)",tensor([-255]),['s']
34.0,27.278636866234514,33.86573753459283,33.92028084971176,"tensor([[0.5000]], dtype=torch.float64)",tensor([-255]),['s']
8.0,8.002690295231606,7.22671216849194,7.437267985501343,"tensor([[0.5000]], dtype=torch.float64)",tensor([-255]),['s']
23.0,24.461604142099482,22.954680474903636,22.471073253928765,"tensor([[0.5000]], dtype=torch.float64)",tensor([-255]),['s']
3.0,9.100027316656416,3.082165115716372,3.098926534310915,"tensor([[0.5000]], dtype=torch.float64)",tensor([-255]),['s']
60.0,61.81554613701975,59.54623120335384,58.57800480734734,"tensor([[0.5000]], dtype=torch.float64)",tensor([-255]),['n']
65.0,65.84077107498445,64.56038134905614,64.56117446833204,"tensor([[0.5000]], dtype=torch.float64)",tensor([-255]),['n']
18.0,16.33912140736957,18.143266641296776,18.156273274447145,"tensor([[0.5000]], dtype=torch.float64)",tensor([-255]),['n']
13.0,13.883707067326348,13.197649971501214,13.15907704318561,"tensor([[0.5000]], dtype=torch.float64)",tensor([-255]),['n']
29.0,32.836481293055684,29.26557014091712,27.343394818002764,"tensor([[0.5000]], dtype=torch.float64)",tensor([-255]),['n']
50.0,51.13520081882531,50.121479715964384,50.60355972466325,"tensor([[0.5000]], dtype=torch.float64)",tensor([-255]),['s']
33.0,33.63721383024759,32.94371936336925,32.170473480790804,"tensor([[0.5000]], dtype=torch.float64)",tensor([-255]),['n']
52.0,51.92820877684015,52.15744314056821,52.252461191218885,"tensor([[0.5000]], dtype=torch.float64)",tensor([-255]),['s']
56.0,60.07306616613255,55.74962108544187,55.88128186526319,"tensor([[0.5000]], dtype=torch.float64)",tensor([-255]),['n']
29.0,31.7165699319481,29.402814470329815,28.973190627228696,"tensor([[0.5000]], dtype=torch.float64)",tensor([-255]),['s']
44.0,46.36619688104978,44.42429546245416,45.575197093621235,"tensor([[0.5000]], dtype=torch.float64)",tensor([-255]),['n']
12.0,14.152594833388369,11.838977194814229,12.098497843757038,"tensor([[0.5000]], dtype=torch.float64)",tensor([-255]),['s']
36.0,32.13781678612547,35.727925061811085,35.20971166494908,"tensor([[0.5000]], dtype=torch.float64)",tensor([-255]),['s']
41.0,39.614262452859386,41.1856078068785,41.2430256590192,"tensor([[0.5000]], dtype=torch.float64)",tensor([-255]),['n']
25.0,25.33972691919884,25.008388850028048,25.072920891021724,"tensor([[0.5000]], dtype=torch.float64)",tensor([-255]),['n']
57.0,56.48195510686372,54.856957210884836,56.84176692496897,"tensor([[0.5000]], dtype=torch.float64)",tensor([-255]),['s']
9.0,9.956463936849726,8.728726888957613,8.901976185686589,"tensor([[0.5000]], dtype=torch.float64)",tensor([-255]),['s']
40.0,32.838393165737884,40.70209277667241,42.856863307725924,"tensor([[0.5000]], dtype=torch.float64)",tensor([-255]),['s']
0.0,69.89734630723623,0.021206189836516457,0.0,"tensor([[0.5000]], dtype=torch.float64)",tensor([-255]),['s']
20.0,20.821479706649683,20.2303866604032,20.00762675496018,"tensor([[0.5000]], dtype=torch.float64)",tensor([-255]),['s']
58.0,58.57906547461348,57.74459816019791,57.46785032489718,"tensor([[0.5000]], dtype=torch.float64)",tensor([-255]),['s']
42.0,39.239789910355995,42.38219889862404,42.86375846656306,"tensor([[0.5000]], dtype=torch.float64)",tensor([-255]),['s']
67.0,67.05834346522622,66.74955908410863,62.28747348558719,"tensor([[0.5000]], dtype=torch.float64)",tensor([-255]),['s']
40.0,44.30621491775115,40.42430427274596,40.67136197442165,"tensor([[0.5000]], dtype=torch.float64)",tensor([-255]),['n']
9.0,8.099322883325307,9.010858890048583,8.678109211313721,"tensor([[0.5000]], dtype=torch.float64)",tensor([-255]),['s']
31.0,32.25729449365967,31.360228372556563,30.714984662226918,"tensor([[0.5000]], dtype=torch.float64)",tensor([-255]),['n']
29.0,40.643256951632864,28.70163669753687,28.258860539741693,"tensor([[0.5000]], dtype=torch.float64)",tensor([-255]),['s']
46.0,34.14615268846923,46.501998597453,46.9054334332494,"tensor([[0.5000]], dtype=torch.float64)",tensor([-255]),['s']
8.0,9.044288104105828,7.924080649586484,7.898206071527914,"tensor([[0.5000]], dtype=torch.float64)",tensor([-255]),['s']
26.0,27.576767667038563,25.532564832780714,25.305937596446896,"tensor([[0.5000]], dtype=torch.float64)",tensor([-255]),['s']
34.0,34.04688381435025,34.13795657132956,34.02640929514839,"tensor([[0.5000]], dtype=torch.float64)",tensor([-255]),['s']
47.0,48.831755391589205,47.31221113033155,47.27710618999168,"tensor([[0.5000]], dtype=torch.float64)",tensor([-255]),['n']
17.0,19.48919021103596,17.006579384604414,17.145935156733668,"tensor([[0.5000]], dtype=torch.float64)",tensor([-255]),['n']
1.0,2.8261400940480557,0.8257040830726841,1.0423200151691356,"tensor([[0.5000]], dtype=torch.float64)",tensor([-255]),['n']
38.0,36.280723203675436,38.09854590551821,38.007899868191025,"tensor([[0.5000]], dtype=torch.float64)",tensor([-255]),['n']
58.0,59.01786329254392,57.72884752738061,57.2526175891045,"tensor([[0.5000]], dtype=torch.float64)",tensor([-255]),['n']
46.0,44.495899367928175,46.8878872452738,47.5398272264015,"tensor([[0.5000]], dtype=torch.float64)",tensor([-255]),['n']
71.0,70.69268023785625,70.5381665304209,70.40883785949458,"tensor([[0.5000]], dtype=torch.float64)",tensor([-255]),['s']
6.0,16.006341551968404,5.819581178788353,5.99438249833826,"tensor([[0.5000]], dtype=torch.float64)",tensor([-255]),['n']
39.0,34.003362737464364,39.61638180594231,40.4365020146259,"tensor([[0.5000]], dtype=torch.float64)",tensor([-255]),['n']
7.0,5.694999271691664,7.835505794084474,7.82324041127291,"tensor([[0.5000]], dtype=torch.float64)",tensor([-255]),['n']
19.0,16.954921807705205,19.245763771063235,19.071499715020558,"tensor([[0.5000]], dtype=torch.float64)",tensor([-255]),['s']
29.0,31.177954949424276,29.637912280874666,29.541643175687188,"tensor([[0.5000]], dtype=torch.float64)",tensor([-255]),['n']
20.0,20.929362902070686,19.545822889885986,19.349665902567782,"tensor([[0.5000]], dtype=torch.float64)",tensor([-255]),['s']
54.0,52.22082569303163,54.02525569401614,54.04487627492437,"tensor([[0.5000]], dtype=torch.float64)",tensor([-255]),['n']
47.0,45.34686545418566,47.67312465769482,47.423326540621794,"tensor([[0.5000]], dtype=torch.float64)",tensor([-255]),['s']
46.0,43.071925704452326,46.65071953131161,46.860619205884795,"tensor([[0.5000]], dtype=torch.float64)",tensor([-255]),['s']
45.0,42.6711956105195,46.22274399958283,47.09062861383702,"tensor([[0.5000]], dtype=torch.float64)",tensor([-255]),['n']
27.0,27.710839914024564,27.452309405101985,27.130816057003376,"tensor([[0.5000]], dtype=torch.float64)",tensor([-255]),['n']
24.0,22.988677880335032,23.93076998581645,23.319690931285812,"tensor([[0.5000]], dtype=torch.float64)",tensor([-255]),['n']
28.0,28.924892501548022,28.389712277872142,28.027028274905724,"tensor([[0.5000]], dtype=torch.float64)",tensor([-255]),['n']
16.0,16.179783590144364,15.861648377997534,15.858137975419835,"tensor([[0.5000]], dtype=torch.float64)",tensor([-255]),['s']
38.0,35.69763895877795,37.87286356251475,38.709049273283895,"tensor([[0.5000]], dtype=torch.float64)",tensor([-255]),['n']
20.0,17.97192515616443,19.796745330874426,19.941931313007654,"tensor([[0.5000]], dtype=torch.float64)",tensor([-255]),['s']
12.0,46.12524352427893,13.084828173137627,12.609166403824908,"tensor([[0.5000]], dtype=torch.float64)",tensor([-255]),['s']
70.0,66.99524607599727,69.7112384072275,69.97693269516243,"tensor([[0.5000]], dtype=torch.float64)",tensor([-255]),['s']
42.0,40.85220160781332,42.269065295948316,43.783328572033035,"tensor([[0.5000]], dtype=torch.float64)",tensor([-255]),['s']
27.0,27.050891042886917,27.109798910214987,27.016391525262534,"tensor([[0.5000]], dtype=torch.float64)",tensor([-255]),['n']
35.0,34.175740131484304,35.07113041743547,34.77241680200926,"tensor([[0.5000]], dtype=torch.float64)",tensor([-255]),['s']
52.0,51.208703027051534,52.17298913173542,51.83592729637344,"tensor([[0.5000]], dtype=torch.float64)",tensor([-255]),['n']
48.0,32.155146399970825,48.794076671828925,48.9420412416182,"tensor([[0.5000]], dtype=torch.float64)",tensor([-255]),['n']
30.0,31.770961416673572,30.063264622834186,29.162992712285224,"tensor([[0.5000]], dtype=torch.float64)",tensor([-255]),['n']
59.0,59.159233327604596,58.55738407596373,58.58898697750015,"tensor([[0.5000]], dtype=torch.float64)",tensor([-255]),['s']
52.0,53.676452177584686,52.62692704439217,52.674655438921256,"tensor([[0.5000]], dtype=torch.float64)",tensor([-255]),['s']
19.0,19.945039153913974,19.002965910262564,19.009851295804914,"tensor([[0.5000]], dtype=torch.float64)",tensor([-255]),['s']
31.0,27.939316248894343,30.970705556430286,30.380295411002333,"tensor([[0.5000]], dtype=torch.float64)",tensor([-255]),['n']
3.0,4.903579001116094,3.2103633080355274,2.955177724430693,"tensor([[0.5000]], dtype=torch.float64)",tensor([-255]),['n']
35.0,32.406695052634504,35.01011572887271,34.629417943098105,"tensor([[0.5000]], dtype=torch.float64)",tensor([-255]),['n']
62.0,62.139081268958215,61.44972988973254,60.90692130144518,"tensor([[0.5000]], dtype=torch.float64)",tensor([-255]),['n']
55.0,27.015278066012364,54.83118602019879,54.927165740169066,"tensor([[0.5000]], dtype=torch.float64)",tensor([-255]),['n']
68.0,67.43327942471232,68.0850189594396,67.89905414569708,"tensor([[0.5000]], dtype=torch.float64)",tensor([-255]),['n']
54.0,55.96053318891058,53.934074177470464,53.98974072576323,"tensor([[0.5000]], dtype=torch.float64)",tensor([-255]),['s']
2.0,4.790691811296108,2.2594245904493486,2.1908837824901917,"tensor([[0.5000]], dtype=torch.float64)",tensor([-255]),['s']
22.0,37.024218030168086,21.820175777473317,21.78041829963588,"tensor([[0.5000]], dtype=torch.float64)",tensor([-255]),['n']
2.0,6.586068223862196,2.593610817947704,2.082595189687224,"tensor([[0.5000]], dtype=torch.float64)",tensor([-255]),['s']
40.0,43.904942167310324,40.1908500975883,40.21266380454499,"tensor([[0.5000]], dtype=torch.float64)",tensor([-255]),['n']
3.0,5.720894529235606,2.7236337897185425,2.7916930458405202,"tensor([[0.5000]], dtype=torch.float64)",tensor([-255]),['s']
70.0,66.93097949664542,69.51996799676498,70.17147910258092,"tensor([[0.5000]], dtype=torch.float64)",tensor([-255]),['s']
52.0,20.86310677942141,52.54731700960291,52.566374378640134,"tensor([[0.5000]], dtype=torch.float64)",tensor([-255]),['s']
29.0,27.13517786889667,29.412928338480825,29.19758990936992,"tensor([[0.5000]], dtype=torch.float64)",tensor([-255]),['n']
17.0,14.662380412567284,17.113539297903156,17.02966211017216,"tensor([[0.5000]], dtype=torch.float64)",tensor([-255]),['n']
12.0,7.3222708193601225,12.083579056497879,12.019270954256239,"tensor([[0.5000]], dtype=torch.float64)",tensor([-255]),['n']
40.0,36.60829035591698,40.12720254325039,40.30694159993134,"tensor([[0.5000]], dtype=torch.float64)",tensor([-255]),['n']
36.0,42.90921791143926,35.78985171999191,35.2362080613891,"tensor([[0.5000]], dtype=torch.float64)",tensor([-255]),['s']
43.0,43.953227105214495,43.73244764273691,43.578505296807435,"tensor([[0.5000]], dtype=torch.float64)",tensor([-255]),['s']
2.0,0.45956661351118194,6.683737166255754,4.162301008310306,"tensor([[0.5000]], dtype=torch.float64)",tensor([-255]),['s']
49.0,47.34757070317946,49.09202863512073,49.31679962214162,"tensor([[0.5000]], dtype=torch.float64)",tensor([-255]),['n']
55.0,56.09386184418858,55.00248563335837,54.823161584761436,"tensor([[0.5000]], dtype=torch.float64)",tensor([-255]),['s']
67.0,2.1695147795641376,66.2460172594013,65.57418843275215,"tensor([[0.5000]], dtype=torch.float64)",tensor([-255]),['s']
22.0,20.556015968454513,22.872979735663936,22.296810570054603,"tensor([[0.5000]], dtype=torch.float64)",tensor([-255]),['s']
64.0,2.031880747064856,64.19096796064443,61.45121638952875,"tensor([[0.5000]], dtype=torch.float64)",tensor([-255]),['s']
39.0,38.888343251980174,38.687842137329625,39.13868612582935,"tensor([[0.5000]], dtype=torch.float64)",tensor([-255]),['s']
31.0,33.52103655443403,30.663714242989688,30.23827507812259,"tensor([[0.5000]], dtype=torch.float64)",tensor([-255]),['n']
66.0,69.89011569618434,65.54061211051074,65.18502763334202,"tensor([[0.5000]], dtype=torch.float64)",tensor([-255]),['s']
49.0,49.146066187965125,49.402765210139755,49.77894741750199,"tensor([[0.5000]], dtype=torch.float64)",tensor([-255]),['s']
13.0,10.027515345880477,13.79993385809131,13.20024750595368,"tensor([[0.5000]], dtype=torch.float64)",tensor([-255]),['s']
49.0,49.928215376722555,49.52041618674624,49.69760497170903,"tensor([[0.5000]], dtype=torch.float64)",tensor([-255]),['n']
38.0,40.481208612197875,38.13413591273996,38.014424927213874,"tensor([[0.5000]], dtype=torch.float64)",tensor([-255]),['n']
47.0,46.63046299866027,47.59003663955126,48.52932943926583,"tensor([[0.5000]], dtype=torch.float64)",tensor([-255]),['n']
55.0,56.02381628588644,54.892239012168005,54.91030478083516,"tensor([[0.5000]], dtype=torch.float64)",tensor([-255]),['n']
1.0,70.23576654038689,0.6086896917978898,69.99512157758016,"tensor([[0.5000]], dtype=torch.float64)",tensor([-255]),['s']
31.0,39.392514424182274,31.363615641308577,30.772656865508715,"tensor([[0.5000]], dtype=torch.float64)",tensor([-255]),['s']
55.0,53.997310814085985,54.74467558496099,54.83557870958609,"tensor([[0.5000]], dtype=torch.float64)",tensor([-255]),['n']
21.0,21.771547043090983,21.115473693222793,20.778865138983992,"tensor([[0.5000]], dtype=torch.float64)",tensor([-255]),['s']
65.0,63.12802643932741,64.33567628297838,63.928205724172486,"tensor([[0.5000]], dtype=torch.float64)",tensor([-255]),['s']
19.0,37.39684475800869,19.102137481271203,19.02843543541522,"tensor([[0.5000]], dtype=torch.float64)",tensor([-255]),['s']
13.0,15.604015605240104,13.010443316879892,13.776313475920965,"tensor([[0.5000]], dtype=torch.float64)",tensor([-255]),['s']
4.0,3.66777477054554,3.8923678375403585,3.6846623599053308,"tensor([[0.5000]], dtype=torch.float64)",tensor([-255]),['n']
57.0,57.26660501020139,56.85813804342659,56.873512124224646,"tensor([[0.5000]], dtype=torch.float64)",tensor([-255]),['n']
70.0,1.5299001461421888,70.22105178377448,70.26498040428571,"tensor([[0.5000]], dtype=torch.float64)",tensor([-255]),['n']
61.0,60.19387050762802,60.603861782091116,60.07541703242999,"tensor([[0.5000]], dtype=torch.float64)",tensor([-255]),['n']
27.0,27.571699649872553,26.96378581740044,26.24510098476948,"tensor([[0.5000]], dtype=torch.float64)",tensor([-255]),['n']
46.0,43.914171506952144,46.40713394077752,47.601632335879536,"tensor([[0.5000]], dtype=torch.float64)",tensor([-255]),['s']
68.0,64.56055584063009,67.37202424113106,67.23088799373922,"tensor([[0.5000]], dtype=torch.float64)",tensor([-255]),['n']
13.0,63.05273941830337,13.03884095743523,13.205639677971302,"tensor([[0.5000]], dtype=torch.float64)",tensor([-255]),['s']
31.0,31.770339498633412,31.261552831402135,31.510718156108354,"tensor([[0.5000]], dtype=torch.float64)",tensor([-255]),['n']
36.0,35.479181688022095,35.554710021175374,35.68603354682636,"tensor([[0.5000]], dtype=torch.float64)",tensor([-255]),['s']
54.0,32.131895852852686,53.851725659765435,53.93237584678563,"tensor([[0.5000]], dtype=torch.float64)",tensor([-255]),['s']
7.0,10.662933415904966,7.040967889031484,7.036641855545184,"tensor([[0.5000]], dtype=torch.float64)",tensor([-255]),['s']
8.0,70.01690965118331,7.83706115658105,9.997215868428324,"tensor([[0.5000]], dtype=torch.float64)",tensor([-255]),['n']
71.0,70.60430621151977,70.43096411279781,70.2428357815914,"tensor([[0.5000]], dtype=torch.float64)",tensor([-255]),['n']
1.0,70.82802298197373,0.8144681035488178,1.1165179147087931,"tensor([[0.5000]], dtype=torch.float64)",tensor([-255]),['n']
14.0,13.921990398133097,14.138218533561895,14.850211503192124,"tensor([[0.5000]], dtype=torch.float64)",tensor([-255]),['s']
10.0,7.1794391413173795,11.918476065042798,10.254610154780478,"tensor([[0.5000]], dtype=torch.float64)",tensor([-255]),['s']
51.0,52.86553733543697,51.198954118677534,51.12604005277532,"tensor([[0.5000]], dtype=torch.float64)",tensor([-255]),['n']
67.0,65.46999868068781,67.11804645915797,67.2434254250921,"tensor([[0.5000]], dtype=torch.float64)",tensor([-255]),['n']
19.0,19.98751041455882,19.12080177576399,18.783569724883364,"tensor([[0.5000]], dtype=torch.float64)",tensor([-255]),['s']
26.0,27.278314844789413,25.898287304649738,25.16385785590937,"tensor([[0.5000]], dtype=torch.float64)",tensor([-255]),['s']
22.0,22.235977591088986,22.180924231754293,22.043387681079295,"tensor([[0.5000]], dtype=torch.float64)",tensor([-255]),['n']
3.0,6.956077694204259,3.0835607452849874,3.678117427294496,"tensor([[0.5000]], dtype=torch.float64)",tensor([-255]),['n']
55.0,54.32879011999856,54.85744822066244,54.97647269992029,"tensor([[0.5000]], dtype=torch.float64)",tensor([-255]),['s']
44.0,44.312376170444296,44.76227238201858,44.71635128705013,"tensor([[0.5000]], dtype=torch.float64)",tensor([-255]),['n']
57.0,58.70031491533583,56.74464676319968,56.84103340811307,"tensor([[0.5000]], dtype=torch.float64)",tensor([-255]),['n']
29.0,33.720276376443074,28.715912763352073,28.667166341770894,"tensor([[0.5000]], dtype=torch.float64)",tensor([-255]),['n']
19.0,19.670768921080388,19.08205758388163,19.07979704260566,"tensor([[0.5000]], dtype=torch.float64)",tensor([-255]),['s']
35.0,29.741616449327093,33.934547964786226,34.829323273617256,"tensor([[0.5000]], dtype=torch.float64)",tensor([-255]),['s']
54.0,53.94069806924247,53.99651922004949,53.97609901567109,"tensor([[0.5000]], dtype=torch.float64)",tensor([-255]),['n']
31.0,30.71312789727483,31.024515381073353,30.890585239863263,"tensor([[0.5000]], dtype=torch.float64)",tensor([-255]),['n']
55.0,59.136707905554154,54.6711434220572,54.22291618276755,"tensor([[0.5000]], dtype=torch.float64)",tensor([-255]),['s']
64.0,66.15662680804041,63.73679849740119,62.93073847882316,"tensor([[0.5000]], dtype=torch.float64)",tensor([-255]),['s']
33.0,36.6492388660119,32.94381912937933,32.88574809910197,"tensor([[0.5000]], dtype=torch.float64)",tensor([-255]),['n']
26.0,24.10523249196408,26.389572522272037,25.823512167779523,"tensor([[0.5000]], dtype=torch.float64)",tensor([-255]),['n']
28.0,27.16744423648905,28.09553278081939,27.59736593879145,"tensor([[0.5000]], dtype=torch.float64)",tensor([-255]),['n']
60.0,60.00117106450356,60.04543807353442,59.68045336981646,"tensor([[0.5000]], dtype=torch.float64)",tensor([-255]),['n']
31.0,31.33954785880256,31.001886402499725,30.629570450312137,"tensor([[0.5000]], dtype=torch.float64)",tensor([-255]),['n']
31.0,32.183922806259126,31.324269566982363,30.23993022383812,"tensor([[0.5000]], dtype=torch.float64)",tensor([-255]),['s']
34.0,31.767360333367908,34.10250920171202,33.90199864875761,"tensor([[0.5000]], dtype=torch.float64)",tensor([-255]),['n']
35.0,40.758017328818006,34.96757535239229,34.41742675565847,"tensor([[0.5000]], dtype=torch.float64)",tensor([-255]),['s']
5.0,4.237007769263527,4.68449074044802,4.856267794146032,"tensor([[0.5000]], dtype=torch.float64)",tensor([-255]),['n']
35.0,30.9250387548918,34.94244306003044,35.01341825884854,"tensor([[0.5000]], dtype=torch.float64)",tensor([-255]),['n']
36.0,38.454588346374074,36.15372275353754,33.22340498504475,"tensor([[0.5000]], dtype=torch.float64)",tensor([-255]),['s']
56.0,55.194969805351015,55.787789115488174,55.89815222221955,"tensor([[0.5000]], dtype=torch.float64)",tensor([-255]),['s']
36.0,34.88995849706818,36.13690099953249,35.53162581533495,"tensor([[0.5000]], dtype=torch.float64)",tensor([-255]),['n']
56.0,56.02829502616855,55.78340583766993,55.96964906180513,"tensor([[0.5000]], dtype=torch.float64)",tensor([-255]),['s']
37.0,37.354239324839,37.409069146413046,37.635981596068056,"tensor([[0.5000]], dtype=torch.float64)",tensor([-255]),['n']
36.0,35.23400002587197,35.75424714148818,35.77289878356645,"tensor([[0.5000]], dtype=torch.float64)",tensor([-255]),['n']
18.0,19.77467857182269,18.021926827093193,17.98533470198315,"tensor([[0.5000]], dtype=torch.float64)",tensor([-255]),['s']
42.0,41.76009719943397,42.7831662919691,42.6559509037799,"tensor([[0.5000]], dtype=torch.float64)",tensor([-255]),['s']
46.0,47.14571011200085,46.84934088334159,46.96951447030917,"tensor([[0.5000]], dtype=torch.float64)",tensor([-255]),['s']
5.0,68.20961430479522,4.799469055294578,5.151464460160714,"tensor([[0.5000]], dtype=torch.float64)",tensor([-255]),['n']
42.0,35.09799637654743,42.30669899416603,43.59700897479675,"tensor([[0.5000]], dtype=torch.float64)",tensor([-255]),['s']
42.0,40.383511812132056,42.1247816923972,43.05688724244253,"tensor([[0.5000]], dtype=torch.float64)",tensor([-255]),['n']
19.0,19.786681457926036,19.10992041869137,19.00293448314537,"tensor([[0.5000]], dtype=torch.float64)",tensor([-255]),['n']
54.0,30.618919690615357,53.95421298635328,53.96467543136495,"tensor([[0.5000]], dtype=torch.float64)",tensor([-255]),['s']
3.0,4.781273204608555,2.7192365523551243,2.5414701408438916,"tensor([[0.5000]], dtype=torch.float64)",tensor([-255]),['n']
57.0,12.892128102428487,56.62240261464509,56.4174624944076,"tensor([[0.5000]], dtype=torch.float64)",tensor([-255]),['n']
37.0,40.92855172536102,37.000555458383715,37.300779736507714,"tensor([[0.5000]], dtype=torch.float64)",tensor([-255]),['n']
53.0,30.769416593652338,53.367272986908525,53.9355133131357,"tensor([[0.5000]], dtype=torch.float64)",tensor([-255]),['s']
25.0,24.354446268694964,24.79044300742337,24.843257681178905,"tensor([[0.5000]], dtype=torch.float64)",tensor([-255]),['n']
16.0,15.92683608041747,16.310446849605615,16.063490560692845,"tensor([[0.5000]], dtype=torch.float64)",tensor([-255]),['n']
16.0,15.643164613492175,15.671981747027397,16.068539869769097,"tensor([[0.5000]], dtype=torch.float64)",tensor([-255]),['n']
45.0,44.86645376779641,45.814825410609316,45.76220484941316,"tensor([[0.5000]], dtype=torch.float64)",tensor([-255]),['s']
58.0,28.09637572910446,57.66694027888309,57.68100305727733,"tensor([[0.5000]], dtype=torch.float64)",tensor([-255]),['n']
60.0,57.74484053798652,59.649595547066056,59.484492231712096,"tensor([[0.5000]], dtype=torch.float64)",tensor([-255]),['n']
3.0,70.2777054736082,14.752030665796028,2.4953845462856354,"tensor([[0.5000]], dtype=torch.float64)",tensor([-255]),['s']
6.0,6.728467278367569,6.0983676016738455,5.8735870684102816,"tensor([[0.5000]], dtype=torch.float64)",tensor([-255]),['s']
44.0,43.01269896696532,46.11498199710212,45.6974112143511,"tensor([[0.5000]], dtype=torch.float64)",tensor([-255]),['s']
29.0,32.109693665973595,29.50176149232518,29.137421337828,"tensor([[0.5000]], dtype=torch.float64)",tensor([-255]),['n']
70.0,1.3805859040929713,69.92049862129184,69.99284677673755,"tensor([[0.5000]], dtype=torch.float64)",tensor([-255]),['s']
59.0,59.05109544813067,58.847168273033354,58.60834931031179,"tensor([[0.5000]], dtype=torch.float64)",tensor([-255]),['n']
4.0,12.619229088557987,3.975319508200541,4.329036690823179,"tensor([[0.5000]], dtype=torch.float64)",tensor([-255]),['n']
2.0,3.9773425949201284,2.5418636004813444,6.394847490132188,"tensor([[0.5000]], dtype=torch.float64)",tensor([-255]),['n']
22.0,22.321154338970118,22.332343961101966,22.022068638899153,"tensor([[0.5000]], dtype=torch.float64)",tensor([-255]),['n']
30.0,30.527463337934396,30.0976946699879,25.276958481346938,"tensor([[0.5000]], dtype=torch.float64)",tensor([-255]),['n']
43.0,42.205301832053266,43.41113493821926,45.983590915387765,"tensor([[0.5000]], dtype=torch.float64)",tensor([-255]),['n']
55.0,53.6603094183363,54.86317288736888,54.91228551051758,"tensor([[0.5000]], dtype=torch.float64)",tensor([-255]),['n']
40.0,33.349819082550496,39.734263947203736,39.57571833280763,"tensor([[0.5000]], dtype=torch.float64)",tensor([-255]),['s']
22.0,23.080921073661248,22.021119487443066,21.31844994756658,"tensor([[0.5000]], dtype=torch.float64)",tensor([-255]),['s']
56.0,54.810203321720145,55.56470853095184,55.810860193952884,"tensor([[0.5000]], dtype=torch.float64)",tensor([-255]),['s']
27.0,33.451606925132346,26.326556945344326,26.65289972184419,"tensor([[0.5000]], dtype=torch.float64)",tensor([-255]),['n']
36.0,35.319461513406644,35.955998987980045,36.142868429088296,"tensor([[0.5000]], dtype=torch.float64)",tensor([-255]),['n']
38.0,37.15636131604437,37.84549437763658,38.67176439149758,"tensor([[0.5000]], dtype=torch.float64)",tensor([-255]),['n']
66.0,65.48929966684295,65.36976515871564,65.66386807411753,"tensor([[0.5000]], dtype=torch.float64)",tensor([-255]),['s']
41.0,40.32140889177816,41.01200441785927,41.01929841562889,"tensor([[0.5000]], dtype=torch.float64)",tensor([-255]),['n']
48.0,42.36886944644057,48.463677663292366,48.474244478799974,"tensor([[0.5000]], dtype=torch.float64)",tensor([-255]),['s']
55.0,56.010723843668984,55.01842886303022,54.99462472559763,"tensor([[0.5000]], dtype=torch.float64)",tensor([-255]),['s']
62.0,60.025797157158834,61.198513142808416,60.89177919599877,"tensor([[0.5000]], dtype=torch.float64)",tensor([-255]),['s']
55.0,56.03462319864029,54.86486784871116,54.9370766828026,"tensor([[0.5000]], dtype=torch.float64)",tensor([-255]),['n']
50.0,50.05872231522824,50.31926025043502,50.35535684293958,"tensor([[0.5000]], dtype=torch.float64)",tensor([-255]),['n']
25.0,24.592782376581688,25.254092628798396,24.847629564283334,"tensor([[0.5000]], dtype=torch.float64)",tensor([-255]),['s']
34.0,34.19849076047184,34.187492143651546,34.26374215303492,"tensor([[0.5000]], dtype=torch.float64)",tensor([-255]),['n']
18.0,20.01023318227565,18.069242135110823,18.05265144309004,"tensor([[0.5000]], dtype=torch.float64)",tensor([-255]),['s']
60.0,59.504453796978666,59.37717277573438,59.12798960153151,"tensor([[0.5000]], dtype=torch.float64)",tensor([-255]),['n']
9.0,10.793684215104147,9.646641081672051,9.708460509960066,"tensor([[0.5000]], dtype=torch.float64)",tensor([-255]),['n']
15.0,15.068598648177677,14.933767475697557,15.039386985182114,"tensor([[0.5000]], dtype=torch.float64)",tensor([-255]),['s']
41.0,40.5176531722979,41.04418042386339,41.149546810845166,"tensor([[0.5000]], dtype=torch.float64)",tensor([-255]),['n']
31.0,32.006730590437265,31.21066680722292,30.89722192140744,"tensor([[0.5000]], dtype=torch.float64)",tensor([-255]),['n']
25.0,25.20410055098715,24.83276165193683,24.810641238918443,"tensor([[0.5000]], dtype=torch.float64)",tensor([-255]),['s']
59.0,58.09746909302106,58.384595749277516,58.17031615302399,"tensor([[0.5000]], dtype=torch.float64)",tensor([-255]),['n']
32.0,29.738123329816414,31.92812922034874,31.85137165854258,"tensor([[0.5000]], dtype=torch.float64)",tensor([-255]),['s']
68.0,65.49049582122105,66.52918779560738,67.48983955501255,"tensor([[0.5000]], dtype=torch.float64)",tensor([-255]),['s']
6.0,9.508691178352667,6.3877829793862,6.753028228631721,"tensor([[0.5000]], dtype=torch.float64)",tensor([-255]),['s']
37.0,34.02926416687391,36.92051720367001,36.85378917378329,"tensor([[0.5000]], dtype=torch.float64)",tensor([-255]),['s']
25.0,27.097157762872925,24.849200561446285,23.99309071841568,"tensor([[0.5000]], dtype=torch.float64)",tensor([-255]),['n']
36.0,40.143812680177376,36.74086941201778,36.27745432680353,"tensor([[0.5000]], dtype=torch.float64)",tensor([-255]),['n']
58.0,57.44849906318257,57.74340731033189,57.36695412149614,"tensor([[0.5000]], dtype=torch.float64)",tensor([-255]),['n']
42.0,44.93257778865447,42.80031091727731,42.92706836350433,"tensor([[0.5000]], dtype=torch.float64)",tensor([-255]),['n']
66.0,65.88259221130693,65.60031726355217,65.13172036211515,"tensor([[0.5000]], dtype=torch.float64)",tensor([-255]),['n']
70.0,70.30827358165163,69.70049406604971,68.63361117249835,"tensor([[0.5000]], dtype=torch.float64)",tensor([-255]),['s']
20.0,42.05858661739629,19.8092674692355,19.644240266665815,"tensor([[0.5000]], dtype=torch.float64)",tensor([-255]),['n']
63.0,65.84542463550508,62.30172802233434,61.920064529468235,"tensor([[0.5000]], dtype=torch.float64)",tensor([-255]),['s']
51.0,28.97393084797451,51.15720235669685,51.1510807610271,"tensor([[0.5000]], dtype=torch.float64)",tensor([-255]),['s']
19.0,19.903182462027885,17.97559307857167,18.747444202685227,"tensor([[0.5000]], dtype=torch.float64)",tensor([-255]),['s']
12.0,12.629975042759893,12.337128685274658,12.24186019108125,"tensor([[0.5000]], dtype=torch.float64)",tensor([-255]),['s']
38.0,33.9122576033483,38.25180157849296,38.26684871372272,"tensor([[0.5000]], dtype=torch.float64)",tensor([-255]),['s']
0.0,2.0546079477455805,0.0,0.0,"tensor([[0.5000]], dtype=torch.float64)",tensor([-255]),['n']
43.0,45.25726468441627,43.77303266682815,45.20713382049106,"tensor([[0.5000]], dtype=torch.float64)",tensor([-255]),['s']
12.0,12.39554425910138,11.96737755071848,12.01719144860702,"tensor([[0.5000]], dtype=torch.float64)",tensor([-255]),['s']
15.0,57.11184866788071,14.845721464226859,15.089745025356626,"tensor([[0.5000]], dtype=torch.float64)",tensor([-255]),['s']
14.0,61.56755081127106,13.916871100250653,13.97410046248757,"tensor([[0.5000]], dtype=torch.float64)",tensor([-255]),['n']
61.0,63.08419412851045,60.00484849338151,59.93639149129433,"tensor([[0.5000]], dtype=torch.float64)",tensor([-255]),['n']
5.0,1.8131108533737086,5.007702560436852,5.136293188089629,"tensor([[0.5000]], dtype=torch.float64)",tensor([-255]),['s']
52.0,48.473795863071125,52.017482929144,52.023839544435376,"tensor([[0.5000]], dtype=torch.float64)",tensor([-255]),['n']
60.0,61.33270903026931,59.69097171643711,59.22154863783417,"tensor([[0.5000]], dtype=torch.float64)",tensor([-255]),['s']
29.0,32.20870746891263,28.32659164575127,28.086220756298058,"tensor([[0.5000]], dtype=torch.float64)",tensor([-255]),['s']
1.0,6.855009833938592,1.474225821407647,2.064408634736331,"tensor([[0.5000]], dtype=torch.float64)",tensor([-255]),['n']
55.0,60.63624172917156,54.81707977873936,54.98855645297711,"tensor([[0.5000]], dtype=torch.float64)",tensor([-255]),['s']
37.0,37.07568904497059,36.97065639878954,36.99287565924773,"tensor([[0.5000]], dtype=torch.float64)",tensor([-255]),['n']
4.0,7.080986582728568,3.9222269686229723,3.9007895424776184,"tensor([[0.5000]], dtype=torch.float64)",tensor([-255]),['s']
71.0,67.39285798860112,70.66885212964964,70.44811311659629,"tensor([[0.5000]], dtype=torch.float64)",tensor([-255]),['n']
46.0,44.86729880988534,46.198719507166565,46.762994502266416,"tensor([[0.5000]], dtype=torch.float64)",tensor([-255]),['n']
69.0,67.24677285835395,69.23336050547098,69.52297159594299,"tensor([[0.5000]], dtype=torch.float64)",tensor([-255]),['n']
35.0,32.76725939221086,35.1435349528054,35.08975314697886,"tensor([[0.5000]], dtype=torch.float64)",tensor([-255]),['n']
58.0,4.3200046927099,57.53348314996416,57.368193673509,"tensor([[0.5000]], dtype=torch.float64)",tensor([-255]),['n']
25.0,23.93855560039387,25.333981410264144,25.14853845819119,"tensor([[0.5000]], dtype=torch.float64)",tensor([-255]),['s']
8.0,65.29284450354949,8.248764468188012,8.83413857907438,"tensor([[0.5000]], dtype=torch.float64)",tensor([-255]),['n']
47.0,37.34804290470097,47.87922076263352,48.269638672015425,"tensor([[0.5000]], dtype=torch.float64)",tensor([-255]),['s']
14.0,46.010815197032315,14.192886983158301,14.088032114539395,"tensor([[0.5000]], dtype=torch.float64)",tensor([-255]),['n']
53.0,50.7585046001107,53.07645739448342,53.041127414685626,"tensor([[0.5000]], dtype=torch.float64)",tensor([-255]),['n']
2.0,3.317638311298303,1.749069396015646,2.869038467764016,"tensor([[0.5000]], dtype=torch.float64)",tensor([-255]),['s']
1.0,70.54650610381492,0.7985700141843743,1.0009534831780285,"tensor([[0.5000]], dtype=torch.float64)",tensor([-255]),['s']
63.0,64.9229339791552,62.75045534988852,62.89236729121907,"tensor([[0.5000]], dtype=torch.float64)",tensor([-255]),['n']
27.0,25.858977099198533,27.455976293885467,27.723896699557695,"tensor([[0.5000]], dtype=torch.float64)",tensor([-255]),['n']
68.0,65.17397055532352,67.06948787321672,67.01037939104432,"tensor([[0.5000]], dtype=torch.float64)",tensor([-255]),['s']
42.0,41.80434064712562,42.82527222100514,43.299176113396285,"tensor([[0.5000]], dtype=torch.float64)",tensor([-255]),['s']
44.0,44.25476325166668,44.68112378262426,44.92076596282312,"tensor([[0.5000]], dtype=torch.float64)",tensor([-255]),['s']
26.0,21.808267075645645,26.138945470122497,25.958582790885895,"tensor([[0.5000]], dtype=torch.float64)",tensor([-255]),['n']
55.0,54.498765304489716,55.16074873041582,55.02901809495104,"tensor([[0.5000]], dtype=torch.float64)",tensor([-255]),['n']
61.0,60.060799031009296,60.602248219130104,60.656026493051165,"tensor([[0.5000]], dtype=torch.float64)",tensor([-255]),['n']
59.0,22.996601143877534,58.62141455945959,58.48346564287118,"tensor([[0.5000]], dtype=torch.float64)",tensor([-255]),['n']
56.0,54.784521133757565,55.71399779005902,55.81036479282937,"tensor([[0.5000]], dtype=torch.float64)",tensor([-255]),['n']
54.0,56.43041858358829,53.955601605527455,53.81049144999509,"tensor([[0.5000]], dtype=torch.float64)",tensor([-255]),['n']
43.0,35.31092367619162,43.441099587380435,43.53784163521683,"tensor([[0.5000]], dtype=torch.float64)",tensor([-255]),['s']
12.0,12.662942001437386,11.858542761375285,12.039884485520949,"tensor([[0.5000]], dtype=torch.float64)",tensor([-255]),['s']
44.0,43.34479922094951,44.86240472229718,45.0040960389731,"tensor([[0.5000]], dtype=torch.float64)",tensor([-255]),['s']
9.0,4.252366136850521,8.899454971373121,9.010859788723605,"tensor([[0.5000]], dtype=torch.float64)",tensor([-255]),['s']
39.0,39.060206495516454,39.3617740052759,39.958569078923375,"tensor([[0.5000]], dtype=torch.float64)",tensor([-255]),['n']
49.0,49.04738507114439,49.09303787714398,49.25065284237923,"tensor([[0.5000]], dtype=torch.float64)",tensor([-255]),['n']
20.0,34.13422765123558,19.95045127033834,20.023727567734248,"tensor([[0.5000]], dtype=torch.float64)",tensor([-255]),['s']
26.0,26.7773283930644,25.99533781029388,25.85766306077135,"tensor([[0.5000]], dtype=torch.float64)",tensor([-255]),['n']
24.0,38.74061398162544,23.686154858249306,24.189110716047338,"tensor([[0.5000]], dtype=torch.float64)",tensor([-255]),['s']
19.0,41.7617143010175,18.82179771880425,19.003172985429305,"tensor([[0.5000]], dtype=torch.float64)",tensor([-255]),['n']
11.0,10.036682301456256,11.013105317222127,11.684071196882522,"tensor([[0.5000]], dtype=torch.float64)",tensor([-255]),['s']
69.0,65.08020139185408,68.72539061870322,68.96197213323408,"tensor([[0.5000]], dtype=torch.float64)",tensor([-255]),['n']
13.0,13.75049041274118,12.774280767032716,12.933691511714507,"tensor([[0.5000]], dtype=torch.float64)",tensor([-255]),['s']
33.0,35.69806157317521,33.61699552281238,28.86854929530712,"tensor([[0.5000]], dtype=torch.float64)",tensor([-255]),['s']
33.0,31.907321453159625,32.862328254991944,31.85469511800268,"tensor([[0.5000]], dtype=torch.float64)",tensor([-255]),['n']
36.0,34.40960841292423,35.40550088569715,34.894142490782286,"tensor([[0.5000]], dtype=torch.float64)",tensor([-255]),['n']
20.0,67.7928956186358,20.09047447816203,20.012072627546626,"tensor([[0.5000]], dtype=torch.float64)",tensor([-255]),['n']
37.0,32.58345732165357,36.69905793533035,36.04158146508472,"tensor([[0.5000]], dtype=torch.float64)",tensor([-255]),['n']
53.0,53.7559760320142,53.08632041342936,53.04823464243308,"tensor([[0.5000]], dtype=torch.float64)",tensor([-255]),['s']
38.0,35.52739811522574,37.692803354078976,41.172216828717445,"tensor([[0.5000]], dtype=torch.float64)",tensor([-255]),['s']
68.0,69.67635574075342,68.0357421074665,67.8879912233862,"tensor([[0.5000]], dtype=torch.float64)",tensor([-255]),['n']
3.0,68.96402435791337,2.638428544071583,2.325059256613355,"tensor([[0.5000]], dtype=torch.float64)",tensor([-255]),['n']
0.0,70.89486675436115,0.0,0.07841275130487012,"tensor([[0.5000]], dtype=torch.float64)",tensor([-255]),['s']
21.0,40.80816976237689,20.695008564007605,20.796441464953688,"tensor([[0.5000]], dtype=torch.float64)",tensor([-255]),['n']
25.0,25.09366818676355,24.600114617594382,24.787731513935405,"tensor([[0.5000]], dtype=torch.float64)",tensor([-255]),['n']
49.0,49.09210012576537,49.34812973709396,49.34056044263078,"tensor([[0.5000]], dtype=torch.float64)",tensor([-255]),['n']
0.0,1.7903358429465523,0.0,0.10981516272267111,"tensor([[0.5000]], dtype=torch.float64)",tensor([-255]),['s']
13.0,10.731490747087848,12.991420837088635,12.906650560585506,"tensor([[0.5000]], dtype=torch.float64)",tensor([-255]),['s']
45.0,47.34276187098508,45.44403364818709,45.812061139428316,"tensor([[0.5000]], dtype=torch.float64)",tensor([-255]),['n']
18.0,18.077264390592056,17.993140421492612,18.013485916183402,"tensor([[0.5000]], dtype=torch.float64)",tensor([-255]),['n']
13.0,14.156828199612194,12.77868534533072,12.948054450931808,"tensor([[0.5000]], dtype=torch.float64)",tensor([-255]),['s']
58.0,56.785254758426966,57.25726292253251,57.0554646975101,"tensor([[0.5000]], dtype=torch.float64)",tensor([-255]),['n']
54.0,50.956202807215035,53.983057042784964,54.03614731254007,"tensor([[0.5000]], dtype=torch.float64)",tensor([-255]),['n']
47.0,48.33595893609196,47.4725149684101,47.40087584575379,"tensor([[0.5000]], dtype=torch.float64)",tensor([-255]),['n']
26.0,25.887765095186978,26.028800694423136,25.064549580356875,"tensor([[0.5000]], dtype=torch.float64)",tensor([-255]),['s']
51.0,50.96042468744237,50.91936373124077,51.079267340119685,"tensor([[0.5000]], dtype=torch.float64)",tensor([-255]),['n']
15.0,14.886823663070809,14.952913592017847,15.00861860353478,"tensor([[0.5000]], dtype=torch.float64)",tensor([-255]),['s']
52.0,50.02318389514441,51.9649705197473,52.148304061675894,"tensor([[0.5000]], dtype=torch.float64)",tensor([-255]),['n']
16.0,16.845773414574232,16.000444029038295,15.976957922482018,"tensor([[0.5000]], dtype=torch.float64)",tensor([-255]),['n']
16.0,15.98710470796659,16.332499604070073,16.65474276776821,"tensor([[0.5000]], dtype=torch.float64)",tensor([-255]),['s']
2.0,0.027527076079272277,1.7870455917345753,1.9881105206317833,"tensor([[0.5000]], dtype=torch.float64)",tensor([-255]),['s']
47.0,30.47855818296336,47.96286185650485,47.89580845872883,"tensor([[0.5000]], dtype=torch.float64)",tensor([-255]),['s']
1.0,3.5921831744728774,0.8848615424394075,1.062984572260418,"tensor([[0.5000]], dtype=torch.float64)",tensor([-255]),['s']
41.0,39.26973148310849,41.25515370970824,41.6502354246723,"tensor([[0.5000]], dtype=torch.float64)",tensor([-255]),['n']
31.0,28.217761025074694,31.269706600446646,31.371058359341824,"tensor([[0.5000]], dtype=torch.float64)",tensor([-255]),['s']
5.0,49.06811732617585,4.74126066064228,5.178536279657736,"tensor([[0.5000]], dtype=torch.float64)",tensor([-255]),['n']
28.0,30.128122125450147,24.046223517252336,28.506490777531,"tensor([[0.5000]], dtype=torch.float64)",tensor([-255]),['s']
54.0,23.591288784484433,53.92398160190375,53.99898029342309,"tensor([[0.5000]], dtype=torch.float64)",tensor([-255]),['n']
32.0,32.656297469785194,30.96013194293464,30.63477524101946,"tensor([[0.5000]], dtype=torch.float64)",tensor([-255]),['s']
45.0,45.2232112853387,45.52864969565093,45.877749118099516,"tensor([[0.5000]], dtype=torch.float64)",tensor([-255]),['s']
11.0,7.59221130397071,11.607547045566113,11.390044561556829,"tensor([[0.5000]], dtype=torch.float64)",tensor([-255]),['s']
63.0,61.062387539844096,59.17809993879294,61.715472104033836,"tensor([[0.5000]], dtype=torch.float64)",tensor([-255]),['s']
11.0,12.526610585534495,11.310171380194946,11.079636340383344,"tensor([[0.5000]], dtype=torch.float64)",tensor([-255]),['s']
67.0,64.38476014078222,66.92033350383316,66.70335248730309,"tensor([[0.5000]], dtype=torch.float64)",tensor([-255]),['s']
70.0,2.841841667153419,70.03666455018842,69.5740967635547,"tensor([[0.5000]], dtype=torch.float64)",tensor([-255]),['s']
10.0,9.957517420699544,12.971469452908645,10.186265263382232,"tensor([[0.5000]], dtype=torch.float64)",tensor([-255]),['s']
0.0,68.07617413599658,0.0,0.0,"tensor([[0.5000]], dtype=torch.float64)",tensor([-255]),['n']
45.0,32.83755874279326,46.0502932028271,46.0081601628544,"tensor([[0.5000]], dtype=torch.float64)",tensor([-255]),['s']
1.0,4.681823815982946,1.0087216433439574,0.8926733497810987,"tensor([[0.5000]], dtype=torch.float64)",tensor([-255]),['n']
54.0,52.0658695631607,53.921072647208454,54.04904141487666,"tensor([[0.5000]], dtype=torch.float64)",tensor([-255]),['s']
19.0,18.0785471218587,18.933679106529812,18.974076883917572,"tensor([[0.5000]], dtype=torch.float64)",tensor([-255]),['n']
34.0,28.31118526406697,33.98528716236949,33.24429258529623,"tensor([[0.5000]], dtype=torch.float64)",tensor([-255]),['n']
34.0,32.81360801722748,33.98328617283928,34.139490036984554,"tensor([[0.5000]], dtype=torch.float64)",tensor([-255]),['n']
46.0,47.873715003433674,46.800312692038545,46.82513401642212,"tensor([[0.5000]], dtype=torch.float64)",tensor([-255]),['s']
24.0,25.164389944374967,24.186016573355126,24.172212515783343,"tensor([[0.5000]], dtype=torch.float64)",tensor([-255]),['n']
64.0,67.15153325063736,63.613102211662934,61.09707736994735,"tensor([[0.5000]], dtype=torch.float64)",tensor([-255]),['n']
57.0,55.45333085176142,57.69501405567668,56.2644614346138,"tensor([[0.5000]], dtype=torch.float64)",tensor([-255]),['s']
64.0,62.07013060719688,63.436213713010204,63.13361478958815,"tensor([[0.5000]], dtype=torch.float64)",tensor([-255]),['s']
7.0,70.22196123806373,6.330186581654269,6.377097328677573,"tensor([[0.5000]], dtype=torch.float64)",tensor([-255]),['n']
40.0,35.76359990564238,40.506298626707284,40.36775292678477,"tensor([[0.5000]], dtype=torch.float64)",tensor([-255]),['s']
52.0,50.09993069672742,52.50257080346882,52.76400945535432,"tensor([[0.5000]], dtype=torch.float64)",tensor([-255]),['n']
56.0,54.21796092766348,55.87600794559774,55.985086893851786,"tensor([[0.5000]], dtype=torch.float64)",tensor([-255]),['s']
68.0,66.92762469687513,66.92907666376456,66.69209757864347,"tensor([[0.5000]], dtype=torch.float64)",tensor([-255]),['s']
48.0,48.575674073790026,48.244724136880876,48.03422178331153,"tensor([[0.5000]], dtype=torch.float64)",tensor([-255]),['n']
65.0,64.09874478840986,64.60904224630586,64.50596043750677,"tensor([[0.5000]], dtype=torch.float64)",tensor([-255]),['n']
13.0,15.017689272700363,13.11005277361597,13.591303623682581,"tensor([[0.5000]], dtype=torch.float64)",tensor([-255]),['s']
16.0,17.43207366653096,16.01838438219521,15.989188836234002,"tensor([[0.5000]], dtype=torch.float64)",tensor([-255]),['n']
18.0,41.161830469894596,18.012933288703326,18.00401502386919,"tensor([[0.5000]], dtype=torch.float64)",tensor([-255]),['n']
64.0,62.94593974591418,62.08924017051963,62.65720376426898,"tensor([[0.5000]], dtype=torch.float64)",tensor([-255]),['s']
39.0,37.58665240664024,39.09108538832615,39.100743730745364,"tensor([[0.5000]], dtype=torch.float64)",tensor([-255]),['n']
67.0,67.19891412256035,66.47555611420408,67.0823282900049,"tensor([[0.5000]], dtype=torch.float64)",tensor([-255]),['n']
32.0,34.10732177280853,32.59539644942119,32.41940214870177,"tensor([[0.5000]], dtype=torch.float64)",tensor([-255]),['n']
40.0,42.53749509910754,41.12374880336269,41.00806811787913,"tensor([[0.5000]], dtype=torch.float64)",tensor([-255]),['s']
69.0,58.43702765853317,69.01170556080017,68.47149178538339,"tensor([[0.5000]], dtype=torch.float64)",tensor([-255]),['n']
52.0,49.106144229373086,52.450040587186905,52.72102319492012,"tensor([[0.5000]], dtype=torch.float64)",tensor([-255]),['s']
48.0,46.924653415545926,48.798947560364645,48.67919952155177,"tensor([[0.5000]], dtype=torch.float64)",tensor([-255]),['n']
12.0,8.387804220485219,11.960040855169702,12.09435264787204,"tensor([[0.5000]], dtype=torch.float64)",tensor([-255]),['n']
71.0,0.7993117099366283,71.0,71.0,"tensor([[0.5000]], dtype=torch.float64)",tensor([-255]),['n']
34.0,39.38682791489903,34.213234650253064,33.98031748026678,"tensor([[0.5000]], dtype=torch.float64)",tensor([-255]),['s']
32.0,39.706652299977165,32.43310035200024,32.213859720761576,"tensor([[0.5000]], dtype=torch.float64)",tensor([-255]),['n']
32.0,35.666315857781775,32.140002691388105,31.2016390918938,"tensor([[0.5000]], dtype=torch.float64)",tensor([-255]),['n']
2.0,3.179070084907872,1.203623720417457,2.394639842464108,"tensor([[0.5000]], dtype=torch.float64)",tensor([-255]),['s']
23.0,23.07304511148488,22.98329266967859,22.982390069819907,"tensor([[0.5000]], dtype=torch.float64)",tensor([-255]),['n']
63.0,10.066385950627328,62.657788585017116,62.03336098025571,"tensor([[0.5000]], dtype=torch.float64)",tensor([-255]),['n']
11.0,8.754891918160421,11.769613001598758,11.649545609067896,"tensor([[0.5000]], dtype=torch.float64)",tensor([-255]),['n']
13.0,61.90923739816645,12.810471243538528,13.002315558964584,"tensor([[0.5000]], dtype=torch.float64)",tensor([-255]),['n']
13.0,15.193334667788955,12.68417530474718,12.90227193862954,"tensor([[0.5000]], dtype=torch.float64)",tensor([-255]),['n']
22.0,23.90907589426084,21.436788387290736,21.470943984795735,"tensor([[0.5000]], dtype=torch.float64)",tensor([-255]),['s']
67.0,22.143632641006274,66.26261031296787,66.00481151363121,"tensor([[0.5000]], dtype=torch.float64)",tensor([-255]),['n']
36.0,39.317767315909585,36.021366921430634,35.970797560846314,"tensor([[0.5000]], dtype=torch.float64)",tensor([-255]),['n']
43.0,44.144730722211015,44.70451234333741,44.89730059688833,"tensor([[0.5000]], dtype=torch.float64)",tensor([-255]),['s']
36.0,34.260194605440155,35.728717901366366,35.43345370833733,"tensor([[0.5000]], dtype=torch.float64)",tensor([-255]),['n']
62.0,62.461282987711165,60.611748403304034,59.987521373192365,"tensor([[0.5000]], dtype=torch.float64)",tensor([-255]),['s']
29.0,27.026407912704308,28.899928427301077,29.094137115998663,"tensor([[0.5000]], dtype=torch.float64)",tensor([-255]),['s']
30.0,31.219416169655076,30.069106489999413,28.004428912086215,"tensor([[0.5000]], dtype=torch.float64)",tensor([-255]),['n']
22.0,20.88853463511399,21.825411379015325,21.762006835220433,"tensor([[0.5000]], dtype=torch.float64)",tensor([-255]),['n']
71.0,3.7304752143720172,70.54855826024541,70.87502028504197,"tensor([[0.5000]], dtype=torch.float64)",tensor([-255]),['s']
47.0,42.154994835637176,48.07543443186428,48.34302137325209,"tensor([[0.5000]], dtype=torch.float64)",tensor([-255]),['s']
0.0,0.8785925267109564,0.0,0.0,"tensor([[0.5000]], dtype=torch.float64)",tensor([-255]),['s']
20.0,21.006742912822077,19.745663559449703,19.693656720631754,"tensor([[0.5000]], dtype=torch.float64)",tensor([-255]),['n']
70.0,64.90849521828976,69.93082166224181,69.74361767714151,"tensor([[0.5000]], dtype=torch.float64)",tensor([-255]),['n']
15.0,63.28627735190263,14.886002657428186,14.940684468845243,"tensor([[0.5000]], dtype=torch.float64)",tensor([-255]),['n']
44.0,42.13219640252573,44.22617076429808,44.347810616803315,"tensor([[0.5000]], dtype=torch.float64)",tensor([-255]),['s']
28.0,29.72711133808331,28.270979360730305,27.88496384506476,"tensor([[0.5000]], dtype=torch.float64)",tensor([-255]),['n']
34.0,30.242344288538092,34.30672768329528,34.1973491420906,"tensor([[0.5000]], dtype=torch.float64)",tensor([-255]),['n']
37.0,39.069358125636995,37.12399017968203,37.13488224843081,"tensor([[0.5000]], dtype=torch.float64)",tensor([-255]),['n']
31.0,33.850043590613666,31.065359840444387,30.923325031843913,"tensor([[0.5000]], dtype=torch.float64)",tensor([-255]),['n']
35.0,37.11141466204394,35.15262372768989,34.57439481051463,"tensor([[0.5000]], dtype=torch.float64)",tensor([-255]),['s']
13.0,9.38811481801039,13.376461302583355,14.290978628275443,"tensor([[0.5000]], dtype=torch.float64)",tensor([-255]),['n']
58.0,58.98765312633498,57.74408999514069,57.317969466551,"tensor([[0.5000]], dtype=torch.float64)",tensor([-255]),['n']
6.0,5.609990787046085,5.552321626020832,5.806238029023459,"tensor([[0.5000]], dtype=torch.float64)",tensor([-255]),['s']
12.0,8.927783697888596,12.181350898222968,12.694127465053398,"tensor([[0.5000]], dtype=torch.float64)",tensor([-255]),['s']
43.0,44.021730330959926,43.38893360713404,43.39033587724692,"tensor([[0.5000]], dtype=torch.float64)",tensor([-255]),['n']
62.0,60.208684067196415,61.316839129559575,61.064644769475116,"tensor([[0.5000]], dtype=torch.float64)",tensor([-255]),['n']
31.0,40.071358983064975,31.528836934396562,31.59911178556295,"tensor([[0.5000]], dtype=torch.float64)",tensor([-255]),['n']
69.0,43.89115711299716,68.72217815785415,68.42849697256084,"tensor([[0.5000]], dtype=torch.float64)",tensor([-255]),['n']
53.0,51.04006528968732,53.240946393371495,53.49237993063562,"tensor([[0.5000]], dtype=torch.float64)",tensor([-255]),['n']
30.0,31.782527869650124,29.924223225531055,29.875893124608215,"tensor([[0.5000]], dtype=torch.float64)",tensor([-255]),['n']
52.0,6.9081544941906206,52.15602252983667,52.14039692805262,"tensor([[0.5000]], dtype=torch.float64)",tensor([-255]),['s']
69.0,65.99135808031306,68.88900040879417,68.790241190203,"tensor([[0.5000]], dtype=torch.float64)",tensor([-255]),['s']
51.0,30.383826842063385,51.283981596963045,51.23589455367337,"tensor([[0.5000]], dtype=torch.float64)",tensor([-255]),['n']
30.0,32.33449803945147,29.078001194576338,29.07722827982753,"tensor([[0.5000]], dtype=torch.float64)",tensor([-255]),['s']
36.0,40.915549470030314,36.21123368686788,35.967205252048736,"tensor([[0.5000]], dtype=torch.float64)",tensor([-255]),['s']
62.0,60.925079862740986,61.592946776713376,59.96882180893891,"tensor([[0.5000]], dtype=torch.float64)",tensor([-255]),['n']
32.0,32.136223712115324,32.0839057959877,32.06616755762628,"tensor([[0.5000]], dtype=torch.float64)",tensor([-255]),['n']
43.0,40.17856327600005,43.449664871423074,43.418084120648736,"tensor([[0.5000]], dtype=torch.float64)",tensor([-255]),['n']
23.0,23.85061716960842,23.417612048875633,23.240710643804057,"tensor([[0.5000]], dtype=torch.float64)",tensor([-255]),['n']
20.0,22.010704243365744,20.296260455413147,20.171016868730735,"tensor([[0.5000]], dtype=torch.float64)",tensor([-255]),['s']
18.0,17.612890576279764,17.963353792079637,17.94854615311057,"tensor([[0.5000]], dtype=torch.float64)",tensor([-255]),['s']
27.0,25.06602720047684,27.00577693908702,27.01471002545332,"tensor([[0.5000]], dtype=torch.float64)",tensor([-255]),['n']
42.0,35.86798543478879,42.341294868271866,43.95999780025898,"tensor([[0.5000]], dtype=torch.float64)",tensor([-255]),['n']
69.0,65.42883444191384,68.60734694953656,68.14339390133185,"tensor([[0.5000]], dtype=torch.float64)",tensor([-255]),['n']
70.0,8.562780465690734,70.0193337891568,69.95023248095262,"tensor([[0.5000]], dtype=torch.float64)",tensor([-255]),['s']
61.0,21.75372636809535,60.31520576286791,59.855557169989005,"tensor([[0.5000]], dtype=torch.float64)",tensor([-255]),['n']
69.0,67.3930032396176,68.48606358756965,68.29276148668802,"tensor([[0.5000]], dtype=torch.float64)",tensor([-255]),['n']
23.0,25.42090297657441,22.964802066235055,22.63532840229514,"tensor([[0.5000]], dtype=torch.float64)",tensor([-255]),['s']
43.0,34.31780491377636,44.91691868602076,44.00842246710379,"tensor([[0.5000]], dtype=torch.float64)",tensor([-255]),['s']
1.0,5.663890333264309,0.73985317238545,0.14953666100886912,"tensor([[0.5000]], dtype=torch.float64)",tensor([-255]),['n']
2.0,4.328466355628556,1.9590133438301336,1.9171760387531749,"tensor([[0.5000]], dtype=torch.float64)",tensor([-255]),['n']
43.0,44.95128716336277,44.18800661489353,45.5646775602329,"tensor([[0.5000]], dtype=torch.float64)",tensor([-255]),['s']
46.0,48.96655714106659,46.729665306808485,46.776587201263716,"tensor([[0.5000]], dtype=torch.float64)",tensor([-255]),['s']
5.0,7.531499580208539,4.802208630672417,6.966492000480577,"tensor([[0.5000]], dtype=torch.float64)",tensor([-255]),['n']
34.0,34.85405261948554,34.41270555413664,34.19593644074139,"tensor([[0.5000]], dtype=torch.float64)",tensor([-255]),['n']
17.0,25.12360557367744,16.833548337946528,16.92975951752493,"tensor([[0.5000]], dtype=torch.float64)",tensor([-255]),['n']
6.0,6.142495841291302,6.920276413569939,7.226815247392122,"tensor([[0.5000]], dtype=torch.float64)",tensor([-255]),['n']
71.0,69.79907329425583,70.88285297870087,70.61214940909143,"tensor([[0.5000]], dtype=torch.float64)",tensor([-255]),['s']
3.0,2.3880796933000226,2.746131573066153,2.904962483045252,"tensor([[0.5000]], dtype=torch.float64)",tensor([-255]),['n']
55.0,52.31417203866567,54.690855379622,54.8258389893601,"tensor([[0.5000]], dtype=torch.float64)",tensor([-255]),['s']
53.0,52.68609086992953,53.45607911049805,53.25136793960836,"tensor([[0.5000]], dtype=torch.float64)",tensor([-255]),['s']
37.0,44.66917358389395,37.213896028553435,38.08309956862435,"tensor([[0.5000]], dtype=torch.float64)",tensor([-255]),['n']
14.0,12.507405599148232,14.016715336263664,14.11529066313076,"tensor([[0.5000]], dtype=torch.float64)",tensor([-255]),['n']
32.0,33.13053845701355,32.34672961031313,32.06539328873693,"tensor([[0.5000]], dtype=torch.float64)",tensor([-255]),['s']
5.0,68.68947866775108,5.17811959283664,6.54794062198089,"tensor([[0.5000]], dtype=torch.float64)",tensor([-255]),['s']
46.0,47.09007051156415,46.61941096042478,46.82788397047827,"tensor([[0.5000]], dtype=torch.float64)",tensor([-255]),['n']
47.0,46.68637893219679,47.17580261533162,47.74008732796705,"tensor([[0.5000]], dtype=torch.float64)",tensor([-255]),['n']
63.0,62.95370638075525,62.27219312973097,61.391843698187465,"tensor([[0.5000]], dtype=torch.float64)",tensor([-255]),['s']
37.0,35.91452755877308,36.88434175160509,36.65805956846394,"tensor([[0.5000]], dtype=torch.float64)",tensor([-255]),['n']
18.0,16.17574248750349,18.097168316570418,18.197002736851733,"tensor([[0.5000]], dtype=torch.float64)",tensor([-255]),['n']
51.0,28.854733062601348,50.949936289069946,51.11419641379127,"tensor([[0.5000]], dtype=torch.float64)",tensor([-255]),['s']
56.0,29.767716184960456,55.74051418984883,55.807967412294275,"tensor([[0.5000]], dtype=torch.float64)",tensor([-255]),['n']
22.0,24.469838270761493,21.765431742953343,21.800891912908735,"tensor([[0.5000]], dtype=torch.float64)",tensor([-255]),['n']
10.0,9.987986132635388,9.870669381252894,10.051763475945252,"tensor([[0.5000]], dtype=torch.float64)",tensor([-255]),['n']
6.0,9.391067228526214,6.684659907081534,6.296135054884454,"tensor([[0.5000]], dtype=torch.float64)",tensor([-255]),['s']
63.0,63.20434250126235,62.32343235503325,62.75045969874163,"tensor([[0.5000]], dtype=torch.float64)",tensor([-255]),['n']
31.0,29.037109873468047,30.809709555137356,30.96797612203067,"tensor([[0.5000]], dtype=torch.float64)",tensor([-255]),['s']
17.0,64.01554907276574,17.108940325455073,17.050953283256632,"tensor([[0.5000]], dtype=torch.float64)",tensor([-255]),['n']
48.0,50.011750765129875,48.36301336030658,48.610164568586015,"tensor([[0.5000]], dtype=torch.float64)",tensor([-255]),['s']
34.0,32.73372624437522,33.214894725033446,31.097644136271672,"tensor([[0.5000]], dtype=torch.float64)",tensor([-255]),['n']
42.0,45.9818761185036,42.40105057488661,42.808211855837556,"tensor([[0.5000]], dtype=torch.float64)",tensor([-255]),['s']
37.0,32.44973743228689,36.55989053047955,37.006582742831185,"tensor([[0.5000]], dtype=torch.float64)",tensor([-255]),['s']
21.0,41.744703177033315,20.931369490532703,20.519426471332302,"tensor([[0.5000]], dtype=torch.float64)",tensor([-255]),['n']
39.0,38.45061068710136,39.13514690603286,39.12488786731471,"tensor([[0.5000]], dtype=torch.float64)",tensor([-255]),['s']
33.0,38.018124031932615,33.31388599269293,33.36734995178313,"tensor([[0.5000]], dtype=torch.float64)",tensor([-255]),['s']
7.0,4.890109621469689,7.2444750246746965,7.108830893409011,"tensor([[0.5000]], dtype=torch.float64)",tensor([-255]),['s']
27.0,23.89907748865278,27.568629022195285,27.262748832920312,"tensor([[0.5000]], dtype=torch.float64)",tensor([-255]),['s']
3.0,5.725778942799214,2.8307173433031654,3.383690314144392,"tensor([[0.5000]], dtype=torch.float64)",tensor([-255]),['n']
26.0,25.173081934988055,26.257278646063103,25.753200105755226,"tensor([[0.5000]], dtype=torch.float64)",tensor([-255]),['s']
3.0,2.0878031392399667,3.206735185728865,3.179083530814894,"tensor([[0.5000]], dtype=torch.float64)",tensor([-255]),['s']
42.0,41.617416904925484,42.98269876565036,43.19855794150145,"tensor([[0.5000]], dtype=torch.float64)",tensor([-255]),['s']
61.0,25.60850647754708,59.884131000190095,59.96452941682207,"tensor([[0.5000]], dtype=torch.float64)",tensor([-255]),['n']
58.0,35.36938377501765,57.54134143518384,57.156758064570056,"tensor([[0.5000]], dtype=torch.float64)",tensor([-255]),['n']
17.0,17.04381439379652,17.138366290250506,17.064288397625045,"tensor([[0.5000]], dtype=torch.float64)",tensor([-255]),['s']
22.0,23.798898367980225,22.139041870858446,22.044096425948457,"tensor([[0.5000]], dtype=torch.float64)",tensor([-255]),['n']
53.0,19.065138284929752,53.318034915617844,53.12168105013627,"tensor([[0.5000]], dtype=torch.float64)",tensor([-255]),['n']
49.0,48.05321280537251,49.58864635062349,49.942010287835096,"tensor([[0.5000]], dtype=torch.float64)",tensor([-255]),['n']
14.0,16.008555979502113,13.777907329645942,14.149086203415381,"tensor([[0.5000]], dtype=torch.float64)",tensor([-255]),['s']
39.0,36.23700465501446,38.779155181596536,38.97602209296387,"tensor([[0.5000]], dtype=torch.float64)",tensor([-255]),['s']
9.0,8.579593579451952,9.053938621086886,9.285116144479527,"tensor([[0.5000]], dtype=torch.float64)",tensor([-255]),['n']
5.0,8.114719721864304,4.797505270709849,4.9907820808942995,"tensor([[0.5000]], dtype=torch.float64)",tensor([-255]),['n']
6.0,6.143978957880125,5.660519797597929,6.007923954314557,"tensor([[0.5000]], dtype=torch.float64)",tensor([-255]),['n']
29.0,33.80973867225271,29.18069068487174,28.275790472607092,"tensor([[0.5000]], dtype=torch.float64)",tensor([-255]),['s']
45.0,47.07811438281777,45.3873784956225,45.347538591089844,"tensor([[0.5000]], dtype=torch.float64)",tensor([-255]),['n']
20.0,19.03867829234711,19.635502298741795,19.9787331995477,"tensor([[0.5000]], dtype=torch.float64)",tensor([-255]),['s']
50.0,36.99230394971326,50.417574858124354,50.8213396414042,"tensor([[0.5000]], dtype=torch.float64)",tensor([-255]),['n']
26.0,26.25211926527425,26.22888237697413,26.318223011330765,"tensor([[0.5000]], dtype=torch.float64)",tensor([-255]),['s']
53.0,53.597314132200154,53.068502043346264,53.031947997508134,"tensor([[0.5000]], dtype=torch.float64)",tensor([-255]),['n']
62.0,61.78625383993959,61.004833941661815,61.09429675241046,"tensor([[0.5000]], dtype=torch.float64)",tensor([-255]),['s']
15.0,15.286696970688382,14.92207015507924,15.014104217123412,"tensor([[0.5000]], dtype=torch.float64)",tensor([-255]),['n']
61.0,62.40549967518076,59.1362194847268,59.363279269907096,"tensor([[0.5000]], dtype=torch.float64)",tensor([-255]),['s']
43.0,44.16946360206957,43.316724950599244,43.2918126633775,"tensor([[0.5000]], dtype=torch.float64)",tensor([-255]),['s']
56.0,18.57458322860591,55.86943876285059,55.91923115119089,"tensor([[0.5000]], dtype=torch.float64)",tensor([-255]),['n']
23.0,25.554819153930147,22.52976799900804,22.849501870666533,"tensor([[0.5000]], dtype=torch.float64)",tensor([-255]),['n']
60.0,62.004381341031525,59.2525406401692,59.02941066450512,"tensor([[0.5000]], dtype=torch.float64)",tensor([-255]),['s']
26.0,26.96978992989743,26.12063131987892,26.064515458862854,"tensor([[0.5000]], dtype=torch.float64)",tensor([-255]),['s']
41.0,29.229244923376946,41.54913364179755,41.28973058249961,"tensor([[0.5000]], dtype=torch.float64)",tensor([-255]),['n']
49.0,49.94895914430066,49.2138437729658,49.29173852704797,"tensor([[0.5000]], dtype=torch.float64)",tensor([-255]),['s']
15.0,14.933270440289775,15.203015122710838,15.165871730913741,"tensor([[0.5000]], dtype=torch.float64)",tensor([-255]),['n']
50.0,47.974571617709685,50.249929750946336,50.93832020356676,"tensor([[0.5000]], dtype=torch.float64)",tensor([-255]),['s']
12.0,12.140250462654613,12.440105556151115,12.920714106980569,"tensor([[0.5000]], dtype=torch.float64)",tensor([-255]),['s']
34.0,29.938111351160572,34.0283544783198,33.888139336095456,"tensor([[0.5000]], dtype=torch.float64)",tensor([-255]),['n']
21.0,41.65672931022495,21.690731877191247,21.283215533044206,"tensor([[0.5000]], dtype=torch.float64)",tensor([-255]),['n']
43.0,44.38910253712947,43.39612943485508,43.750429234662455,"tensor([[0.5000]], dtype=torch.float64)",tensor([-255]),['n']
46.0,47.23626594052822,46.25205823072937,46.72594554837285,"tensor([[0.5000]], dtype=torch.float64)",tensor([-255]),['s']
34.0,30.018851395218178,34.16277347088022,34.171404752234686,"tensor([[0.5000]], dtype=torch.float64)",tensor([-255]),['n']
57.0,59.69668443100377,56.638767036755766,56.15265502788172,"tensor([[0.5000]], dtype=torch.float64)",tensor([-255]),['n']
40.0,32.82778515585671,40.28086117786896,40.404410777092174,"tensor([[0.5000]], dtype=torch.float64)",tensor([-255]),['s']
28.0,28.668065891271546,26.572087509385444,27.396851040818753,"tensor([[0.5000]], dtype=torch.float64)",tensor([-255]),['s']
56.0,29.317093509054953,55.94005234652893,55.858973816380285,"tensor([[0.5000]], dtype=torch.float64)",tensor([-255]),['s']
35.0,38.41364557742606,34.45091780836284,34.06193073494719,"tensor([[0.5000]], dtype=torch.float64)",tensor([-255]),['s']
11.0,9.831256097235924,11.641137589981037,11.797928288387851,"tensor([[0.5000]], dtype=torch.float64)",tensor([-255]),['n']
48.0,47.79268649674758,48.24892592612771,48.10210921538142,"tensor([[0.5000]], dtype=torch.float64)",tensor([-255]),['n']
22.0,23.72664097030054,21.969666936975543,21.385460431427532,"tensor([[0.5000]], dtype=torch.float64)",tensor([-255]),['s']
40.0,35.80613391307985,40.53479594205955,40.67969388053792,"tensor([[0.5000]], dtype=torch.float64)",tensor([-255]),['n']
27.0,29.92264132195328,26.196328096156734,26.135087330854077,"tensor([[0.5000]], dtype=torch.float64)",tensor([-255]),['s']
42.0,39.778164997024746,42.306942328013605,42.62455934422113,"tensor([[0.5000]], dtype=torch.float64)",tensor([-255]),['n']
2.0,68.44064618653553,1.9261664135448944,2.0354521777596823,"tensor([[0.5000]], dtype=torch.float64)",tensor([-255]),['s']
16.0,15.182901786172316,15.97602773449855,16.200265291269012,"tensor([[0.5000]], dtype=torch.float64)",tensor([-255]),['n']
15.0,16.943128103705934,15.109330057918255,15.160219059648599,"tensor([[0.5000]], dtype=torch.float64)",tensor([-255]),['s']
51.0,50.3634739488911,51.25273171277292,51.688568981588574,"tensor([[0.5000]], dtype=torch.float64)",tensor([-255]),['n']
59.0,59.160213666556466,58.83302277539699,58.232254778231805,"tensor([[0.5000]], dtype=torch.float64)",tensor([-255]),['s']
10.0,67.69011186198378,9.874021431617434,10.16496822984734,"tensor([[0.5000]], dtype=torch.float64)",tensor([-255]),['n']
49.0,46.85526654896148,49.342544700566755,49.874834015123525,"tensor([[0.5000]], dtype=torch.float64)",tensor([-255]),['n']
45.0,46.38108836354959,45.25068753639567,45.51223373693464,"tensor([[0.5000]], dtype=torch.float64)",tensor([-255]),['n']
2.0,4.1872423247795885,2.184604160818071,2.2189413658366273,"tensor([[0.5000]], dtype=torch.float64)",tensor([-255]),['s']
30.0,27.32398035022057,29.70414779033588,29.313235285921976,"tensor([[0.5000]], dtype=torch.float64)",tensor([-255]),['s']
43.0,42.61402110465305,45.2308440493914,44.70926333848871,"tensor([[0.5000]], dtype=torch.float64)",tensor([-255]),['s']
36.0,36.857307976192345,36.01417535486542,36.261862757660076,"tensor([[0.5000]], dtype=torch.float64)",tensor([-255]),['s']
19.0,21.0077845108307,18.963784655628135,18.933829510863823,"tensor([[0.5000]], dtype=torch.float64)",tensor([-255]),['n']
32.0,28.49837625733874,32.163202883483244,29.214917341033253,"tensor([[0.5000]], dtype=torch.float64)",tensor([-255]),['n']
47.0,47.12934805178628,47.54884417828634,47.83264051570115,"tensor([[0.5000]], dtype=torch.float64)",tensor([-255]),['s']
9.0,8.915315529086921,8.911041822603115,9.903040643351762,"tensor([[0.5000]], dtype=torch.float64)",tensor([-255]),['n']
15.0,13.811288508424454,15.111276875939383,15.800907449424232,"tensor([[0.5000]], dtype=torch.float64)",tensor([-255]),['s']
48.0,37.39959690410741,48.418522421142995,48.3416187651881,"tensor([[0.5000]], dtype=torch.float64)",tensor([-255]),['s']
7.0,68.971005235055,6.666124779676655,6.653139478940964,"tensor([[0.5000]], dtype=torch.float64)",tensor([-255]),['n']
54.0,56.100196219282665,53.85101558279375,53.95020977498084,"tensor([[0.5000]], dtype=torch.float64)",tensor([-255]),['n']
69.0,67.93189258712806,69.08406266954799,66.00959121364019,"tensor([[0.5000]], dtype=torch.float64)",tensor([-255]),['s']
0.0,2.7603364109205195,61.82538693604709,0.0,"tensor([[0.5000]], dtype=torch.float64)",tensor([-255]),['s']
5.0,2.312720042689218,4.6657767462203745,4.96623248194958,"tensor([[0.5000]], dtype=torch.float64)",tensor([-255]),['s']
40.0,32.73708740798294,40.03944162324154,40.067968816137686,"tensor([[0.5000]], dtype=torch.float64)",tensor([-255]),['n']
22.0,24.019323097519212,22.447171777552306,22.08152132142271,"tensor([[0.5000]], dtype=torch.float64)",tensor([-255]),['s']
2.0,1.929761895257831,1.9787806053943755,1.5835737356277733,"tensor([[0.5000]], dtype=torch.float64)",tensor([-255]),['n']
3.0,2.4304143485960576,2.773170606016694,3.7778497119238983,"tensor([[0.5000]], dtype=torch.float64)",tensor([-255]),['n']
38.0,37.435671440704915,37.7646198928231,37.66346533464418,"tensor([[0.5000]], dtype=torch.float64)",tensor([-255]),['n']
39.0,36.94193808980198,38.72913856362179,39.093226082304746,"tensor([[0.5000]], dtype=torch.float64)",tensor([-255]),['s']
52.0,50.62349144127896,52.24793720747436,52.10741134327026,"tensor([[0.5000]], dtype=torch.float64)",tensor([-255]),['n']
39.0,40.237717772809034,39.64773009599015,39.399365356994814,"tensor([[0.5000]], dtype=torch.float64)",tensor([-255]),['s']
60.0,59.040958655330854,58.96823650108539,58.949416832140095,"tensor([[0.5000]], dtype=torch.float64)",tensor([-255]),['s']
51.0,29.38244508796707,51.60130060255179,51.77480965513639,"tensor([[0.5000]], dtype=torch.float64)",tensor([-255]),['s']
56.0,56.10568555537644,55.765773967227595,55.74581147320034,"tensor([[0.5000]], dtype=torch.float64)",tensor([-255]),['n']
17.0,19.093950476163716,17.15308493401368,17.121129057146376,"tensor([[0.5000]], dtype=torch.float64)",tensor([-255]),['n']
58.0,59.11320056148106,57.34183357155775,57.097575177551654,"tensor([[0.5000]], dtype=torch.float64)",tensor([-255]),['s']
60.0,61.95138543858765,59.76744954312853,59.27289714133121,"tensor([[0.5000]], dtype=torch.float64)",tensor([-255]),['s']
22.0,21.762025111730054,22.114524342936125,21.960705924467124,"tensor([[0.5000]], dtype=torch.float64)",tensor([-255]),['n']
20.0,19.99460727897014,20.05154761222754,19.971217075262985,"tensor([[0.5000]], dtype=torch.float64)",tensor([-255]),['n']
49.0,45.29376916347638,50.64301871490931,50.22753915743149,"tensor([[0.5000]], dtype=torch.float64)",tensor([-255]),['s']
65.0,65.79271708873105,64.25325037005649,64.01318969295968,"tensor([[0.5000]], dtype=torch.float64)",tensor([-255]),['n']
4.0,2.368768868388926,4.12122216570236,4.312514715716332,"tensor([[0.5000]], dtype=torch.float64)",tensor([-255]),['n']
66.0,63.952150620980866,65.75304748692774,65.81326025655791,"tensor([[0.5000]], dtype=torch.float64)",tensor([-255]),['n']
17.0,17.270850645666037,17.243353511593376,17.11764884941131,"tensor([[0.5000]], dtype=torch.float64)",tensor([-255]),['s']
69.0,68.0046198995277,68.44689548052668,67.71982813972559,"tensor([[0.5000]], dtype=torch.float64)",tensor([-255]),['s']
65.0,67.1426606459285,64.53610527092592,64.56177223577423,"tensor([[0.5000]], dtype=torch.float64)",tensor([-255]),['n']
57.0,32.13749605138618,56.97931603462151,56.967077057107915,"tensor([[0.5000]], dtype=torch.float64)",tensor([-255]),['n']
36.0,28.227961912182604,35.57247419734307,35.80792728407326,"tensor([[0.5000]], dtype=torch.float64)",tensor([-255]),['n']
26.0,37.635009357777214,25.94415189829832,25.29298857946021,"tensor([[0.5000]], dtype=torch.float64)",tensor([-255]),['n']
21.0,20.07696719217253,20.923633882582806,21.040935780605484,"tensor([[0.5000]], dtype=torch.float64)",tensor([-255]),['n']
70.0,70.47476428271645,59.61311774460865,64.55792653024972,"tensor([[0.5000]], dtype=torch.float64)",tensor([-255]),['s']
24.0,25.866379998471643,23.86183895802878,23.967070784460415,"tensor([[0.5000]], dtype=torch.float64)",tensor([-255]),['n']
63.0,62.778292332174985,62.20448649256528,62.21349482411876,"tensor([[0.5000]], dtype=torch.float64)",tensor([-255]),['n']
41.0,35.03543805810215,41.33234829924905,42.70019675985593,"tensor([[0.5000]], dtype=torch.float64)",tensor([-255]),['n']
44.0,45.13720687147962,44.67735699995161,44.780831887083416,"tensor([[0.5000]], dtype=torch.float64)",tensor([-255]),['n']
0.0,6.950544459740279,0.03825986335649504,0.0,"tensor([[0.5000]], dtype=torch.float64)",tensor([-255]),['n']
45.0,44.75365414671336,46.05329514765303,46.448664033012925,"tensor([[0.5000]], dtype=torch.float64)",tensor([-255]),['s']
48.0,47.98033469584168,48.10936895070742,49.73635865139515,"tensor([[0.5000]], dtype=torch.float64)",tensor([-255]),['s']
10.0,9.853394138192696,11.453474606852968,11.152833731291082,"tensor([[0.5000]], dtype=torch.float64)",tensor([-255]),['s']
58.0,59.226639567536466,57.54787888109405,57.09548773583139,"tensor([[0.5000]], dtype=torch.float64)",tensor([-255]),['n']
43.0,35.9966238217861,44.701417543032406,44.94547245953898,"tensor([[0.5000]], dtype=torch.float64)",tensor([-255]),['s']
6.0,8.499416282458728,6.418734021091005,6.114371417243229,"tensor([[0.5000]], dtype=torch.float64)",tensor([-255]),['s']
35.0,36.52355031205047,34.97831267769065,35.02998799022025,"tensor([[0.5000]], dtype=torch.float64)",tensor([-255]),['n']
7.0,7.2111393737952465,7.125666274667253,7.017498493962779,"tensor([[0.5000]], dtype=torch.float64)",tensor([-255]),['s']
54.0,8.007818254364365,54.124360528252645,54.160489281554874,"tensor([[0.5000]], dtype=torch.float64)",tensor([-255]),['n']
66.0,65.73941910926015,65.3649908298077,65.28972479649536,"tensor([[0.5000]], dtype=torch.float64)",tensor([-255]),['n']
22.0,26.152249485852344,21.514236932485336,21.811172280738408,"tensor([[0.5000]], dtype=torch.float64)",tensor([-255]),['n']
52.0,52.682131022946294,52.49925013499944,52.413554051060665,"tensor([[0.5000]], dtype=torch.float64)",tensor([-255]),['s']
0.0,0.8341347417986413,0.0,0.05958672100271891,"tensor([[0.5000]], dtype=torch.float64)",tensor([-255]),['n']
59.0,56.90605074271959,58.62017179099658,58.13597045920549,"tensor([[0.5000]], dtype=torch.float64)",tensor([-255]),['n']
16.0,52.06178807165461,15.947117115308178,16.079029709139807,"tensor([[0.5000]], dtype=torch.float64)",tensor([-255]),['s']
4.0,5.518165001031116,3.619362746413449,4.043649415555165,"tensor([[0.5000]], dtype=torch.float64)",tensor([-255]),['s']
66.0,66.4241012653172,65.66348621772057,65.8239594351324,"tensor([[0.5000]], dtype=torch.float64)",tensor([-255]),['s']
30.0,35.02265268800854,30.31232924944723,29.463481700968885,"tensor([[0.5000]], dtype=torch.float64)",tensor([-255]),['n']
62.0,59.183901410096254,61.59188201102124,61.379046403517556,"tensor([[0.5000]], dtype=torch.float64)",tensor([-255]),['n']
27.0,27.272055823306033,27.20700229198119,27.061352135087585,"tensor([[0.5000]], dtype=torch.float64)",tensor([-255]),['s']
3.0,7.91681004031904,2.857693842072987,3.0395898130533574,"tensor([[0.5000]], dtype=torch.float64)",tensor([-255]),['n']
10.0,49.00104019643736,9.700881211545832,11.239780442947376,"tensor([[0.5000]], dtype=torch.float64)",tensor([-255]),['s']
31.0,24.618056127599413,23.894028766085157,29.394074753284034,"tensor([[0.5000]], dtype=torch.float64)",tensor([-255]),['s']
10.0,9.760258457055764,10.132672858941143,10.56584050196532,"tensor([[0.5000]], dtype=torch.float64)",tensor([-255]),['n']
19.0,20.58276789802371,19.08281401032534,19.08508903234111,"tensor([[0.5000]], dtype=torch.float64)",tensor([-255]),['s']
2.0,1.8993791738559456,1.5899828625103092,1.1110180825289322,"tensor([[0.5000]], dtype=torch.float64)",tensor([-255]),['n']
71.0,70.99080706747236,71.0,71.0,"tensor([[0.5000]], dtype=torch.float64)",tensor([-255]),['s']
68.0,68.35359303445313,67.72005222416219,67.82773870518274,"tensor([[0.5000]], dtype=torch.float64)",tensor([-255]),['n']
28.0,27.360187526568847,27.670347755014223,27.8974624022793,"tensor([[0.5000]], dtype=torch.float64)",tensor([-255]),['s']
38.0,34.7712716253846,38.08424165858998,38.232278515918885,"tensor([[0.5000]], dtype=torch.float64)",tensor([-255]),['n']
40.0,35.99493338563714,40.039101131158084,40.295623278725486,"tensor([[0.5000]], dtype=torch.float64)",tensor([-255]),['n']
30.0,58.94342543338676,30.615469273721104,29.710873665213015,"tensor([[0.5000]], dtype=torch.float64)",tensor([-255]),['s']
69.0,2.055652614679408,68.45617545796796,68.11327060459055,"tensor([[0.5000]], dtype=torch.float64)",tensor([-255]),['n']
28.0,25.3195638482414,24.801030670692523,27.93943166804041,"tensor([[0.5000]], dtype=torch.float64)",tensor([-255]),['s']
40.0,38.41545809476007,40.11888154889149,40.123684128269566,"tensor([[0.5000]], dtype=torch.float64)",tensor([-255]),['s']
52.0,51.204962638347666,52.39379489579286,52.18117233299122,"tensor([[0.5000]], dtype=torch.float64)",tensor([-255]),['n']
62.0,65.05790778174182,61.191344945079436,60.65042533839891,"tensor([[0.5000]], dtype=torch.float64)",tensor([-255]),['n']
0.0,0.45681154474063906,0.0,0.06670078322133828,"tensor([[0.5000]], dtype=torch.float64)",tensor([-255]),['s']
1.0,2.4704356124677487,1.2095763995083046,2.108963963039093,"tensor([[0.5000]], dtype=torch.float64)",tensor([-255]),['n']
2.0,4.631280952956301,1.7154860395434373,1.7168735517597975,"tensor([[0.5000]], dtype=torch.float64)",tensor([-255]),['s']
14.0,16.585846242399334,13.894965293485635,14.277603484885576,"tensor([[0.5000]], dtype=torch.float64)",tensor([-255]),['s']
37.0,37.31599245913989,37.15546174494842,36.80985623314892,"tensor([[0.5000]], dtype=torch.float64)",tensor([-255]),['n']
62.0,62.10486040922881,61.17833163182271,60.806515745816164,"tensor([[0.5000]], dtype=torch.float64)",tensor([-255]),['s']
58.0,24.260348400261016,57.330529906202614,56.9954516430598,"tensor([[0.5000]], dtype=torch.float64)",tensor([-255]),['n']
51.0,50.83225675352985,51.39240567707598,51.74701434459812,"tensor([[0.5000]], dtype=torch.float64)",tensor([-255]),['s']
51.0,50.07647995026391,51.42722476702998,51.51533355824514,"tensor([[0.5000]], dtype=torch.float64)",tensor([-255]),['n']
52.0,53.91754848744321,52.25647343292605,52.188923183211166,"tensor([[0.5000]], dtype=torch.float64)",tensor([-255]),['n']
49.0,48.82903230807796,49.47755981103404,49.88453587323558,"tensor([[0.5000]], dtype=torch.float64)",tensor([-255]),['s']
12.0,10.225358969993188,11.688605379642324,11.753426673948827,"tensor([[0.5000]], dtype=torch.float64)",tensor([-255]),['s']
35.0,33.29249455143185,34.532461147795395,34.070372745326495,"tensor([[0.5000]], dtype=torch.float64)",tensor([-255]),['n']
35.0,40.47586925564575,35.1104745423682,34.47543340483632,"tensor([[0.5000]], dtype=torch.float64)",tensor([-255]),['n']
0.0,0.6218998182531169,0.0,0.0,"tensor([[0.5000]], dtype=torch.float64)",tensor([-255]),['s']
59.0,59.358898167052544,58.66934161366297,58.191376011620335,"tensor([[0.5000]], dtype=torch.float64)",tensor([-255]),['s']
18.0,19.294800858854856,17.915218656279183,17.955973627251083,"tensor([[0.5000]], dtype=torch.float64)",tensor([-255]),['n']
41.0,41.18218569063712,41.52623184012661,41.23706190265614,"tensor([[0.5000]], dtype=torch.float64)",tensor([-255]),['s']
3.0,2.188391791855401,2.870755235959022,2.9617361787879752,"tensor([[0.5000]], dtype=torch.float64)",tensor([-255]),['n']
2.0,9.508291752860949,1.6879347570712087,1.761032953941925,"tensor([[0.5000]], dtype=torch.float64)",tensor([-255]),['n']
16.0,15.661064151366489,16.06996615616243,16.048741217057827,"tensor([[0.5000]], dtype=torch.float64)",tensor([-255]),['n']
29.0,27.08267790095672,29.20800079680697,29.062356555303065,"tensor([[0.5000]], dtype=torch.float64)",tensor([-255]),['n']
1.0,2.706507512304495,0.9956322496313819,1.021242360037875,"tensor([[0.5000]], dtype=torch.float64)",tensor([-255]),['s']
16.0,14.399333718281873,15.631682403669936,15.583888547995732,"tensor([[0.5000]], dtype=torch.float64)",tensor([-255]),['s']
66.0,63.59302804398894,65.28342285230656,64.7052972227825,"tensor([[0.5000]], dtype=torch.float64)",tensor([-255]),['s']
47.0,44.83928359445663,47.54514818883099,47.795251922297815,"tensor([[0.5000]], dtype=torch.float64)",tensor([-255]),['n']
3.0,4.489686000462891,2.9782712077356353,2.515496242706784,"tensor([[0.5000]], dtype=torch.float64)",tensor([-255]),['n']
25.0,27.093860266177135,25.286311705753313,24.732890606660725,"tensor([[0.5000]], dtype=torch.float64)",tensor([-255]),['s']
42.0,45.00285170443077,42.28279710772532,42.218403494397855,"tensor([[0.5000]], dtype=torch.float64)",tensor([-255]),['n']
18.0,16.125841503131372,17.94687962472517,17.99311663915125,"tensor([[0.5000]], dtype=torch.float64)",tensor([-255]),['n']
11.0,69.94072926349403,11.136367337871791,11.84728464018742,"tensor([[0.5000]], dtype=torch.float64)",tensor([-255]),['n']
49.0,47.9365680621746,49.58066040327426,49.8671897353427,"tensor([[0.5000]], dtype=torch.float64)",tensor([-255]),['s']
54.0,56.09691470868013,54.00104878144199,54.01497169002785,"tensor([[0.5000]], dtype=torch.float64)",tensor([-255]),['s']
54.0,57.11008337934624,54.09516344790499,54.01574363910105,"tensor([[0.5000]], dtype=torch.float64)",tensor([-255]),['n']
39.0,35.604225852340875,39.55468458923985,40.03314769187208,"tensor([[0.5000]], dtype=torch.float64)",tensor([-255]),['n']
28.0,28.166942650764774,28.219540428962972,27.99245795704876,"tensor([[0.5000]], dtype=torch.float64)",tensor([-255]),['s']
22.0,27.03800113810478,22.08394798568044,21.944749238866166,"tensor([[0.5000]], dtype=torch.float64)",tensor([-255]),['s']
54.0,54.038849733450775,54.25494842473073,54.118061007541144,"tensor([[0.5000]], dtype=torch.float64)",tensor([-255]),['n']
24.0,23.07494374459648,23.852035704674044,23.490649492586197,"tensor([[0.5000]], dtype=torch.float64)",tensor([-255]),['s']
63.0,62.13403216868696,62.32183066971948,61.96615423169357,"tensor([[0.5000]], dtype=torch.float64)",tensor([-255]),['s']
32.0,32.439646361581175,32.59500749472231,32.68161754757286,"tensor([[0.5000]], dtype=torch.float64)",tensor([-255]),['n']
60.0,57.75025230650297,59.86134160894334,59.001369288417756,"tensor([[0.5000]], dtype=torch.float64)",tensor([-255]),['n']
46.0,45.1739247162611,46.20267529325709,46.05403231840365,"tensor([[0.5000]], dtype=torch.float64)",tensor([-255]),['s']
10.0,10.188737258229743,10.091852733369238,10.117367174490553,"tensor([[0.5000]], dtype=torch.float64)",tensor([-255]),['n']
26.0,26.988359749562306,25.892134642330724,25.15919479285896,"tensor([[0.5000]], dtype=torch.float64)",tensor([-255]),['s']
58.0,56.6531816553693,57.79467117948587,57.80540920607953,"tensor([[0.5000]], dtype=torch.float64)",tensor([-255]),['s']
34.0,32.28158260989265,34.02519390473955,33.9863896077956,"tensor([[0.5000]], dtype=torch.float64)",tensor([-255]),['n']
63.0,1.1168648357753004,62.16869817483122,61.8871588884598,"tensor([[0.5000]], dtype=torch.float64)",tensor([-255]),['s']
58.0,59.55485255883926,57.638285293907316,57.10903470913354,"tensor([[0.5000]], dtype=torch.float64)",tensor([-255]),['s']
18.0,19.94917096742448,17.955773270855413,17.985023615551743,"tensor([[0.5000]], dtype=torch.float64)",tensor([-255]),['n']
37.0,39.72370637002438,48.78332984190398,38.36960696555768,"tensor([[0.5000]], dtype=torch.float64)",tensor([-255]),['s']
15.0,11.764522051124096,15.382224642597095,15.750158858044093,"tensor([[0.5000]], dtype=torch.float64)",tensor([-255]),['n']
14.0,46.24490144143675,13.676752064372442,13.91903783373535,"tensor([[0.5000]], dtype=torch.float64)",tensor([-255]),['s']
61.0,66.00231332823148,60.48230003773568,60.12154455620023,"tensor([[0.5000]], dtype=torch.float64)",tensor([-255]),['n']
62.0,2.647266783117637,61.33286337209506,60.762617219871764,"tensor([[0.5000]], dtype=torch.float64)",tensor([-255]),['n']
41.0,40.03193357821374,41.598946702512436,41.611235091429876,"tensor([[0.5000]], dtype=torch.float64)",tensor([-255]),['s']
12.0,13.304773807603212,11.791228727533566,11.460961635561292,"tensor([[0.5000]], dtype=torch.float64)",tensor([-255]),['s']
56.0,56.142308459731225,55.77123139061524,55.95871208835668,"tensor([[0.5000]], dtype=torch.float64)",tensor([-255]),['s']
29.0,38.87073684061379,29.078982305054797,28.964354397222888,"tensor([[0.5000]], dtype=torch.float64)",tensor([-255]),['n']
8.0,7.4858867444979165,7.956724784998697,8.07260992424431,"tensor([[0.5000]], dtype=torch.float64)",tensor([-255]),['s']
70.0,65.96280827127454,69.78254668722458,69.77890167401931,"tensor([[0.5000]], dtype=torch.float64)",tensor([-255]),['s']
28.0,12.898705165055997,28.192860354812638,28.078313962290952,"tensor([[0.5000]], dtype=torch.float64)",tensor([-255]),['n']
3.0,4.5118689332578175,3.057385604443378,4.686677390134115,"tensor([[0.5000]], dtype=torch.float64)",tensor([-255]),['n']
1.0,1.6402523427021476,0.7609782303082848,0.6040379935445452,"tensor([[0.5000]], dtype=torch.float64)",tensor([-255]),['n']
5.0,7.172982210046792,4.741003446432136,4.897997233538733,"tensor([[0.5000]], dtype=torch.float64)",tensor([-255]),['n']
8.0,9.846547874303068,7.945154206869485,7.869951811995733,"tensor([[0.5000]], dtype=torch.float64)",tensor([-255]),['s']
39.0,38.15822850487562,39.2107482538053,39.24048677095065,"tensor([[0.5000]], dtype=torch.float64)",tensor([-255]),['s']
17.0,19.510849342360622,17.014728144785895,17.05813697546842,"tensor([[0.5000]], dtype=torch.float64)",tensor([-255]),['s']
70.0,70.25308492353071,69.80993072743244,69.17779631217911,"tensor([[0.5000]], dtype=torch.float64)",tensor([-255]),['n']
55.0,55.18426671681946,54.90222672718053,54.74051427675725,"tensor([[0.5000]], dtype=torch.float64)",tensor([-255]),['s']
23.0,23.758171760066425,23.071367556278357,22.99503660553673,"tensor([[0.5000]], dtype=torch.float64)",tensor([-255]),['s']
4.0,7.616563689541514,3.820852268235436,3.9314096428696192,"tensor([[0.5000]], dtype=torch.float64)",tensor([-255]),['n']
23.0,21.903636701174428,22.86027172489034,22.139458444345053,"tensor([[0.5000]], dtype=torch.float64)",tensor([-255]),['n']
45.0,42.89538002447356,45.55611294886623,46.111118402762294,"tensor([[0.5000]], dtype=torch.float64)",tensor([-255]),['n']
18.0,14.795477223347316,18.05079849340177,18.00686421246653,"tensor([[0.5000]], dtype=torch.float64)",tensor([-255]),['n']
13.0,69.2107357576443,12.977018725547863,13.008226886717452,"tensor([[0.5000]], dtype=torch.float64)",tensor([-255]),['n']
49.0,32.678454754670334,49.46117526797168,49.843010812279864,"tensor([[0.5000]], dtype=torch.float64)",tensor([-255]),['s']
45.0,45.69476856220092,45.25485512260212,45.89913070795419,"tensor([[0.5000]], dtype=torch.float64)",tensor([-255]),['n']
27.0,29.805027726155707,26.704230561740047,26.672575030243923,"tensor([[0.5000]], dtype=torch.float64)",tensor([-255]),['s']
17.0,18.820921999478635,16.343919346515936,16.669627480034034,"tensor([[0.5000]], dtype=torch.float64)",tensor([-255]),['s']
70.0,69.8443802285567,70.06400642212701,69.7429832045589,"tensor([[0.5000]], dtype=torch.float64)",tensor([-255]),['n']
18.0,19.004583061330617,17.55415852862655,17.753906341695956,"tensor([[0.5000]], dtype=torch.float64)",tensor([-255]),['s']
9.0,9.952973094691163,8.676854004182173,8.895491147866055,"tensor([[0.5000]], dtype=torch.float64)",tensor([-255]),['n']
33.0,35.99741342633892,33.03788996900404,32.90028898858435,"tensor([[0.5000]], dtype=torch.float64)",tensor([-255]),['n']
1.0,1.4161925885558435,0.3384630530222259,1.7594439173239071,"tensor([[0.5000]], dtype=torch.float64)",tensor([-255]),['s']
38.0,42.92319269867174,38.762361874929915,38.76562338376533,"tensor([[0.5000]], dtype=torch.float64)",tensor([-255]),['s']
13.0,15.045937411369469,12.751006353303703,12.943715857012695,"tensor([[0.5000]], dtype=torch.float64)",tensor([-255]),['s']
18.0,42.35902277518326,17.94924069194034,18.010277169448525,"tensor([[0.5000]], dtype=torch.float64)",tensor([-255]),['n']
6.0,4.069048816231824,5.693862200484577,5.955333273525334,"tensor([[0.5000]], dtype=torch.float64)",tensor([-255]),['n']
11.0,13.926501569768435,10.995119998920446,11.207921355185997,"tensor([[0.5000]], dtype=torch.float64)",tensor([-255]),['s']
66.0,59.56751379326464,66.03919688358053,65.51513047295161,"tensor([[0.5000]], dtype=torch.float64)",tensor([-255]),['s']
41.0,37.105086475897394,40.87660836966043,41.640379540891935,"tensor([[0.5000]], dtype=torch.float64)",tensor([-255]),['n']
57.0,59.016034437560926,56.76617379822855,56.860024813387795,"tensor([[0.5000]], dtype=torch.float64)",tensor([-255]),['s']
43.0,43.46217693421693,43.95805798462785,44.38531430942904,"tensor([[0.5000]], dtype=torch.float64)",tensor([-255]),['s']
41.0,40.99458206820226,41.27859960939296,41.75384970485651,"tensor([[0.5000]], dtype=torch.float64)",tensor([-255]),['n']
61.0,59.690142217401885,60.356418370748926,59.36623946303776,"tensor([[0.5000]], dtype=torch.float64)",tensor([-255]),['n']
3.0,6.190439581206398,3.0903111286209386,3.0851894917070934,"tensor([[0.5000]], dtype=torch.float64)",tensor([-255]),['n']
68.0,66.70193965396828,67.36440640815536,67.55693825788141,"tensor([[0.5000]], dtype=torch.float64)",tensor([-255]),['n']
49.0,48.52751356124285,49.35605936934147,49.30102243544857,"tensor([[0.5000]], dtype=torch.float64)",tensor([-255]),['n']
39.0,35.783842225455686,39.506147286757276,39.44270756854184,"tensor([[0.5000]], dtype=torch.float64)",tensor([-255]),['n']
32.0,30.311910042402666,32.11484996473713,31.50542062023163,"tensor([[0.5000]], dtype=torch.float64)",tensor([-255]),['n']
24.0,39.42929905813068,23.877479918941944,23.919308521676697,"tensor([[0.5000]], dtype=torch.float64)",tensor([-255]),['s']
7.0,9.053568078694685,6.8690027552347726,6.916136882253134,"tensor([[0.5000]], dtype=torch.float64)",tensor([-255]),['n']
21.0,42.991969408900644,21.34332913413105,21.024133100863068,"tensor([[0.5000]], dtype=torch.float64)",tensor([-255]),['n']
54.0,56.866487956643724,53.85698839819493,53.910454338606066,"tensor([[0.5000]], dtype=torch.float64)",tensor([-255]),['n']
38.0,41.42606706703182,37.919307779262105,38.052073087818954,"tensor([[0.5000]], dtype=torch.float64)",tensor([-255]),['s']
46.0,48.00868320586089,46.480544277359435,47.8494273548386,"tensor([[0.5000]], dtype=torch.float64)",tensor([-255]),['s']
9.0,10.938200692357777,8.5888505453068,8.799671644025196,"tensor([[0.5000]], dtype=torch.float64)",tensor([-255]),['s']
70.0,70.40114752782661,70.13185101644515,69.46863041309881,"tensor([[0.5000]], dtype=torch.float64)",tensor([-255]),['s']
66.0,64.26620476505086,64.94875214062901,64.90131200252726,"tensor([[0.5000]], dtype=torch.float64)",tensor([-255]),['s']
40.0,39.98183645403888,40.41892254477664,40.2588303696875,"tensor([[0.5000]], dtype=torch.float64)",tensor([-255]),['s']
22.0,23.165939172159867,22.156072846199947,22.07656706927873,"tensor([[0.5000]], dtype=torch.float64)",tensor([-255]),['n']
1.0,70.6045068927575,62.67112611183446,0.5598333678921537,"tensor([[0.5000]], dtype=torch.float64)",tensor([-255]),['s']
8.0,10.106234631871947,8.165665758240563,9.624168208962997,"tensor([[0.5000]], dtype=torch.float64)",tensor([-255]),['n']
48.0,45.74457682391184,48.86610801972096,49.04794913334164,"tensor([[0.5000]], dtype=torch.float64)",tensor([-255]),['n']
45.0,44.9135314835838,45.31501705751647,45.34954880648456,"tensor([[0.5000]], dtype=torch.float64)",tensor([-255]),['s']
16.0,15.197651877760968,15.76049048483993,15.831227125647526,"tensor([[0.5000]], dtype=torch.float64)",tensor([-255]),['n']
50.0,46.59563376676586,50.334292510771235,50.27621051700745,"tensor([[0.5000]], dtype=torch.float64)",tensor([-255]),['s']
25.0,24.24865336346347,24.707696472304054,24.655968165590494,"tensor([[0.5000]], dtype=torch.float64)",tensor([-255]),['s']
56.0,55.19853613641939,55.522548219259185,55.44523917510788,"tensor([[0.5000]], dtype=torch.float64)",tensor([-255]),['s']
41.0,40.83499972027859,41.95402260930534,42.59723801084247,"tensor([[0.5000]], dtype=torch.float64)",tensor([-255]),['s']
0.0,63.74762348924058,0.23844023793832655,0.1328815756865383,"tensor([[0.5000]], dtype=torch.float64)",tensor([-255]),['s']
27.0,30.042173313845332,27.120450798646118,27.14946285881765,"tensor([[0.5000]], dtype=torch.float64)",tensor([-255]),['s']
21.0,20.164698824386868,21.076376183447017,21.166402497062574,"tensor([[0.5000]], dtype=torch.float64)",tensor([-255]),['s']
38.0,36.87519954211436,38.478004332385325,38.28126061597575,"tensor([[0.5000]], dtype=torch.float64)",tensor([-255]),['s']
13.0,13.905088388884892,13.08912200511968,13.041344805649201,"tensor([[0.5000]], dtype=torch.float64)",tensor([-255]),['n']
53.0,54.25581254921592,53.16179117186703,53.04813772308491,"tensor([[0.5000]], dtype=torch.float64)",tensor([-255]),['n']
58.0,56.81788060988288,57.58134097875442,57.2179516658661,"tensor([[0.5000]], dtype=torch.float64)",tensor([-255]),['n']
36.0,34.07142830850981,36.300718360843106,36.38490168236929,"tensor([[0.5000]], dtype=torch.float64)",tensor([-255]),['s']
52.0,27.140980345044284,52.199482363954054,52.38006398407574,"tensor([[0.5000]], dtype=torch.float64)",tensor([-255]),['n']
26.0,26.6582101262137,25.582816858281028,25.39950430759129,"tensor([[0.5000]], dtype=torch.float64)",tensor([-255]),['s']
66.0,68.896878674009,65.8765163237624,65.67563655540563,"tensor([[0.5000]], dtype=torch.float64)",tensor([-255]),['n']
24.0,27.840208003105893,24.533140838168737,23.11690103958701,"tensor([[0.5000]], dtype=torch.float64)",tensor([-255]),['s']
35.0,39.92965527966144,35.18853210464835,34.96688903463155,"tensor([[0.5000]], dtype=torch.float64)",tensor([-255]),['n']
45.0,46.01531523299661,45.345545377014766,45.29279155521593,"tensor([[0.5000]], dtype=torch.float64)",tensor([-255]),['n']
0.0,4.245269539299846,0.08872591651875929,71.0,"tensor([[0.5000]], dtype=torch.float64)",tensor([-255]),['s']
27.0,28.523550413404294,26.736457788561438,24.14618966572007,"tensor([[0.5000]], dtype=torch.float64)",tensor([-255]),['s']
3.0,4.927012393360798,2.765922525207047,2.9025469458961455,"tensor([[0.5000]], dtype=torch.float64)",tensor([-255]),['n']
36.0,29.283550720280196,36.039909493270315,36.2834199223724,"tensor([[0.5000]], dtype=torch.float64)",tensor([-255]),['n']
28.0,25.3088244896447,28.318539358692306,28.44901007865959,"tensor([[0.5000]], dtype=torch.float64)",tensor([-255]),['s']
7.0,5.533694619339242,6.847254535992666,7.060816319594139,"tensor([[0.5000]], dtype=torch.float64)",tensor([-255]),['n']
52.0,52.86582891629864,52.38376871196351,52.23300711136708,"tensor([[0.5000]], dtype=torch.float64)",tensor([-255]),['s']
40.0,41.57344578543787,40.41447022414452,39.4972729184287,"tensor([[0.5000]], dtype=torch.float64)",tensor([-255]),['s']
27.0,26.99214313122091,26.949142564344047,27.61613865334719,"tensor([[0.5000]], dtype=torch.float64)",tensor([-255]),['n']
44.0,45.574281960651355,44.421492469044956,44.73857603241665,"tensor([[0.5000]], dtype=torch.float64)",tensor([-255]),['s']
42.0,40.14442500567094,42.903133197122536,42.944681185474785,"tensor([[0.5000]], dtype=torch.float64)",tensor([-255]),['n']
9.0,11.014403804219917,8.564747135339912,8.958127763373072,"tensor([[0.5000]], dtype=torch.float64)",tensor([-255]),['s']
44.0,45.84006807566741,44.28384642725125,44.31755325449933,"tensor([[0.5000]], dtype=torch.float64)",tensor([-255]),['s']
69.0,0.955673063072425,68.9786111756874,68.99828360461002,"tensor([[0.5000]], dtype=torch.float64)",tensor([-255]),['s']
24.0,25.858603140236458,23.742589907704144,23.835626282410875,"tensor([[0.5000]], dtype=torch.float64)",tensor([-255]),['s']
35.0,31.923304975275407,35.270068753821114,35.306662015016464,"tensor([[0.5000]], dtype=torch.float64)",tensor([-255]),['n']
49.0,51.38583014008488,49.23332494277859,49.293900831223475,"tensor([[0.5000]], dtype=torch.float64)",tensor([-255]),['n']
71.0,70.95866348794885,70.90481877363192,70.83344609545144,"tensor([[0.5000]], dtype=torch.float64)",tensor([-255]),['n']
38.0,37.974600307757065,37.34611685337599,37.76890450242747,"tensor([[0.5000]], dtype=torch.float64)",tensor([-255]),['n']
30.0,30.421207881244545,29.836839955026527,29.276690973657075,"tensor([[0.5000]], dtype=torch.float64)",tensor([-255]),['s']
12.0,63.5326415748207,12.21269489878306,12.34414740519208,"tensor([[0.5000]], dtype=torch.float64)",tensor([-255]),['s']
67.0,1.6324208966408646,66.42451138328157,65.9347864548264,"tensor([[0.5000]], dtype=torch.float64)",tensor([-255]),['s']
46.0,35.9518674245999,46.81325425669504,48.03675165128048,"tensor([[0.5000]], dtype=torch.float64)",tensor([-255]),['s']
7.0,6.936179796595849,7.11728002463657,7.32027740767013,"tensor([[0.5000]], dtype=torch.float64)",tensor([-255]),['s']
50.0,50.99602627086044,50.340106646989646,50.51987794559075,"tensor([[0.5000]], dtype=torch.float64)",tensor([-255]),['n']
51.0,49.60903117055155,51.80605116060058,52.04882290873991,"tensor([[0.5000]], dtype=torch.float64)",tensor([-255]),['s']
30.0,34.64460381330355,24.853138180256025,26.173765650872852,"tensor([[0.5000]], dtype=torch.float64)",tensor([-255]),['s']
22.0,22.514854347756405,23.02771848766569,22.342992492108234,"tensor([[0.5000]], dtype=torch.float64)",tensor([-255]),['s']
61.0,59.14519521474121,60.92669895471049,60.78759235645393,"tensor([[0.5000]], dtype=torch.float64)",tensor([-255]),['n']
15.0,11.046584699150088,15.06327951676114,15.029870654356888,"tensor([[0.5000]], dtype=torch.float64)",tensor([-255]),['n']
34.0,34.79571715247606,34.25395018206127,34.09068966194495,"tensor([[0.5000]], dtype=torch.float64)",tensor([-255]),['s']
13.0,12.16316818554408,13.137250887782287,13.851405938311702,"tensor([[0.5000]], dtype=torch.float64)",tensor([-255]),['n']
15.0,15.11792869894295,14.83476422683066,14.860192878507307,"tensor([[0.5000]], dtype=torch.float64)",tensor([-255]),['s']
4.0,69.69467379143072,3.3221577408332834,3.505577228012747,"tensor([[0.5000]], dtype=torch.float64)",tensor([-255]),['n']
32.0,32.15709944895654,33.47371535375924,34.733301632894815,"tensor([[0.5000]], dtype=torch.float64)",tensor([-255]),['s']
66.0,67.23764265945643,61.96004445900282,64.88547572376494,"tensor([[0.5000]], dtype=torch.float64)",tensor([-255]),['s']
34.0,35.124214334302295,34.03319538685903,33.96353390237742,"tensor([[0.5000]], dtype=torch.float64)",tensor([-255]),['n']
68.0,69.40562191709004,68.05910048790334,67.0271515703871,"tensor([[0.5000]], dtype=torch.float64)",tensor([-255]),['s']
26.0,28.011159957390767,26.205411806414325,25.178458215990172,"tensor([[0.5000]], dtype=torch.float64)",tensor([-255]),['n']
31.0,28.252033415499064,31.335396944056935,28.967757907206096,"tensor([[0.5000]], dtype=torch.float64)",tensor([-255]),['n']
11.0,9.996631799068663,10.61759263704685,10.820853771824892,"tensor([[0.5000]], dtype=torch.float64)",tensor([-255]),['n']
4.0,3.3852807617698697,4.253220429353303,4.965387780870577,"tensor([[0.5000]], dtype=torch.float64)",tensor([-255]),['n']
19.0,19.298547705065406,19.090733282703003,19.042634824443567,"tensor([[0.5000]], dtype=torch.float64)",tensor([-255]),['s']
46.0,44.97035126176928,46.29684829743119,46.42462075557289,"tensor([[0.5000]], dtype=torch.float64)",tensor([-255]),['n']
2.0,5.5971830864456695,1.4729583065737606,1.0000425248210645,"tensor([[0.5000]], dtype=torch.float64)",tensor([-255]),['n']
10.0,8.791414392940167,10.006984432157385,10.122887455082353,"tensor([[0.5000]], dtype=torch.float64)",tensor([-255]),['s']
40.0,42.79099208582049,45.12757681956549,42.584689117925436,"tensor([[0.5000]], dtype=torch.float64)",tensor([-255]),['s']
59.0,60.63650420884392,58.134522962731246,57.95591006686799,"tensor([[0.5000]], dtype=torch.float64)",tensor([-255]),['s']
16.0,14.327667464306543,15.810387247022387,15.937126655695247,"tensor([[0.5000]], dtype=torch.float64)",tensor([-255]),['n']
32.0,33.699908469757645,32.396773657149254,31.112644782318323,"tensor([[0.5000]], dtype=torch.float64)",tensor([-255]),['n']
15.0,12.864134712250848,15.089645935258142,15.041994572528102,"tensor([[0.5000]], dtype=torch.float64)",tensor([-255]),['n']
22.0,25.027892150458786,21.770174295582365,21.81684065910162,"tensor([[0.5000]], dtype=torch.float64)",tensor([-255]),['n']
19.0,16.991266739025086,18.99803082227765,19.009518038547693,"tensor([[0.5000]], dtype=torch.float64)",tensor([-255]),['n']
62.0,2.117939881353897,61.416637946460725,61.67209534934304,"tensor([[0.5000]], dtype=torch.float64)",tensor([-255]),['n']
46.0,40.533506099823164,46.77322790766794,46.98993071843055,"tensor([[0.5000]], dtype=torch.float64)",tensor([-255]),['s']
22.0,23.170211331453423,21.95131638433973,21.883562769410567,"tensor([[0.5000]], dtype=torch.float64)",tensor([-255]),['n']
42.0,43.86453731690331,42.55490293605141,42.495062136089096,"tensor([[0.5000]], dtype=torch.float64)",tensor([-255]),['n']
38.0,35.58997487490724,37.8242399160172,37.87255875218406,"tensor([[0.5000]], dtype=torch.float64)",tensor([-255]),['s']
4.0,4.426360971488922,3.8277963532987047,4.24518147633385,"tensor([[0.5000]], dtype=torch.float64)",tensor([-255]),['s']
28.0,27.20474030611846,27.516293237662023,27.930218328420352,"tensor([[0.5000]], dtype=torch.float64)",tensor([-255]),['n']
25.0,21.32292218595724,24.791176938316525,24.236542228399312,"tensor([[0.5000]], dtype=torch.float64)",tensor([-255]),['n']
13.0,15.550820263027349,12.964076487893921,13.769505804859982,"tensor([[0.5000]], dtype=torch.float64)",tensor([-255]),['n']
62.0,34.510822010618405,61.80519827539549,60.99624995991297,"tensor([[0.5000]], dtype=torch.float64)",tensor([-255]),['s']
46.0,41.90952677483019,46.72688035848661,47.70545405557661,"tensor([[0.5000]], dtype=torch.float64)",tensor([-255]),['s']
5.0,8.633116927775099,4.603948959774747,4.790938515349346,"tensor([[0.5000]], dtype=torch.float64)",tensor([-255]),['n']
28.0,26.07412904263094,28.286509867231985,28.18801143209127,"tensor([[0.5000]], dtype=torch.float64)",tensor([-255]),['s']
36.0,34.11023432554613,36.00181340155615,35.86695520285932,"tensor([[0.5000]], dtype=torch.float64)",tensor([-255]),['s']
32.0,35.71657807219453,31.904668092542057,31.705473961501205,"tensor([[0.5000]], dtype=torch.float64)",tensor([-255]),['n']
40.0,40.177120219455375,40.143876226854516,40.42354274875543,"tensor([[0.5000]], dtype=torch.float64)",tensor([-255]),['n']
20.0,51.48336848056533,20.04909510653914,19.951793909078482,"tensor([[0.5000]], dtype=torch.float64)",tensor([-255]),['n']
33.0,38.87974285241515,33.404435905761794,32.66448771895594,"tensor([[0.5000]], dtype=torch.float64)",tensor([-255]),['s']
37.0,37.23646188861967,37.29880094405573,37.27381906141995,"tensor([[0.5000]], dtype=torch.float64)",tensor([-255]),['n']
32.0,34.77564655546405,32.49560043627111,32.490484572646714,"tensor([[0.5000]], dtype=torch.float64)",tensor([-255]),['n']
53.0,52.160997608214444,53.1570476882989,53.141428149353835,"tensor([[0.5000]], dtype=torch.float64)",tensor([-255]),['s']
25.0,23.05835843300622,25.134925130779845,24.990662087461537,"tensor([[0.5000]], dtype=torch.float64)",tensor([-255]),['s']
65.0,66.67925192032862,64.79868722059548,64.23932512099029,"tensor([[0.5000]], dtype=torch.float64)",tensor([-255]),['n']
6.0,8.343683207125363,5.559890002431732,5.9056274994865445,"tensor([[0.5000]], dtype=torch.float64)",tensor([-255]),['n']
58.0,59.06817602899248,57.695129878084074,57.39485107407043,"tensor([[0.5000]], dtype=torch.float64)",tensor([-255]),['s']
50.0,49.833416470192994,50.189730036710685,50.251602847977125,"tensor([[0.5000]], dtype=torch.float64)",tensor([-255]),['s']
69.0,67.01544157671428,68.84752379629951,68.27624117591242,"tensor([[0.5000]], dtype=torch.float64)",tensor([-255]),['s']
1.0,3.2395502938024574,1.1570150859407877,1.1616316522182013,"tensor([[0.5000]], dtype=torch.float64)",tensor([-255]),['n']
31.0,28.99666353935939,31.247921694623628,31.337188422255906,"tensor([[0.5000]], dtype=torch.float64)",tensor([-255]),['n']
27.0,29.21449196187085,27.11315709301418,26.929915496932953,"tensor([[0.5000]], dtype=torch.float64)",tensor([-255]),['n']
4.0,68.41436193106972,4.399986143477076,4.5023573166567825,"tensor([[0.5000]], dtype=torch.float64)",tensor([-255]),['s']
38.0,46.46822102486818,38.38441063945221,40.327692131486124,"tensor([[0.5000]], dtype=torch.float64)",tensor([-255]),['n']
22.0,38.29104637399061,22.24075468269898,22.20338667101564,"tensor([[0.5000]], dtype=torch.float64)",tensor([-255]),['n']
15.0,13.702905679788246,15.06715975217758,15.605204977234497,"tensor([[0.5000]], dtype=torch.float64)",tensor([-255]),['n']
4.0,2.891437991234358,4.298874993447177,3.317641285083596,"tensor([[0.5000]], dtype=torch.float64)",tensor([-255]),['s']
28.0,27.110843466455776,27.72567246515953,27.01576493982002,"tensor([[0.5000]], dtype=torch.float64)",tensor([-255]),['n']
44.0,39.124498766463574,44.72907672686152,44.65788255052782,"tensor([[0.5000]], dtype=torch.float64)",tensor([-255]),['n']
55.0,29.217138391903454,54.78423709738044,54.66375701811514,"tensor([[0.5000]], dtype=torch.float64)",tensor([-255]),['s']
7.0,4.536864184463814,7.684353390445418,7.972087494162678,"tensor([[0.5000]], dtype=torch.float64)",tensor([-255]),['n']
17.0,64.68675457668178,17.121929865272396,17.16205796217782,"tensor([[0.5000]], dtype=torch.float64)",tensor([-255]),['n']
55.0,54.37360101956214,54.82708476051945,54.93231555630916,"tensor([[0.5000]], dtype=torch.float64)",tensor([-255]),['s']
41.0,40.3862903770448,41.08885315090666,41.16939598764815,"tensor([[0.5000]], dtype=torch.float64)",tensor([-255]),['n']
41.0,37.934518301218816,41.538312589947,41.957509926305804,"tensor([[0.5000]], dtype=torch.float64)",tensor([-255]),['n']
52.0,52.8334956763311,52.324523330293005,52.23205778713321,"tensor([[0.5000]], dtype=torch.float64)",tensor([-255]),['n']
9.0,9.60429571250134,8.890808648536522,10.256371308533076,"tensor([[0.5000]], dtype=torch.float64)",tensor([-255]),['n']
49.0,48.039539063365226,49.35328223617756,50.68775601482594,"tensor([[0.5000]], dtype=torch.float64)",tensor([-255]),['n']
13.0,13.32305153748098,13.192737033688966,13.05575513684719,"tensor([[0.5000]], dtype=torch.float64)",tensor([-255]),['s']
43.0,40.22849166270706,43.72165598918179,43.82283517043974,"tensor([[0.5000]], dtype=torch.float64)",tensor([-255]),['n']
53.0,53.25862992739032,53.142928893774055,53.141338808642175,"tensor([[0.5000]], dtype=torch.float64)",tensor([-255]),['n']
22.0,21.968949495047934,22.102853601055415,21.957510931851896,"tensor([[0.5000]], dtype=torch.float64)",tensor([-255]),['s']
8.0,4.954616714173481,7.795391895084694,7.8261105119659735,"tensor([[0.5000]], dtype=torch.float64)",tensor([-255]),['s']
58.0,60.11851364528807,57.2454952547862,57.18883687393119,"tensor([[0.5000]], dtype=torch.float64)",tensor([-255]),['s']
11.0,46.23641241468608,10.790034583013597,11.320356523534327,"tensor([[0.5000]], dtype=torch.float64)",tensor([-255]),['s']
64.0,62.201476920401305,63.51733982531358,62.71228030679349,"tensor([[0.5000]], dtype=torch.float64)",tensor([-255]),['s']
24.0,23.38566347082341,23.704674000636413,23.301992972104852,"tensor([[0.5000]], dtype=torch.float64)",tensor([-255]),['s']
30.0,36.00986837213541,30.76317731187774,30.667947855238925,"tensor([[0.5000]], dtype=torch.float64)",tensor([-255]),['s']
21.0,23.58196440026611,21.06351455281916,21.01248516638749,"tensor([[0.5000]], dtype=torch.float64)",tensor([-255]),['n']
29.0,34.737095159038816,29.126542008733708,26.15630772352003,"tensor([[0.5000]], dtype=torch.float64)",tensor([-255]),['s']
28.0,26.73380454092645,28.462629674260356,28.6900161266168,"tensor([[0.5000]], dtype=torch.float64)",tensor([-255]),['s']
45.0,43.19390034445062,45.35268350805208,45.651727992306924,"tensor([[0.5000]], dtype=torch.float64)",tensor([-255]),['n']
26.0,24.21779633966822,25.810157561909875,24.684002922604094,"tensor([[0.5000]], dtype=torch.float64)",tensor([-255]),['s']
24.0,22.08177459735791,24.358352729275524,24.05098143635361,"tensor([[0.5000]], dtype=torch.float64)",tensor([-255]),['s']
43.0,43.5714886611759,43.39420146597817,43.49228790521738,"tensor([[0.5000]], dtype=torch.float64)",tensor([-255]),['n']
27.0,30.31670275032931,25.97011756223503,26.16325969153375,"tensor([[0.5000]], dtype=torch.float64)",tensor([-255]),['n']
55.0,55.07007962524834,54.94863997535745,54.97663364527898,"tensor([[0.5000]], dtype=torch.float64)",tensor([-255]),['n']
45.0,37.65061491764021,45.92911183838926,46.94390659022642,"tensor([[0.5000]], dtype=torch.float64)",tensor([-255]),['s']
23.0,22.824768174976008,23.559765795363692,23.184188291234648,"tensor([[0.5000]], dtype=torch.float64)",tensor([-255]),['n']
32.0,33.27085702592799,32.24807668608217,31.02800428754106,"tensor([[0.5000]], dtype=torch.float64)",tensor([-255]),['s']
41.0,40.94298444757709,42.23354852734188,41.70540512550277,"tensor([[0.5000]], dtype=torch.float64)",tensor([-255]),['s']
14.0,14.99995207913804,14.033747185959633,14.073981512480168,"tensor([[0.5000]], dtype=torch.float64)",tensor([-255]),['n']
48.0,44.64737346633652,48.95445269072908,49.35764565579222,"tensor([[0.5000]], dtype=torch.float64)",tensor([-255]),['s']
28.0,28.659127282067384,26.787067812855486,27.420720478185782,"tensor([[0.5000]], dtype=torch.float64)",tensor([-255]),['s']
56.0,57.0711937705328,55.666646650197585,55.797411524604456,"tensor([[0.5000]], dtype=torch.float64)",tensor([-255]),['s']
28.0,27.484323246709533,27.272272567746153,27.852316876316447,"tensor([[0.5000]], dtype=torch.float64)",tensor([-255]),['s']
23.0,20.32001736721451,23.422333311122383,22.85340270516308,"tensor([[0.5000]], dtype=torch.float64)",tensor([-255]),['n']
53.0,50.19623712376416,53.0352263124062,53.17724295931091,"tensor([[0.5000]], dtype=torch.float64)",tensor([-255]),['s']
36.0,36.16643455601172,36.06218147565611,36.07820236871148,"tensor([[0.5000]], dtype=torch.float64)",tensor([-255]),['n']
47.0,36.82247652228851,47.97112342712597,48.11483820305065,"tensor([[0.5000]], dtype=torch.float64)",tensor([-255]),['s']
50.0,50.09108348295836,50.62127901985413,50.80923198472392,"tensor([[0.5000]], dtype=torch.float64)",tensor([-255]),['n']
38.0,37.745713826544524,37.718278042045306,37.38069845244934,"tensor([[0.5000]], dtype=torch.float64)",tensor([-255]),['n']
59.0,61.28401874603541,58.17838538053658,58.07108532876086,"tensor([[0.5000]], dtype=torch.float64)",tensor([-255]),['s']
24.0,24.32805843238371,24.04942268824269,23.7740642871833,"tensor([[0.5000]], dtype=torch.float64)",tensor([-255]),['s']
50.0,50.15200600956252,50.0711998774267,50.145849989637064,"tensor([[0.5000]], dtype=torch.float64)",tensor([-255]),['s']
38.0,40.120206451568734,38.187143830630816,38.063434509672284,"tensor([[0.5000]], dtype=torch.float64)",tensor([-255]),['n']
70.0,1.5935420628386225,69.81663639447908,69.81225510529173,"tensor([[0.5000]], dtype=torch.float64)",tensor([-255]),['n']
39.0,36.92865094009192,39.18881806362208,39.541300923935694,"tensor([[0.5000]], dtype=torch.float64)",tensor([-255]),['s']
65.0,64.41870419515399,64.16803826204095,64.69433850889872,"tensor([[0.5000]], dtype=torch.float64)",tensor([-255]),['s']
39.0,38.99251144642239,39.17093515403151,38.825193400281144,"tensor([[0.5000]], dtype=torch.float64)",tensor([-255]),['s']
49.0,48.68105197556177,49.619276663433595,49.997998263150656,"tensor([[0.5000]], dtype=torch.float64)",tensor([-255]),['s']
30.0,31.06454731213097,30.20360758964952,29.86955991776141,"tensor([[0.5000]], dtype=torch.float64)",tensor([-255]),['n']
68.0,63.99147948271291,67.99142306133608,68.13344890467481,"tensor([[0.5000]], dtype=torch.float64)",tensor([-255]),['n']
64.0,64.12027627657932,63.4952581202793,63.764644749104,"tensor([[0.5000]], dtype=torch.float64)",tensor([-255]),['s']
8.0,70.72831218296498,7.930466823058887,7.968975702333379,"tensor([[0.5000]], dtype=torch.float64)",tensor([-255]),['n']
15.0,14.970671093049381,14.30303557757048,14.914071194243629,"tensor([[0.5000]], dtype=torch.float64)",tensor([-255]),['s']
29.0,29.182015518869576,28.334031954812264,28.674171832260456,"tensor([[0.5000]], dtype=torch.float64)",tensor([-255]),['s']
25.0,35.5071057235679,24.511364753179983,24.92019068635105,"tensor([[0.5000]], dtype=torch.float64)",tensor([-255]),['s']
22.0,20.238139612559486,22.248871082220543,22.075186940916787,"tensor([[0.5000]], dtype=torch.float64)",tensor([-255]),['s']
30.0,26.135164240029034,29.89231506583493,29.546887432174053,"tensor([[0.5000]], dtype=torch.float64)",tensor([-255]),['s']
20.0,22.275534867436537,19.789296072207776,19.644959890436542,"tensor([[0.5000]], dtype=torch.float64)",tensor([-255]),['s']
25.0,26.043411686336228,24.57098828449886,24.57145448634695,"tensor([[0.5000]], dtype=torch.float64)",tensor([-255]),['s']
0.0,67.87576333530157,0.02853341024367418,0.0,"tensor([[0.5000]], dtype=torch.float64)",tensor([-255]),['s']
42.0,39.92604883080509,41.95487034402116,42.34798281598593,"tensor([[0.5000]], dtype=torch.float64)",tensor([-255]),['n']
34.0,38.485325632438446,34.32781307222361,34.15929237300056,"tensor([[0.5000]], dtype=torch.float64)",tensor([-255]),['n']
56.0,58.26166840231639,55.83432882021303,55.71368788309525,"tensor([[0.5000]], dtype=torch.float64)",tensor([-255]),['n']
22.0,24.066322854003957,23.022153721000983,22.550223628620767,"tensor([[0.5000]], dtype=torch.float64)",tensor([-255]),['s']
32.0,31.06844344599876,31.985558095340476,31.968141845224146,"tensor([[0.5000]], dtype=torch.float64)",tensor([-255]),['n']
20.0,64.99375803512831,19.922545158138327,19.98291377478604,"tensor([[0.5000]], dtype=torch.float64)",tensor([-255]),['s']
20.0,20.073590657370048,19.957918305825743,19.962832063314792,"tensor([[0.5000]], dtype=torch.float64)",tensor([-255]),['n']
12.0,10.895319437176909,12.163097982699691,13.554893097982866,"tensor([[0.5000]], dtype=torch.float64)",tensor([-255]),['s']
54.0,53.054370304193014,54.123166093135616,54.02714877761476,"tensor([[0.5000]], dtype=torch.float64)",tensor([-255]),['n']
71.0,67.41652079792853,71.0,71.0,"tensor([[0.5000]], dtype=torch.float64)",tensor([-255]),['n']
22.0,22.796044721115756,22.422975975873985,22.51067017128531,"tensor([[0.5000]], dtype=torch.float64)",tensor([-255]),['s']
29.0,32.203337247546585,28.994377130150433,28.173466327150404,"tensor([[0.5000]], dtype=torch.float64)",tensor([-255]),['s']
17.0,22.644350660610094,17.085917914767858,17.015637924577995,"tensor([[0.5000]], dtype=torch.float64)",tensor([-255]),['n']
6.0,3.1763913051696138,6.460935276730431,6.236017400111424,"tensor([[0.5000]], dtype=torch.float64)",tensor([-255]),['s']
64.0,61.767379718402466,63.76901958654714,63.86124620266744,"tensor([[0.5000]], dtype=torch.float64)",tensor([-255]),['s']
62.0,23.75219824623762,61.057362945508366,60.97039144202747,"tensor([[0.5000]], dtype=torch.float64)",tensor([-255]),['s']
31.0,30.17824348086389,31.33281632299614,30.96982325324182,"tensor([[0.5000]], dtype=torch.float64)",tensor([-255]),['n']
9.0,8.604829131619496,8.829897829958831,8.706262393871581,"tensor([[0.5000]], dtype=torch.float64)",tensor([-255]),['s']
44.0,44.165774607604185,44.87984628014132,45.30278727877159,"tensor([[0.5000]], dtype=torch.float64)",tensor([-255]),['s']
35.0,31.0808054939726,34.636946358785316,34.24303638370057,"tensor([[0.5000]], dtype=torch.float64)",tensor([-255]),['s']
59.0,56.21258437968158,58.691816857496335,58.019653842260254,"tensor([[0.5000]], dtype=torch.float64)",tensor([-255]),['n']
25.0,44.05570890247849,24.953116962701056,24.789598392951177,"tensor([[0.5000]], dtype=torch.float64)",tensor([-255]),['n']
7.0,7.128553753844267,6.861886041708414,6.846581905661046,"tensor([[0.5000]], dtype=torch.float64)",tensor([-255]),['s']
28.0,56.91649705205441,28.310872828872643,28.057818130223023,"tensor([[0.5000]], dtype=torch.float64)",tensor([-255]),['s']
66.0,66.51850104733035,65.22238417910349,65.15903471277093,"tensor([[0.5000]], dtype=torch.float64)",tensor([-255]),['n']
62.0,64.10161082027209,60.927296497705555,60.77912993750012,"tensor([[0.5000]], dtype=torch.float64)",tensor([-255]),['s']
29.0,27.972069685524076,29.577262728537463,29.21724497255431,"tensor([[0.5000]], dtype=torch.float64)",tensor([-255]),['s']
30.0,32.02292044313101,24.708671156440865,28.04231181366209,"tensor([[0.5000]], dtype=torch.float64)",tensor([-255]),['s']
43.0,42.13290277021089,43.757445185306835,43.96177516083614,"tensor([[0.5000]], dtype=torch.float64)",tensor([-255]),['n']
19.0,16.936789391461605,18.964462986762978,19.000731157500816,"tensor([[0.5000]], dtype=torch.float64)",tensor([-255]),['s']
2.0,3.0195793337598387,1.848879863865293,2.133655626940227,"tensor([[0.5000]], dtype=torch.float64)",tensor([-255]),['s']
35.0,39.15184316317304,24.050217199446653,40.88743446669412,"tensor([[0.5000]], dtype=torch.float64)",tensor([-255]),['s']
48.0,45.786724012812016,48.67747006538891,48.75772009295878,"tensor([[0.5000]], dtype=torch.float64)",tensor([-255]),['n']
55.0,7.956859020210305,54.7609095116623,54.835896146500176,"tensor([[0.5000]], dtype=torch.float64)",tensor([-255]),['n']
31.0,30.34565104866435,30.179819344058885,31.414047909357915,"tensor([[0.5000]], dtype=torch.float64)",tensor([-255]),['s']
52.0,51.78012179060181,52.16470060713974,52.0262234027677,"tensor([[0.5000]], dtype=torch.float64)",tensor([-255]),['s']
11.0,12.745984970693685,11.05137582154248,11.05010525748175,"tensor([[0.5000]], dtype=torch.float64)",tensor([-255]),['n']
65.0,63.87649728204103,64.31555934684701,62.98749777911371,"tensor([[0.5000]], dtype=torch.float64)",tensor([-255]),['s']
59.0,26.857426800725733,58.6153595214744,58.53990092832443,"tensor([[0.5000]], dtype=torch.float64)",tensor([-255]),['s']
71.0,68.55413722329605,70.95643356829318,0.0,"tensor([[0.5000]], dtype=torch.float64)",tensor([-255]),['s']
41.0,37.740500346921216,46.85613520033851,42.53256966050623,"tensor([[0.5000]], dtype=torch.float64)",tensor([-255]),['s']
14.0,15.232271915057186,14.036016154406592,14.125951863999838,"tensor([[0.5000]], dtype=torch.float64)",tensor([-255]),['s']
36.0,35.198650393470615,36.38323610035059,36.31995400910992,"tensor([[0.5000]], dtype=torch.float64)",tensor([-255]),['s']
46.0,46.790206318052874,46.225424721873644,46.33495174867613,"tensor([[0.5000]], dtype=torch.float64)",tensor([-255]),['s']
2.0,3.2180714357843048,1.9491608700209955,1.7437993935354252,"tensor([[0.5000]], dtype=torch.float64)",tensor([-255]),['n']
34.0,29.89597706420928,34.24250334710991,34.30656736670052,"tensor([[0.5000]], dtype=torch.float64)",tensor([-255]),['n']
47.0,41.630421411249,49.68230276330014,47.67819192730361,"tensor([[0.5000]], dtype=torch.float64)",tensor([-255]),['s']
49.0,49.090936649474585,49.5333446838498,49.83738197058511,"tensor([[0.5000]], dtype=torch.float64)",tensor([-255]),['s']
24.0,22.525313205791385,24.13616508387043,23.971985207650608,"tensor([[0.5000]], dtype=torch.float64)",tensor([-255]),['s']
33.0,30.18199375281059,33.155078520317666,33.599994889162815,"tensor([[0.5000]], dtype=torch.float64)",tensor([-255]),['n']
27.0,26.811835237064024,27.12478102582749,27.1576405383009,"tensor([[0.5000]], dtype=torch.float64)",tensor([-255]),['n']
24.0,22.804515743110798,24.22099183901359,24.179332430258125,"tensor([[0.5000]], dtype=torch.float64)",tensor([-255]),['n']
35.0,30.12854896348944,35.23400783765672,34.91081863954973,"tensor([[0.5000]], dtype=torch.float64)",tensor([-255]),['s']
37.0,35.96001287011353,37.227574532068196,37.266976240538575,"tensor([[0.5000]], dtype=torch.float64)",tensor([-255]),['n']
53.0,18.79694685191747,53.24535982025633,53.120616856730294,"tensor([[0.5000]], dtype=torch.float64)",tensor([-255]),['s']
50.0,48.81712145885115,50.65100534107412,50.76513535637226,"tensor([[0.5000]], dtype=torch.float64)",tensor([-255]),['n']
8.0,9.969031633332886,7.860052384301413,8.169335982571802,"tensor([[0.5000]], dtype=torch.float64)",tensor([-255]),['n']
41.0,42.026746093500314,40.987010751635374,41.53218318966782,"tensor([[0.5000]], dtype=torch.float64)",tensor([-255]),['s']
15.0,16.55221566941826,14.675681104014092,14.912068523627154,"tensor([[0.5000]], dtype=torch.float64)",tensor([-255]),['n']
43.0,36.492200437504536,43.93643426243387,43.78505549193356,"tensor([[0.5000]], dtype=torch.float64)",tensor([-255]),['s']
65.0,67.49692820621586,63.79568905264229,64.63774402137676,"tensor([[0.5000]], dtype=torch.float64)",tensor([-255]),['s']
42.0,40.16826291023577,41.978808023358845,42.00567543859806,"tensor([[0.5000]], dtype=torch.float64)",tensor([-255]),['n']
67.0,2.349054891481699,67.10656732050387,63.67209349993386,"tensor([[0.5000]], dtype=torch.float64)",tensor([-255]),['n']
32.0,28.164540338614586,32.2203128542907,31.779462685997796,"tensor([[0.5000]], dtype=torch.float64)",tensor([-255]),['s']
60.0,57.09065436838203,59.97807282010781,59.764139378472855,"tensor([[0.5000]], dtype=torch.float64)",tensor([-255]),['n']
48.0,49.019839223305326,48.376931743253365,49.04240571500093,"tensor([[0.5000]], dtype=torch.float64)",tensor([-255]),['n']
41.0,43.587601813843875,41.276271984876814,41.43578222154024,"tensor([[0.5000]], dtype=torch.float64)",tensor([-255]),['n']
61.0,59.0060282452081,60.80377747804979,60.084071639952946,"tensor([[0.5000]], dtype=torch.float64)",tensor([-255]),['n']
52.0,50.90979797922099,52.36395955250302,52.67458000888444,"tensor([[0.5000]], dtype=torch.float64)",tensor([-255]),['s']
23.0,23.100967834216814,23.198693955975205,23.260822037395148,"tensor([[0.5000]], dtype=torch.float64)",tensor([-255]),['s']
38.0,39.97917149006671,38.37773227631113,38.56714977264705,"tensor([[0.5000]], dtype=torch.float64)",tensor([-255]),['s']
0.0,66.93393887380671,0.0,70.81735241720969,"tensor([[0.5000]], dtype=torch.float64)",tensor([-255]),['s']
19.0,17.331147549623523,18.926551253761964,19.00695327750479,"tensor([[0.5000]], dtype=torch.float64)",tensor([-255]),['n']
55.0,55.26671820141807,54.86102540054917,54.97411936164581,"tensor([[0.5000]], dtype=torch.float64)",tensor([-255]),['n']
18.0,18.91422134405778,18.00782469695519,18.040135044469327,"tensor([[0.5000]], dtype=torch.float64)",tensor([-255]),['n']
30.0,30.02514479600611,30.057561563105672,30.384150523874457,"tensor([[0.5000]], dtype=torch.float64)",tensor([-255]),['n']
44.0,33.15006803079917,45.00898675389803,44.92867948396031,"tensor([[0.5000]], dtype=torch.float64)",tensor([-255]),['s']
17.0,17.138158031361392,17.068541796935985,17.020973649966106,"tensor([[0.5000]], dtype=torch.float64)",tensor([-255]),['s']
20.0,22.835491467078583,19.99461774579759,19.98508161470683,"tensor([[0.5000]], dtype=torch.float64)",tensor([-255]),['n']
52.0,49.390291348172696,52.318049797514256,52.1273261942616,"tensor([[0.5000]], dtype=torch.float64)",tensor([-255]),['s']
31.0,33.3546213549811,31.168165893049785,31.240035274705342,"tensor([[0.5000]], dtype=torch.float64)",tensor([-255]),['n']
36.0,38.14195255094053,35.871899860786925,35.96281194701473,"tensor([[0.5000]], dtype=torch.float64)",tensor([-255]),['n']
31.0,31.216704281756705,31.08159170838549,28.974994981104548,"tensor([[0.5000]], dtype=torch.float64)",tensor([-255]),['s']
16.0,13.723841469416762,16.114335694610407,16.277530649076112,"tensor([[0.5000]], dtype=torch.float64)",tensor([-255]),['s']
0.0,1.3336048158306213,71.0,70.99941694247875,"tensor([[0.5000]], dtype=torch.float64)",tensor([-255]),['s']
1.0,4.159370083212879,1.0752137314987338,1.2468156567792168,"tensor([[0.5000]], dtype=torch.float64)",tensor([-255]),['n']
33.0,29.680334861558677,33.139357552054015,32.64463320104647,"tensor([[0.5000]], dtype=torch.float64)",tensor([-255]),['s']
17.0,17.226340829937318,16.953326562988156,17.049978604820744,"tensor([[0.5000]], dtype=torch.float64)",tensor([-255]),['n']
43.0,42.12245098006442,43.9101104952278,44.103535540651094,"tensor([[0.5000]], dtype=torch.float64)",tensor([-255]),['n']
41.0,34.854520703013556,41.71768570471549,41.74111813637544,"tensor([[0.5000]], dtype=torch.float64)",tensor([-255]),['s']
30.0,26.88309822950606,30.39104838933936,28.115403854390827,"tensor([[0.5000]], dtype=torch.float64)",tensor([-255]),['s']
19.0,17.003620708690356,18.93754326133497,19.109219976009726,"tensor([[0.5000]], dtype=torch.float64)",tensor([-255]),['s']
22.0,23.81664369266363,22.032986181667212,21.882682373875795,"tensor([[0.5000]], dtype=torch.float64)",tensor([-255]),['n']
6.0,8.934454974561584,5.997953119032859,6.660187421912039,"tensor([[0.5000]], dtype=torch.float64)",tensor([-255]),['n']
15.0,13.759627519923942,15.142628179479436,15.731615072944331,"tensor([[0.5000]], dtype=torch.float64)",tensor([-255]),['n']
45.0,42.89733791868814,45.458674342086596,45.43485620634199,"tensor([[0.5000]], dtype=torch.float64)",tensor([-255]),['n']
57.0,57.017361195859635,56.81199210831267,56.877667924107705,"tensor([[0.5000]], dtype=torch.float64)",tensor([-255]),['n']
17.0,17.647377035588544,17.203704339542902,17.093458813583325,"tensor([[0.5000]], dtype=torch.float64)",tensor([-255]),['s']
25.0,25.97396568789717,25.108812637530875,24.953210808339577,"tensor([[0.5000]], dtype=torch.float64)",tensor([-255]),['s']
47.0,36.96730755876545,47.77563713372969,48.13868784200482,"tensor([[0.5000]], dtype=torch.float64)",tensor([-255]),['s']
54.0,52.49769893207408,53.96676363707491,53.94111154795731,"tensor([[0.5000]], dtype=torch.float64)",tensor([-255]),['s']
2.0,7.656798347523999,2.7412076618421892,3.4660890357040928,"tensor([[0.5000]], dtype=torch.float64)",tensor([-255]),['s']
20.0,23.824658356631492,19.674496577609414,19.681149787990044,"tensor([[0.5000]], dtype=torch.float64)",tensor([-255]),['s']
13.0,15.110195759827135,13.039979533125765,12.976049154892534,"tensor([[0.5000]], dtype=torch.float64)",tensor([-255]),['s']
57.0,56.14240336632885,56.70886438917214,56.9073656472734,"tensor([[0.5000]], dtype=torch.float64)",tensor([-255]),['n']
11.0,10.896468085185735,10.963441789161056,11.042918980761433,"tensor([[0.5000]], dtype=torch.float64)",tensor([-255]),['n']
64.0,65.3584947732752,61.002937250067575,62.62844117597572,"tensor([[0.5000]], dtype=torch.float64)",tensor([-255]),['s']
12.0,11.670927324048769,11.437956030191076,11.819570074158941,"tensor([[0.5000]], dtype=torch.float64)",tensor([-255]),['n']
21.0,36.15057459921832,20.523379741125765,20.288650349263772,"tensor([[0.5000]], dtype=torch.float64)",tensor([-255]),['n']
9.0,9.858885129195855,8.381134434044741,8.23620154684304,"tensor([[0.5000]], dtype=torch.float64)",tensor([-255]),['n']
25.0,29.291763541182632,25.26997952816487,25.600842633732878,"tensor([[0.5000]], dtype=torch.float64)",tensor([-255]),['s']
68.0,66.80487469502444,67.27381971124919,67.26066198548475,"tensor([[0.5000]], dtype=torch.float64)",tensor([-255]),['s']
68.0,67.98530937982858,67.81805581769326,68.02626874470714,"tensor([[0.5000]], dtype=torch.float64)",tensor([-255]),['s']
62.0,62.143423240383676,60.999018160069554,60.77842358781676,"tensor([[0.5000]], dtype=torch.float64)",tensor([-255]),['s']
45.0,44.99359664248087,45.484953792752826,45.548730297327694,"tensor([[0.5000]], dtype=torch.float64)",tensor([-255]),['n']
63.0,64.89549885964469,62.08654670877092,62.25821621943718,"tensor([[0.5000]], dtype=torch.float64)",tensor([-255]),['s']
48.0,47.01294778515631,48.60881453501623,48.703888553325406,"tensor([[0.5000]], dtype=torch.float64)",tensor([-255]),['s']
66.0,65.32716597048773,64.99945398101066,64.92076010648584,"tensor([[0.5000]], dtype=torch.float64)",tensor([-255]),['n']
30.0,29.101018355591535,29.98576562453924,28.269070123555746,"tensor([[0.5000]], dtype=torch.float64)",tensor([-255]),['n']
0.0,67.80995075000043,70.84267392487207,70.78194817057195,"tensor([[0.5000]], dtype=torch.float64)",tensor([-255]),['s']
2.0,0.8282430938399103,1.860336648432357,3.374449718798482,"tensor([[0.5000]], dtype=torch.float64)",tensor([-255]),['s']
49.0,46.54348792664193,49.31599891114028,49.668505421661166,"tensor([[0.5000]], dtype=torch.float64)",tensor([-255]),['s']
0.0,70.47090718161388,0.0,0.040749843679494364,"tensor([[0.5000]], dtype=torch.float64)",tensor([-255]),['n']
36.0,30.931556865245653,35.9749751880148,35.879708040779995,"tensor([[0.5000]], dtype=torch.float64)",tensor([-255]),['n']
45.0,45.01110632538439,45.77825725996568,46.14125508862183,"tensor([[0.5000]], dtype=torch.float64)",tensor([-255]),['n']
18.0,18.629894946265654,18.230106401360395,18.22695888147464,"tensor([[0.5000]], dtype=torch.float64)",tensor([-255]),['s']
34.0,32.3889932231908,33.381413340058266,34.89582906348391,"tensor([[0.5000]], dtype=torch.float64)",tensor([-255]),['s']
65.0,65.02738740981546,64.49225660028635,64.53342667559825,"tensor([[0.5000]], dtype=torch.float64)",tensor([-255]),['n']
40.0,41.131880941340526,40.94051101586983,40.85197178846693,"tensor([[0.5000]], dtype=torch.float64)",tensor([-255]),['s']
51.0,47.06975743416889,51.20895021199257,51.61487855637274,"tensor([[0.5000]], dtype=torch.float64)",tensor([-255]),['s']
39.0,40.84308725839564,39.8658362810584,40.138889838252396,"tensor([[0.5000]], dtype=torch.float64)",tensor([-255]),['s']
67.0,64.06953078289649,66.7482605800863,66.63779652255693,"tensor([[0.5000]], dtype=torch.float64)",tensor([-255]),['s']
63.0,63.33068825965374,61.42858507485466,61.579114231887,"tensor([[0.5000]], dtype=torch.float64)",tensor([-255]),['s']
45.0,44.954944355657645,45.79101205233677,47.53526943063666,"tensor([[0.5000]], dtype=torch.float64)",tensor([-255]),['n']
24.0,26.103881789992627,23.937845668835454,23.46108503417915,"tensor([[0.5000]], dtype=torch.float64)",tensor([-255]),['n']
19.0,42.93033595150665,18.74293117253636,18.79379379802204,"tensor([[0.5000]], dtype=torch.float64)",tensor([-255]),['s']
54.0,55.264659886173405,53.96152958359516,53.98794481717492,"tensor([[0.5000]], dtype=torch.float64)",tensor([-255]),['s']
29.0,28.4416544658836,28.5540101956963,29.42909868544026,"tensor([[0.5000]], dtype=torch.float64)",tensor([-255]),['s']
40.0,40.500661100347415,40.02077053179824,40.22841049094797,"tensor([[0.5000]], dtype=torch.float64)",tensor([-255]),['n']
63.0,64.15797285898505,62.37842898172837,62.01550388657736,"tensor([[0.5000]], dtype=torch.float64)",tensor([-255]),['n']
18.0,19.65616659959649,17.806205060143476,17.9048534488843,"tensor([[0.5000]], dtype=torch.float64)",tensor([-255]),['n']
13.0,13.258410920751263,12.740500906113324,12.92490674774131,"tensor([[0.5000]], dtype=torch.float64)",tensor([-255]),['n']
11.0,11.927669452314213,10.718970984437188,10.959192092156952,"tensor([[0.5000]], dtype=torch.float64)",tensor([-255]),['s']
10.0,10.046614486402563,10.73042122691656,9.987159044730708,"tensor([[0.5000]], dtype=torch.float64)",tensor([-255]),['s']
10.0,8.076569836835858,10.031835941451744,11.764386996103621,"tensor([[0.5000]], dtype=torch.float64)",tensor([-255]),['n']
62.0,62.068661184035435,60.9550529688112,59.8952363373065,"tensor([[0.5000]], dtype=torch.float64)",tensor([-255]),['n']
32.0,33.12061628074325,32.38660607723672,32.37326943296967,"tensor([[0.5000]], dtype=torch.float64)",tensor([-255]),['n']
9.0,11.910351464460309,8.748597727252,8.755524829606019,"tensor([[0.5000]], dtype=torch.float64)",tensor([-255]),['n']
13.0,13.054851007987274,13.41394464697201,13.736714906363739,"tensor([[0.5000]], dtype=torch.float64)",tensor([-255]),['n']
9.0,9.565897867112888,8.659450802067454,9.539444621944925,"tensor([[0.5000]], dtype=torch.float64)",tensor([-255]),['n']
62.0,63.938539623511254,61.05124417720717,61.02211832734044,"tensor([[0.5000]], dtype=torch.float64)",tensor([-255]),['s']
64.0,63.92637418640656,63.19094982123671,63.10833860728587,"tensor([[0.5000]], dtype=torch.float64)",tensor([-255]),['s']
64.0,64.95113329924638,63.07306902107,63.90287016158275,"tensor([[0.5000]], dtype=torch.float64)",tensor([-255]),['n']
35.0,35.899071585296916,35.070761248006335,35.181543776355454,"tensor([[0.5000]], dtype=torch.float64)",tensor([-255]),['n']
18.0,20.86931305095535,17.963851266370735,17.991500629462326,"tensor([[0.5000]], dtype=torch.float64)",tensor([-255]),['n']
48.0,45.408257229353545,48.58495487984321,48.90386388347448,"tensor([[0.5000]], dtype=torch.float64)",tensor([-255]),['n']
68.0,65.61531299237704,67.73171167892716,67.23758999837736,"tensor([[0.5000]], dtype=torch.float64)",tensor([-255]),['s']
41.0,44.23177477626629,41.44892349867959,41.747343823790736,"tensor([[0.5000]], dtype=torch.float64)",tensor([-255]),['s']
69.0,66.01700271508842,69.18999983212436,68.99316762081095,"tensor([[0.5000]], dtype=torch.float64)",tensor([-255]),['s']
12.0,50.93597380945107,12.811917228007793,12.652846742270079,"tensor([[0.5000]], dtype=torch.float64)",tensor([-255]),['s']
55.0,53.90975872334808,54.85584018803621,54.9009215752287,"tensor([[0.5000]], dtype=torch.float64)",tensor([-255]),['n']
60.0,58.78897040864767,59.673154264742124,59.510080678989816,"tensor([[0.5000]], dtype=torch.float64)",tensor([-255]),['s']
65.0,61.096333640199475,64.55273578945203,64.35925875033341,"tensor([[0.5000]], dtype=torch.float64)",tensor([-255]),['s']
35.0,39.68595199606053,35.1884637000094,35.232799289432336,"tensor([[0.5000]], dtype=torch.float64)",tensor([-255]),['n']
53.0,53.68067378058063,52.98517662091456,53.00993682699543,"tensor([[0.5000]], dtype=torch.float64)",tensor([-255]),['n']
26.0,59.15823739091975,26.040275760509623,25.890547832412132,"tensor([[0.5000]], dtype=torch.float64)",tensor([-255]),['n']
33.0,33.523836246900956,33.193468761788694,32.650858455804666,"tensor([[0.5000]], dtype=torch.float64)",tensor([-255]),['n']
52.0,49.977457170807305,52.10849360168491,52.72165972509156,"tensor([[0.5000]], dtype=torch.float64)",tensor([-255]),['s']
0.0,68.23605231343825,0.0,0.08701568411833326,"tensor([[0.5000]], dtype=torch.float64)",tensor([-255]),['s']
47.0,47.015500367833624,47.891997085454655,48.03769435420523,"tensor([[0.5000]], dtype=torch.float64)",tensor([-255]),['s']
51.0,51.59085499024471,51.08555976215577,51.3226574326758,"tensor([[0.5000]], dtype=torch.float64)",tensor([-255]),['n']
59.0,4.073502074755889,58.44707093259817,58.067792505429495,"tensor([[0.5000]], dtype=torch.float64)",tensor([-255]),['n']
26.0,28.02449832703202,26.021091133611733,24.697449269254744,"tensor([[0.5000]], dtype=torch.float64)",tensor([-255]),['n']
39.0,35.895079517440486,39.13192481501254,39.10883531935421,"tensor([[0.5000]], dtype=torch.float64)",tensor([-255]),['s']
1.0,3.734214302360535,0.9706732155948539,1.1062720631648224,"tensor([[0.5000]], dtype=torch.float64)",tensor([-255]),['s']
59.0,62.02323499663199,58.17255817504421,58.03407726648845,"tensor([[0.5000]], dtype=torch.float64)",tensor([-255]),['n']
64.0,64.9867904617567,63.49098074434186,63.512652493891736,"tensor([[0.5000]], dtype=torch.float64)",tensor([-255]),['s']
26.0,26.69249148601597,26.218182026080534,25.353481028731075,"tensor([[0.5000]], dtype=torch.float64)",tensor([-255]),['n']
25.0,24.222152196314063,24.978615526705283,25.004081235565693,"tensor([[0.5000]], dtype=torch.float64)",tensor([-255]),['n']
71.0,65.50801832912776,70.50763491202387,70.62614048325686,"tensor([[0.5000]], dtype=torch.float64)",tensor([-255]),['s']
40.0,40.00570996924719,39.93948016236512,40.7158815928739,"tensor([[0.5000]], dtype=torch.float64)",tensor([-255]),['n']
6.0,22.614422336132915,5.8972744373867165,6.006989401092999,"tensor([[0.5000]], dtype=torch.float64)",tensor([-255]),['s']
60.0,59.42720694230408,59.44781590287112,58.995876751968375,"tensor([[0.5000]], dtype=torch.float64)",tensor([-255]),['n']
42.0,44.50446137134338,42.86487351864509,42.98940401251772,"tensor([[0.5000]], dtype=torch.float64)",tensor([-255]),['s']
53.0,19.214909526402376,53.165951415652835,53.04325792257936,"tensor([[0.5000]], dtype=torch.float64)",tensor([-255]),['s']
57.0,59.411314082116874,56.598519121269526,56.56528646452276,"tensor([[0.5000]], dtype=torch.float64)",tensor([-255]),['n']
38.0,37.87940045949196,38.389980508664515,38.67755468122214,"tensor([[0.5000]], dtype=torch.float64)",tensor([-255]),['n']
54.0,54.137802745076186,53.97912558636385,53.969346509392985,"tensor([[0.5000]], dtype=torch.float64)",tensor([-255]),['n']
19.0,17.231217925078727,18.91392709943784,18.91495696945057,"tensor([[0.5000]], dtype=torch.float64)",tensor([-255]),['s']
68.0,68.8654245049224,67.31273204391749,66.97144479871828,"tensor([[0.5000]], dtype=torch.float64)",tensor([-255]),['n']
69.0,64.08439155532616,68.77681462579781,68.78213896954898,"tensor([[0.5000]], dtype=torch.float64)",tensor([-255]),['n']
46.0,46.42841060770657,46.40339195165476,46.83054028648799,"tensor([[0.5000]], dtype=torch.float64)",tensor([-255]),['n']
27.0,25.96188328402652,26.95310202346606,25.899098358975,"tensor([[0.5000]], dtype=torch.float64)",tensor([-255]),['s']
15.0,14.962795215040089,15.518545309504901,15.730598792834074,"tensor([[0.5000]], dtype=torch.float64)",tensor([-255]),['s']
32.0,38.65601149279459,31.981890258261025,30.1258929544508,"tensor([[0.5000]], dtype=torch.float64)",tensor([-255]),['n']
66.0,65.71688015240827,65.15953036495647,65.5376607304896,"tensor([[0.5000]], dtype=torch.float64)",tensor([-255]),['s']
68.0,70.01530027530302,67.91893786707102,68.0934995650765,"tensor([[0.5000]], dtype=torch.float64)",tensor([-255]),['n']
7.0,4.963613420723211,7.362747583664571,7.34221463174764,"tensor([[0.5000]], dtype=torch.float64)",tensor([-255]),['s']
42.0,44.178640903502234,43.15027271535227,42.76014989011536,"tensor([[0.5000]], dtype=torch.float64)",tensor([-255]),['s']
22.0,22.75639447091605,22.172582268655784,22.049262857101066,"tensor([[0.5000]], dtype=torch.float64)",tensor([-255]),['s']
55.0,57.35046164005916,54.876451808564816,54.90759301820657,"tensor([[0.5000]], dtype=torch.float64)",tensor([-255]),['s']
65.0,65.69800323341653,64.3165754234254,63.97094185044302,"tensor([[0.5000]], dtype=torch.float64)",tensor([-255]),['n']
49.0,46.90957091605326,49.73226850656343,49.79379997609357,"tensor([[0.5000]], dtype=torch.float64)",tensor([-255]),['s']
26.0,26.4657261963596,25.781447496925086,25.387670200985834,"tensor([[0.5000]], dtype=torch.float64)",tensor([-255]),['s']
62.0,63.44188215473875,61.004580359500046,61.154888971052934,"tensor([[0.5000]], dtype=torch.float64)",tensor([-255]),['s']
63.0,63.036983023529274,62.610029184560595,61.94785302811226,"tensor([[0.5000]], dtype=torch.float64)",tensor([-255]),['n']
62.0,61.33330374332159,61.3856909457656,61.19640561449844,"tensor([[0.5000]], dtype=torch.float64)",tensor([-255]),['n']
57.0,57.89193747394522,56.65411433188915,56.372467934693184,"tensor([[0.5000]], dtype=torch.float64)",tensor([-255]),['s']
44.0,42.027707329175044,45.01934715868368,45.40676600935131,"tensor([[0.5000]], dtype=torch.float64)",tensor([-255]),['s']
71.0,70.79182725266766,70.89180352031188,70.4711133686159,"tensor([[0.5000]], dtype=torch.float64)",tensor([-255]),['s']
48.0,47.8677467827128,48.608218135579676,49.06551265480126,"tensor([[0.5000]], dtype=torch.float64)",tensor([-255]),['s']
32.0,26.749037778334745,32.455568059185325,31.92528336304205,"tensor([[0.5000]], dtype=torch.float64)",tensor([-255]),['n']
21.0,28.480226632485337,21.11120675856034,20.998253910153547,"tensor([[0.5000]], dtype=torch.float64)",tensor([-255]),['s']
60.0,3.7805868237117384,59.17325298610777,59.11115638440036,"tensor([[0.5000]], dtype=torch.float64)",tensor([-255]),['n']
63.0,62.05091686324364,62.195496423051516,61.82910703316528,"tensor([[0.5000]], dtype=torch.float64)",tensor([-255]),['s']
2.0,1.8577838619302314,2.055673980456425,2.068671803854643,"tensor([[0.5000]], dtype=torch.float64)",tensor([-255]),['n']
24.0,29.988121979324212,23.04574501876869,23.31813333611176,"tensor([[0.5000]], dtype=torch.float64)",tensor([-255]),['s']
60.0,58.98561406391564,59.89793531125011,59.77492216735435,"tensor([[0.5000]], dtype=torch.float64)",tensor([-255]),['s']
13.0,11.86506461796366,13.267902886554435,13.657334419818861,"tensor([[0.5000]], dtype=torch.float64)",tensor([-255]),['s']
11.0,10.046846350829805,10.399235249312621,10.533232362731848,"tensor([[0.5000]], dtype=torch.float64)",tensor([-255]),['n']
43.0,34.98023221190206,19.99955006658735,19.975066397695525,"tensor([[0.5000]], dtype=torch.float64)",tensor([-255]),['s']
25.0,26.329902644760722,25.496272587282444,25.26739787106419,"tensor([[0.5000]], dtype=torch.float64)",tensor([-255]),['s']
39.0,33.09859987011328,38.68936733143347,38.043370029091385,"tensor([[0.5000]], dtype=torch.float64)",tensor([-255]),['n']
38.0,26.087289362845382,38.72230947525268,38.89977065204797,"tensor([[0.5000]], dtype=torch.float64)",tensor([-255]),['n']
60.0,59.65223787311772,59.329331992385484,58.869623421260734,"tensor([[0.5000]], dtype=torch.float64)",tensor([-255]),['s']
10.0,9.936095185268272,10.24939362195491,9.965854810613374,"tensor([[0.5000]], dtype=torch.float64)",tensor([-255]),['s']
27.0,28.445096032942473,27.295449925717868,26.89571188816841,"tensor([[0.5000]], dtype=torch.float64)",tensor([-255]),['s']
39.0,32.66927338407238,38.88416111843466,38.86102169119866,"tensor([[0.5000]], dtype=torch.float64)",tensor([-255]),['n']
4.0,3.985313667921705,3.6878237634962048,4.55128814938077,"tensor([[0.5000]], dtype=torch.float64)",tensor([-255]),['n']
14.0,8.0563822343535,14.746528947018918,14.048904576501355,"tensor([[0.5000]], dtype=torch.float64)",tensor([-255]),['s']
67.0,60.61243335601763,66.40639044331948,66.0739943939475,"tensor([[0.5000]], dtype=torch.float64)",tensor([-255]),['s']
31.0,40.752525715840655,31.06031594713906,30.557479117608246,"tensor([[0.5000]], dtype=torch.float64)",tensor([-255]),['s']
6.0,9.40557926538887,5.593113764854607,5.881535928560721,"tensor([[0.5000]], dtype=torch.float64)",tensor([-255]),['s']
41.0,41.70715842147334,41.01851134185204,43.788452480908475,"tensor([[0.5000]], dtype=torch.float64)",tensor([-255]),['n']
22.0,19.86176673929498,22.134497405135203,22.06822093106016,"tensor([[0.5000]], dtype=torch.float64)",tensor([-255]),['s']
11.0,10.898557287319235,11.107056530334495,11.081133964060541,"tensor([[0.5000]], dtype=torch.float64)",tensor([-255]),['n']
29.0,29.087088424792167,29.18312091553996,29.17074075224195,"tensor([[0.5000]], dtype=torch.float64)",tensor([-255]),['s']
15.0,13.664090270349574,14.781794171485084,14.95966729904049,"tensor([[0.5000]], dtype=torch.float64)",tensor([-255]),['s']
35.0,32.21279445013324,34.95902168937711,34.87817659409824,"tensor([[0.5000]], dtype=torch.float64)",tensor([-255]),['s']
4.0,4.289569964592792,52.91074583452191,4.214012320908186,"tensor([[0.5000]], dtype=torch.float64)",tensor([-255]),['s']
22.0,20.89136997342193,22.34808483983043,22.128062756100928,"tensor([[0.5000]], dtype=torch.float64)",tensor([-255]),['s']
54.0,53.11186345697771,53.999568632955324,53.99471027239286,"tensor([[0.5000]], dtype=torch.float64)",tensor([-255]),['s']
38.0,35.823803189097475,38.090212895277226,39.28746576423667,"tensor([[0.5000]], dtype=torch.float64)",tensor([-255]),['n']
12.0,30.109381054346393,12.05415102246237,12.48052901451842,"tensor([[0.5000]], dtype=torch.float64)",tensor([-255]),['n']
15.0,14.547308308074353,15.325899381780403,15.349305323846497,"tensor([[0.5000]], dtype=torch.float64)",tensor([-255]),['n']
67.0,65.12630730724527,66.33999406864596,66.68586493939348,"tensor([[0.5000]], dtype=torch.float64)",tensor([-255]),['s']
67.0,0.13955454698327793,57.466654519014405,66.81289322898309,"tensor([[0.5000]], dtype=torch.float64)",tensor([-255]),['s']
26.0,26.137389839422845,24.80707211568455,25.50819949326179,"tensor([[0.5000]], dtype=torch.float64)",tensor([-255]),['s']
61.0,20.329264918414754,60.45188414699873,60.58657585947674,"tensor([[0.5000]], dtype=torch.float64)",tensor([-255]),['s']
20.0,62.99356527911891,19.991308063102448,19.930318947736286,"tensor([[0.5000]], dtype=torch.float64)",tensor([-255]),['n']
12.0,14.682089217661414,11.837495037907654,11.95724697619107,"tensor([[0.5000]], dtype=torch.float64)",tensor([-255]),['s']
49.0,36.665093823436635,49.87748155424504,49.752596986214854,"tensor([[0.5000]], dtype=torch.float64)",tensor([-255]),['s']
8.0,5.428793251759364,7.720075082026187,8.070722031803117,"tensor([[0.5000]], dtype=torch.float64)",tensor([-255]),['n']
24.0,23.01867463713842,23.873741978691143,23.90096298393237,"tensor([[0.5000]], dtype=torch.float64)",tensor([-255]),['n']
25.0,26.023085391435828,24.625292620482437,24.82720929938043,"tensor([[0.5000]], dtype=torch.float64)",tensor([-255]),['n']
63.0,61.892503963209755,62.203175050607605,61.45614823674906,"tensor([[0.5000]], dtype=torch.float64)",tensor([-255]),['s']
7.0,9.224350893485536,7.306190515317218,7.797572928729673,"tensor([[0.5000]], dtype=torch.float64)",tensor([-255]),['s']
66.0,63.634766374972244,65.32946008430953,65.1741743038809,"tensor([[0.5000]], dtype=torch.float64)",tensor([-255]),['s']
0.0,68.83715845000378,0.0,0.0,"tensor([[0.5000]], dtype=torch.float64)",tensor([-255]),['s']
40.0,43.150825478900664,40.620941289687245,40.471822582561664,"tensor([[0.5000]], dtype=torch.float64)",tensor([-255]),['s']
7.0,3.8541276258894213,7.160886377157467,7.175610504254381,"tensor([[0.5000]], dtype=torch.float64)",tensor([-255]),['n']
68.0,69.58725018909757,67.86332291088236,68.09763492074124,"tensor([[0.5000]], dtype=torch.float64)",tensor([-255]),['n']
10.0,8.89462029156648,10.172885070210793,10.091337309727999,"tensor([[0.5000]], dtype=torch.float64)",tensor([-255]),['s']
31.0,32.38264792907913,30.94425862975224,29.85031036609111,"tensor([[0.5000]], dtype=torch.float64)",tensor([-255]),['s']
34.0,32.693113633847624,33.8775752713824,33.257268883508296,"tensor([[0.5000]], dtype=torch.float64)",tensor([-255]),['s']
28.0,27.693989976169846,28.07631356544913,27.80579417179374,"tensor([[0.5000]], dtype=torch.float64)",tensor([-255]),['s']
9.0,10.342953581711043,9.52671032896619,9.660473461553043,"tensor([[0.5000]], dtype=torch.float64)",tensor([-255]),['s']
12.0,10.506611198926501,12.076983623227147,12.408213922131026,"tensor([[0.5000]], dtype=torch.float64)",tensor([-255]),['s']
11.0,11.018659089845082,11.027396347277312,11.157532076698043,"tensor([[0.5000]], dtype=torch.float64)",tensor([-255]),['s']
65.0,63.16622516714319,64.6081037639376,64.7163027827153,"tensor([[0.5000]], dtype=torch.float64)",tensor([-255]),['n']
58.0,58.12424871324288,57.56610472863732,57.360700978309126,"tensor([[0.5000]], dtype=torch.float64)",tensor([-255]),['n']
2.0,67.8769401869642,1.6937595091352302,1.9088562054357914,"tensor([[0.5000]], dtype=torch.float64)",tensor([-255]),['n']
13.0,12.699506822412975,13.071743556427574,13.072290543074391,"tensor([[0.5000]], dtype=torch.float64)",tensor([-255]),['n']
37.0,33.14685286254237,36.532231139341796,36.88943301572316,"tensor([[0.5000]], dtype=torch.float64)",tensor([-255]),['n']
59.0,56.72917595052255,59.990177733026485,58.7020520893862,"tensor([[0.5000]], dtype=torch.float64)",tensor([-255]),['s']
29.0,28.115113427472906,29.25044659331984,28.67100612266004,"tensor([[0.5000]], dtype=torch.float64)",tensor([-255]),['n']
53.0,32.38886740642355,53.16011883342803,53.04178145763311,"tensor([[0.5000]], dtype=torch.float64)",tensor([-255]),['n']
55.0,52.97381117472798,54.83321929152503,54.95714790651689,"tensor([[0.5000]], dtype=torch.float64)",tensor([-255]),['n']
60.0,59.252536687992595,59.41507782957445,58.91915429971737,"tensor([[0.5000]], dtype=torch.float64)",tensor([-255]),['n']
51.0,48.51484157301873,51.7256314233441,51.84359675982395,"tensor([[0.5000]], dtype=torch.float64)",tensor([-255]),['s']
28.0,30.136172014156486,27.992004924320476,27.168644774229588,"tensor([[0.5000]], dtype=torch.float64)",tensor([-255]),['n']
64.0,61.740180064882324,63.20670838320367,63.01648992944388,"tensor([[0.5000]], dtype=torch.float64)",tensor([-255]),['s']
35.0,29.905814684356688,35.44506907833034,35.825369076235624,"tensor([[0.5000]], dtype=torch.float64)",tensor([-255]),['s']
7.0,7.814168527389547,7.065738687636793,7.229277857006274,"tensor([[0.5000]], dtype=torch.float64)",tensor([-255]),['n']
37.0,37.696710172024694,37.6482618974792,38.12921963820069,"tensor([[0.5000]], dtype=torch.float64)",tensor([-255]),['s']
40.0,41.42648138871137,40.0668151723405,40.11057242964997,"tensor([[0.5000]], dtype=torch.float64)",tensor([-255]),['n']
4.0,68.7212276955595,3.995413544859258,4.2354104334575515,"tensor([[0.5000]], dtype=torch.float64)",tensor([-255]),['n']
40.0,41.83686241310362,45.20050579932648,40.18497951420627,"tensor([[0.5000]], dtype=torch.float64)",tensor([-255]),['s']
26.0,54.78899668818384,25.78803969369264,25.863022935823242,"tensor([[0.5000]], dtype=torch.float64)",tensor([-255]),['s']
26.0,26.31780932145102,24.874111401307818,25.04442281623345,"tensor([[0.5000]], dtype=torch.float64)",tensor([-255]),['s']
27.0,26.844166977137885,26.30269428148601,26.289677556801553,"tensor([[0.5000]], dtype=torch.float64)",tensor([-255]),['n']
3.0,68.41857711644474,2.4040430972662667,3.0246755070042797,"tensor([[0.5000]], dtype=torch.float64)",tensor([-255]),['n']
67.0,3.0893021206511957,66.74730257356312,66.46465570706528,"tensor([[0.5000]], dtype=torch.float64)",tensor([-255]),['s']
21.0,21.026731083196104,20.85980578741407,20.789517291383753,"tensor([[0.5000]], dtype=torch.float64)",tensor([-255]),['s']
20.0,20.111315039076644,19.89807034509575,19.972255251996238,"tensor([[0.5000]], dtype=torch.float64)",tensor([-255]),['s']
42.0,42.83404987178158,42.4274719707436,42.521937077947804,"tensor([[0.5000]], dtype=torch.float64)",tensor([-255]),['s']
1.0,0.16891877264022448,1.1246060118088108,1.2114070454129167,"tensor([[0.5000]], dtype=torch.float64)",tensor([-255]),['n']
46.0,47.78175634141309,46.16277462658024,46.09464874496207,"tensor([[0.5000]], dtype=torch.float64)",tensor([-255]),['n']
63.0,60.67104046303524,61.68285319089805,61.94548831235082,"tensor([[0.5000]], dtype=torch.float64)",tensor([-255]),['s']
15.0,8.511556776904035,14.570050803239727,15.067900819759823,"tensor([[0.5000]], dtype=torch.float64)",tensor([-255]),['s']
71.0,65.97400249066922,70.88549151197682,70.55572550733017,"tensor([[0.5000]], dtype=torch.float64)",tensor([-255]),['n']
69.0,3.9872230265038557,68.5153498349914,68.86026024574176,"tensor([[0.5000]], dtype=torch.float64)",tensor([-255]),['s']
39.0,38.942873347314965,49.22820584057406,42.495241847563214,"tensor([[0.5000]], dtype=torch.float64)",tensor([-255]),['s']
41.0,35.86842079359196,41.10949033545813,41.34640335120612,"tensor([[0.5000]], dtype=torch.float64)",tensor([-255]),['n']
13.0,14.083617990535839,12.684181911503027,13.003714994171101,"tensor([[0.5000]], dtype=torch.float64)",tensor([-255]),['s']
31.0,25.762940673765915,23.858250390481366,30.851254261947133,"tensor([[0.5000]], dtype=torch.float64)",tensor([-255]),['s']
8.0,13.713037905118364,8.081857372457026,9.068360568758564,"tensor([[0.5000]], dtype=torch.float64)",tensor([-255]),['s']
69.0,64.72492434637839,69.00466769053178,68.57066456165684,"tensor([[0.5000]], dtype=torch.float64)",tensor([-255]),['n']
15.0,15.243356455757153,14.457061693526862,14.795530561356255,"tensor([[0.5000]], dtype=torch.float64)",tensor([-255]),['n']
58.0,29.099686452978695,57.728161493222665,57.71363115135836,"tensor([[0.5000]], dtype=torch.float64)",tensor([-255]),['n']
61.0,62.139802358312025,60.10967796366465,59.74072149704072,"tensor([[0.5000]], dtype=torch.float64)",tensor([-255]),['n']
42.0,42.10911045474742,42.66094460967049,43.57780369624234,"tensor([[0.5000]], dtype=torch.float64)",tensor([-255]),['n']
6.0,8.950155685075512,6.179861648753662,7.222129389079816,"tensor([[0.5000]], dtype=torch.float64)",tensor([-255]),['n']
32.0,28.075139640266684,32.22169916774197,32.048978336022664,"tensor([[0.5000]], dtype=torch.float64)",tensor([-255]),['n']
52.0,49.115248910904015,52.267424076772365,52.25126880971218,"tensor([[0.5000]], dtype=torch.float64)",tensor([-255]),['n']
20.0,18.47836308300129,19.901910447238826,19.931669312233563,"tensor([[0.5000]], dtype=torch.float64)",tensor([-255]),['n']
58.0,59.108463957626284,57.35796377976316,57.138842566897964,"tensor([[0.5000]], dtype=torch.float64)",tensor([-255]),['s']
24.0,23.810833288210656,23.778600443706267,23.680931879099735,"tensor([[0.5000]], dtype=torch.float64)",tensor([-255]),['s']
20.0,52.09903653713557,19.743981569727985,20.008632162632992,"tensor([[0.5000]], dtype=torch.float64)",tensor([-255]),['s']
38.0,39.12646730978922,38.174958539605,38.22865636259979,"tensor([[0.5000]], dtype=torch.float64)",tensor([-255]),['n']
36.0,30.734484722784842,35.79864507843776,35.231479553008114,"tensor([[0.5000]], dtype=torch.float64)",tensor([-255]),['s']
44.0,43.65601174708961,44.87134600762738,44.77330521423227,"tensor([[0.5000]], dtype=torch.float64)",tensor([-255]),['s']
67.0,65.01395007553094,66.42634592165625,66.64161266137957,"tensor([[0.5000]], dtype=torch.float64)",tensor([-255]),['s']
26.0,25.458425303634108,26.005547764157377,24.93693090379987,"tensor([[0.5000]], dtype=torch.float64)",tensor([-255]),['s']
26.0,25.47436489362272,25.835633358761424,25.8009656201116,"tensor([[0.5000]], dtype=torch.float64)",tensor([-255]),['n']
10.0,10.428567457928583,10.197872747288956,11.407860621501822,"tensor([[0.5000]], dtype=torch.float64)",tensor([-255]),['n']
29.0,31.942522474676533,29.47974299083248,29.341767752597008,"tensor([[0.5000]], dtype=torch.float64)",tensor([-255]),['n']
35.0,32.70781655356153,37.032391003132474,35.790211734973575,"tensor([[0.5000]], dtype=torch.float64)",tensor([-255]),['s']
44.0,43.304506036582865,44.1087596080539,44.23783090520467,"tensor([[0.5000]], dtype=torch.float64)",tensor([-255]),['n']
36.0,35.98451270772861,36.13703497350898,35.87725145789395,"tensor([[0.5000]], dtype=torch.float64)",tensor([-255]),['n']
44.0,44.64535384322984,44.72079843827112,45.10393873908927,"tensor([[0.5000]], dtype=torch.float64)",tensor([-255]),['n']
60.0,60.00184811500147,59.52703844756643,59.01695540745012,"tensor([[0.5000]], dtype=torch.float64)",tensor([-255]),['n']
24.0,27.238448087969545,23.441788367330552,22.997196799678203,"tensor([[0.5000]], dtype=torch.float64)",tensor([-255]),['s']
8.0,5.624038177472336,8.294808892590364,8.432458738353906,"tensor([[0.5000]], dtype=torch.float64)",tensor([-255]),['n']
14.0,46.367001289675116,14.357501031459169,14.087849719049927,"tensor([[0.5000]], dtype=torch.float64)",tensor([-255]),['s']
25.0,23.26222592790218,25.664427764421507,25.709234700933685,"tensor([[0.5000]], dtype=torch.float64)",tensor([-255]),['n']
52.0,51.92348661105573,52.512014001159,52.57886488420555,"tensor([[0.5000]], dtype=torch.float64)",tensor([-255]),['s']
65.0,65.2589411199059,64.733833456932,64.74284837867252,"tensor([[0.5000]], dtype=torch.float64)",tensor([-255]),['n']
11.0,9.672864168265725,10.90145144295142,10.982378744718117,"tensor([[0.5000]], dtype=torch.float64)",tensor([-255]),['n']
59.0,62.53010486710862,58.66388100190358,58.19755509703778,"tensor([[0.5000]], dtype=torch.float64)",tensor([-255]),['s']
40.0,35.87895010907109,40.31598767749448,41.81120908533742,"tensor([[0.5000]], dtype=torch.float64)",tensor([-255]),['s']
22.0,23.646590511683435,22.451476758477547,22.02174431124675,"tensor([[0.5000]], dtype=torch.float64)",tensor([-255]),['s']
51.0,52.00696261413529,52.012558516193735,51.84640018794735,"tensor([[0.5000]], dtype=torch.float64)",tensor([-255]),['s']
46.0,36.71209029550903,46.60527507169789,47.24302820928118,"tensor([[0.5000]], dtype=torch.float64)",tensor([-255]),['n']
33.0,35.619663237501896,32.874871692682085,31.381693132046944,"tensor([[0.5000]], dtype=torch.float64)",tensor([-255]),['n']
32.0,30.218061278441148,32.243866354786505,29.94238483689808,"tensor([[0.5000]], dtype=torch.float64)",tensor([-255]),['n']
18.0,40.88152410878362,17.941588828951147,17.975921902401684,"tensor([[0.5000]], dtype=torch.float64)",tensor([-255]),['s']
33.0,47.09378602947335,33.78500855087972,34.509999433757216,"tensor([[0.5000]], dtype=torch.float64)",tensor([-255]),['s']
53.0,52.088667516050606,53.1012339574404,53.05451902947806,"tensor([[0.5000]], dtype=torch.float64)",tensor([-255]),['n']
58.0,56.859462799971936,57.426941712121256,57.085057504793305,"tensor([[0.5000]], dtype=torch.float64)",tensor([-255]),['s']
41.0,40.39560224725091,41.120810359553815,43.514139387678405,"tensor([[0.5000]], dtype=torch.float64)",tensor([-255]),['s']
12.0,10.76402567364811,11.799254142782994,12.530728260594184,"tensor([[0.5000]], dtype=torch.float64)",tensor([-255]),['s']
19.0,67.75456714695397,18.894728218976827,18.573356385383768,"tensor([[0.5000]], dtype=torch.float64)",tensor([-255]),['s']
58.0,58.632058662191945,57.86563804472186,57.76813813471743,"tensor([[0.5000]], dtype=torch.float64)",tensor([-255]),['s']
34.0,29.544748862268673,33.55327917190971,32.708344943078465,"tensor([[0.5000]], dtype=torch.float64)",tensor([-255]),['n']
7.0,6.927452948037589,6.894007562189472,7.628478245339804,"tensor([[0.5000]], dtype=torch.float64)",tensor([-255]),['n']
65.0,65.81139863403445,63.59740449331027,63.07715690208356,"tensor([[0.5000]], dtype=torch.float64)",tensor([-255]),['n']
58.0,59.74333957687041,56.97611917828192,56.8928091920274,"tensor([[0.5000]], dtype=torch.float64)",tensor([-255]),['s']
50.0,49.24612976141532,50.54834063378069,50.93957967213656,"tensor([[0.5000]], dtype=torch.float64)",tensor([-255]),['n']
13.0,10.916969536628864,13.035413356793988,13.057656588241464,"tensor([[0.5000]], dtype=torch.float64)",tensor([-255]),['n']
22.0,24.86552191945006,22.517280667402098,21.810702101939977,"tensor([[0.5000]], dtype=torch.float64)",tensor([-255]),['s']
69.0,70.65882379557569,59.60139655745961,61.98473275997086,"tensor([[0.5000]], dtype=torch.float64)",tensor([-255]),['s']
3.0,1.3901778135519653,2.9269873116426983,3.3876120900990934,"tensor([[0.5000]], dtype=torch.float64)",tensor([-255]),['s']
4.0,2.432896681072689,4.00088681156827,4.498340104448986,"tensor([[0.5000]], dtype=torch.float64)",tensor([-255]),['s']
46.0,41.640782072266376,47.23172538730141,47.54824180139344,"tensor([[0.5000]], dtype=torch.float64)",tensor([-255]),['n']
35.0,35.40894735101961,35.059159511245156,34.05570050747283,"tensor([[0.5000]], dtype=torch.float64)",tensor([-255]),['n']
20.0,21.043113385811107,20.071855185308713,20.018307895001232,"tensor([[0.5000]], dtype=torch.float64)",tensor([-255]),['s']
0.0,70.97719991920577,0.0,0.017704052177357668,"tensor([[0.5000]], dtype=torch.float64)",tensor([-255]),['s']
16.0,16.05347357493673,16.450200998986475,16.036036473624872,"tensor([[0.5000]], dtype=torch.float64)",tensor([-255]),['s']
55.0,54.18799767144441,54.723724402061926,54.86967678501068,"tensor([[0.5000]], dtype=torch.float64)",tensor([-255]),['s']
70.0,67.44795760827651,69.75242486550219,69.79893799577067,"tensor([[0.5000]], dtype=torch.float64)",tensor([-255]),['n']
6.0,9.888284055257012,5.697262808240579,5.8416746339556855,"tensor([[0.5000]], dtype=torch.float64)",tensor([-255]),['n']
48.0,50.89310056445659,48.50092731754877,48.56504850965847,"tensor([[0.5000]], dtype=torch.float64)",tensor([-255]),['s']
24.0,62.59747249658065,24.101459158804396,23.975982725764123,"tensor([[0.5000]], dtype=torch.float64)",tensor([-255]),['n']
52.0,53.26825437842566,52.680740307111876,52.145418419615694,"tensor([[0.5000]], dtype=torch.float64)",tensor([-255]),['s']
25.0,27.232424460285998,24.54579865133915,24.700750878557788,"tensor([[0.5000]], dtype=torch.float64)",tensor([-255]),['s']
54.0,53.744480707923,53.94080048395281,53.93872885800944,"tensor([[0.5000]], dtype=torch.float64)",tensor([-255]),['n']
33.0,32.151262405826884,32.974071109555695,32.32250282545546,"tensor([[0.5000]], dtype=torch.float64)",tensor([-255]),['s']
21.0,40.400043488700454,20.850534818238877,20.906908869685733,"tensor([[0.5000]], dtype=torch.float64)",tensor([-255]),['n']
60.0,60.291615187495715,59.66496029746211,59.14867042411363,"tensor([[0.5000]], dtype=torch.float64)",tensor([-255]),['s']
39.0,39.607104164427454,39.63059435992147,40.33344107457919,"tensor([[0.5000]], dtype=torch.float64)",tensor([-255]),['s']
4.0,63.670899907921104,3.7030196376084974,4.682455290684906,"tensor([[0.5000]], dtype=torch.float64)",tensor([-255]),['n']
46.0,47.17794184406031,46.360871180652566,46.37285294353167,"tensor([[0.5000]], dtype=torch.float64)",tensor([-255]),['n']
26.0,27.06928178911526,25.67511116440444,25.398047753312206,"tensor([[0.5000]], dtype=torch.float64)",tensor([-255]),['s']
10.0,10.849448415948828,9.981658833544982,9.969283606311583,"tensor([[0.5000]], dtype=torch.float64)",tensor([-255]),['n']
64.0,22.7446231852784,63.69018995751332,63.12838605878038,"tensor([[0.5000]], dtype=torch.float64)",tensor([-255]),['n']
71.0,67.8729349843812,70.83010733274732,71.0,"tensor([[0.5000]], dtype=torch.float64)",tensor([-255]),['s']
12.0,14.751988272056424,11.533328700148832,11.925938348759923,"tensor([[0.5000]], dtype=torch.float64)",tensor([-255]),['s']
52.0,51.648805859210015,52.2562948886581,52.143961973894086,"tensor([[0.5000]], dtype=torch.float64)",tensor([-255]),['s']
70.0,67.96992469307341,60.96555486103713,69.55390716509768,"tensor([[0.5000]], dtype=torch.float64)",tensor([-255]),['s']
59.0,60.33568793960044,58.40338944807536,57.30543171944814,"tensor([[0.5000]], dtype=torch.float64)",tensor([-255]),['n']
23.0,22.862920019276565,22.907932319271602,22.843990668219895,"tensor([[0.5000]], dtype=torch.float64)",tensor([-255]),['n']
22.0,46.522753716300706,22.175988995496542,21.763223728343874,"tensor([[0.5000]], dtype=torch.float64)",tensor([-255]),['s']
9.0,9.623368433309718,9.059283812929028,9.191736517935835,"tensor([[0.5000]], dtype=torch.float64)",tensor([-255]),['s']
61.0,63.83300443774378,60.63551070224436,59.86285380055851,"tensor([[0.5000]], dtype=torch.float64)",tensor([-255]),['n']
57.0,61.855117338464176,56.052068292203046,56.021054278945975,"tensor([[0.5000]], dtype=torch.float64)",tensor([-255]),['s']
44.0,45.05044043827803,45.04741420348249,47.695546248981685,"tensor([[0.5000]], dtype=torch.float64)",tensor([-255]),['n']
13.0,48.71037054609184,13.281099305588432,13.200178320074002,"tensor([[0.5000]], dtype=torch.float64)",tensor([-255]),['n']
34.0,29.038777312484328,33.99343368635464,33.354311332412706,"tensor([[0.5000]], dtype=torch.float64)",tensor([-255]),['n']
27.0,25.07058218375881,27.195596351644713,26.800749063892642,"tensor([[0.5000]], dtype=torch.float64)",tensor([-255]),['n']
58.0,59.94197983257505,57.38990748886742,57.2343448704207,"tensor([[0.5000]], dtype=torch.float64)",tensor([-255]),['s']
28.0,29.156120939585897,27.37081251876683,27.736548846559465,"tensor([[0.5000]], dtype=torch.float64)",tensor([-255]),['s']
36.0,40.859479814729795,36.09296906891261,36.449622626742325,"tensor([[0.5000]], dtype=torch.float64)",tensor([-255]),['s']
60.0,61.061423997327026,59.49395115461126,58.68911963512724,"tensor([[0.5000]], dtype=torch.float64)",tensor([-255]),['n']
12.0,69.083293414809,11.86292713531195,13.025033093411402,"tensor([[0.5000]], dtype=torch.float64)",tensor([-255]),['n']
18.0,19.792737459595617,18.690181738128423,18.539082288868446,"tensor([[0.5000]], dtype=torch.float64)",tensor([-255]),['s']
60.0,57.77085979325764,59.60252568817021,59.47969209379237,"tensor([[0.5000]], dtype=torch.float64)",tensor([-255]),['s']
25.0,27.298432850122794,24.686934260400616,24.858304519708447,"tensor([[0.5000]], dtype=torch.float64)",tensor([-255]),['s']
39.0,38.856833224587746,38.761627935996884,37.66176862896087,"tensor([[0.5000]], dtype=torch.float64)",tensor([-255]),['s']
65.0,64.20410763695544,64.40793236747028,64.33049495316851,"tensor([[0.5000]], dtype=torch.float64)",tensor([-255]),['n']
49.0,49.9512347480034,49.25044646060625,49.79226009648153,"tensor([[0.5000]], dtype=torch.float64)",tensor([-255]),['n']
55.0,53.23273697896484,54.852555544792835,54.98100837556951,"tensor([[0.5000]], dtype=torch.float64)",tensor([-255]),['n']
24.0,60.683954379779145,23.344311112348283,23.648664261040942,"tensor([[0.5000]], dtype=torch.float64)",tensor([-255]),['s']
58.0,28.013330423507647,58.6598365662639,57.368585459423045,"tensor([[0.5000]], dtype=torch.float64)",tensor([-255]),['s']
35.0,34.783695996600144,35.0044009131094,33.97282186832458,"tensor([[0.5000]], dtype=torch.float64)",tensor([-255]),['n']
3.0,4.820172873175459,3.0295683972695207,2.5911668587390113,"tensor([[0.5000]], dtype=torch.float64)",tensor([-255]),['s']
2.0,70.31466400145158,1.6148702258009395,1.6510691676753548,"tensor([[0.5000]], dtype=torch.float64)",tensor([-255]),['n']
9.0,9.419299698345014,8.229646417936314,8.263795341647414,"tensor([[0.5000]], dtype=torch.float64)",tensor([-255]),['n']
6.0,9.733946268272216,5.904567826927534,6.170126973208062,"tensor([[0.5000]], dtype=torch.float64)",tensor([-255]),['s']
33.0,32.82886315990925,33.08180035822131,32.51506428913675,"tensor([[0.5000]], dtype=torch.float64)",tensor([-255]),['n']
52.0,50.97805645491766,52.12195964130424,52.103033921595305,"tensor([[0.5000]], dtype=torch.float64)",tensor([-255]),['n']
21.0,23.203375870975734,20.880941974394304,21.019575314606733,"tensor([[0.5000]], dtype=torch.float64)",tensor([-255]),['s']
42.0,44.107054265296824,42.57805104312042,42.628608804706616,"tensor([[0.5000]], dtype=torch.float64)",tensor([-255]),['n']
6.0,4.121005466920856,5.965623166233856,7.295719917415382,"tensor([[0.5000]], dtype=torch.float64)",tensor([-255]),['n']
3.0,2.094583472099595,2.8641801483067475,3.0937395728802732,"tensor([[0.5000]], dtype=torch.float64)",tensor([-255]),['n']
37.0,46.91648319934958,36.79712701772735,36.97193971428511,"tensor([[0.5000]], dtype=torch.float64)",tensor([-255]),['n']
50.0,20.78656071497312,50.22751238262845,50.202030378779114,"tensor([[0.5000]], dtype=torch.float64)",tensor([-255]),['n']
17.0,16.733155288462957,17.135921489469965,17.075216581844966,"tensor([[0.5000]], dtype=torch.float64)",tensor([-255]),['s']
2.0,1.3655541755018334,1.9463059702394487,1.8758001182002186,"tensor([[0.5000]], dtype=torch.float64)",tensor([-255]),['n']
15.0,12.73034534055548,14.814962572745065,14.97168241519363,"tensor([[0.5000]], dtype=torch.float64)",tensor([-255]),['s']
11.0,11.826461244619491,10.496695382237862,10.629328366783959,"tensor([[0.5000]], dtype=torch.float64)",tensor([-255]),['n']
21.0,22.37828842570888,20.870880744415935,20.84336995960389,"tensor([[0.5000]], dtype=torch.float64)",tensor([-255]),['n']
23.0,24.99063678321922,22.14870430409964,22.535886325214836,"tensor([[0.5000]], dtype=torch.float64)",tensor([-255]),['s']
14.0,67.81253057284471,14.609986064508746,14.501569658959443,"tensor([[0.5000]], dtype=torch.float64)",tensor([-255]),['n']
55.0,55.65175891171104,55.003085346438475,54.391077272339814,"tensor([[0.5000]], dtype=torch.float64)",tensor([-255]),['n']
31.0,30.320937497168018,30.874702200016724,30.54479863495937,"tensor([[0.5000]], dtype=torch.float64)",tensor([-255]),['s']
7.0,70.88993837293165,9.790047283218394,6.878903019153351,"tensor([[0.5000]], dtype=torch.float64)",tensor([-255]),['n']
23.0,21.98405014722923,23.160548334467993,23.09996440689175,"tensor([[0.5000]], dtype=torch.float64)",tensor([-255]),['s']
47.0,41.15520946715766,47.43434250665673,47.87104499501256,"tensor([[0.5000]], dtype=torch.float64)",tensor([-255]),['s']
66.0,64.21959520281895,65.38285289321375,65.29010437099036,"tensor([[0.5000]], dtype=torch.float64)",tensor([-255]),['s']
9.0,6.16534986781044,8.524028919084277,9.122609588151109,"tensor([[0.5000]], dtype=torch.float64)",tensor([-255]),['n']
33.0,29.103176825293765,33.232808246762836,33.10091337691139,"tensor([[0.5000]], dtype=torch.float64)",tensor([-255]),['n']
4.0,4.436770181021098,12.277389361265552,5.250897578626559,"tensor([[0.5000]], dtype=torch.float64)",tensor([-255]),['s']
57.0,59.092900831165935,56.27549327009803,56.04300077624251,"tensor([[0.5000]], dtype=torch.float64)",tensor([-255]),['s']
32.0,30.812072337569866,31.959783413716348,31.799406051791163,"tensor([[0.5000]], dtype=torch.float64)",tensor([-255]),['n']
69.0,1.9133522036315456,69.22410872842737,68.77636402541253,"tensor([[0.5000]], dtype=torch.float64)",tensor([-255]),['s']
69.0,67.2203572420283,68.75811812057005,68.3447789419565,"tensor([[0.5000]], dtype=torch.float64)",tensor([-255]),['s']
16.0,25.22969817930759,15.855068618058933,15.972242337050705,"tensor([[0.5000]], dtype=torch.float64)",tensor([-255]),['s']
24.0,25.081649106988834,24.011246634190883,23.93093424249862,"tensor([[0.5000]], dtype=torch.float64)",tensor([-255]),['n']
49.0,49.30249972741833,49.357238165414394,49.923235195857956,"tensor([[0.5000]], dtype=torch.float64)",tensor([-255]),['s']
63.0,61.113601083818665,62.62362854733268,62.54618013604763,"tensor([[0.5000]], dtype=torch.float64)",tensor([-255]),['s']
22.0,22.76238597830778,22.0543490342606,22.020825001865013,"tensor([[0.5000]], dtype=torch.float64)",tensor([-255]),['n']
38.0,41.747480908686335,38.759104895404924,38.37967875458127,"tensor([[0.5000]], dtype=torch.float64)",tensor([-255]),['s']
7.0,6.864993344757325,6.716387955284151,7.044559964397806,"tensor([[0.5000]], dtype=torch.float64)",tensor([-255]),['s']
62.0,62.30137747625482,61.31136029335733,61.237832824769065,"tensor([[0.5000]], dtype=torch.float64)",tensor([-255]),['s']
33.0,35.99533747560886,33.45158608927473,33.04915959814069,"tensor([[0.5000]], dtype=torch.float64)",tensor([-255]),['s']
34.0,31.96524199080904,33.81703921489364,28.59420790441648,"tensor([[0.5000]], dtype=torch.float64)",tensor([-255]),['n']
9.0,46.16359370940902,8.576049605741117,8.472306657024868,"tensor([[0.5000]], dtype=torch.float64)",tensor([-255]),['s']
53.0,55.06903760757338,53.1724712953589,53.13928632667645,"tensor([[0.5000]], dtype=torch.float64)",tensor([-255]),['s']
48.0,48.464123664519995,48.69882803155026,48.78999039366298,"tensor([[0.5000]], dtype=torch.float64)",tensor([-255]),['s']
20.0,20.082549193519664,20.216005403796427,20.078993128446072,"tensor([[0.5000]], dtype=torch.float64)",tensor([-255]),['n']
35.0,32.93636982480528,35.35502824263066,35.34234704674405,"tensor([[0.5000]], dtype=torch.float64)",tensor([-255]),['s']
49.0,47.689412207008615,49.82557535191211,49.648454369181195,"tensor([[0.5000]], dtype=torch.float64)",tensor([-255]),['s']
67.0,66.38450340814464,61.56834574526167,65.63281843347961,"tensor([[0.5000]], dtype=torch.float64)",tensor([-255]),['s']
70.0,66.33201895452164,69.6401037687771,69.89640660372315,"tensor([[0.5000]], dtype=torch.float64)",tensor([-255]),['s']
27.0,25.252919669880576,26.17499615614616,26.759670894360788,"tensor([[0.5000]], dtype=torch.float64)",tensor([-255]),['n']
28.0,26.350945191908238,27.976042976896547,27.854664715064626,"tensor([[0.5000]], dtype=torch.float64)",tensor([-255]),['n']
33.0,32.01744893969557,33.41647468692094,33.44820682219329,"tensor([[0.5000]], dtype=torch.float64)",tensor([-255]),['n']
39.0,39.814631766568084,39.23857446277314,39.199750036687384,"tensor([[0.5000]], dtype=torch.float64)",tensor([-255]),['n']
40.0,40.78330920018949,40.400593966866104,40.944117184910624,"tensor([[0.5000]], dtype=torch.float64)",tensor([-255]),['n']
18.0,16.958588954465018,17.891179198505906,17.972764821415147,"tensor([[0.5000]], dtype=torch.float64)",tensor([-255]),['n']
9.0,10.049651228535177,8.136385182167036,8.960983266726156,"tensor([[0.5000]], dtype=torch.float64)",tensor([-255]),['s']
14.0,47.357455696441164,14.388187493304448,14.170337911378377,"tensor([[0.5000]], dtype=torch.float64)",tensor([-255]),['s']
24.0,24.980179314421363,23.45211627045896,23.2269957350507,"tensor([[0.5000]], dtype=torch.float64)",tensor([-255]),['s']
19.0,16.34504934653558,18.93427043747646,18.98371583635794,"tensor([[0.5000]], dtype=torch.float64)",tensor([-255]),['s']
49.0,46.11004898692451,49.173492005831605,49.946027685029,"tensor([[0.5000]], dtype=torch.float64)",tensor([-255]),['s']
58.0,15.179939403758798,57.692223293997145,57.53588720673153,"tensor([[0.5000]], dtype=torch.float64)",tensor([-255]),['n']
44.0,45.396527951917285,44.630666353721075,44.74192759287929,"tensor([[0.5000]], dtype=torch.float64)",tensor([-255]),['s']
40.0,39.64067937337539,40.023499686177814,40.2281128980949,"tensor([[0.5000]], dtype=torch.float64)",tensor([-255]),['s']
25.0,31.648186367710906,25.150435165766293,25.134294764083762,"tensor([[0.5000]], dtype=torch.float64)",tensor([-255]),['n']
47.0,46.264729815257866,47.06121753973334,47.884791525514075,"tensor([[0.5000]], dtype=torch.float64)",tensor([-255]),['s']
35.0,29.393709123949005,34.97371978686128,34.98581505601397,"tensor([[0.5000]], dtype=torch.float64)",tensor([-255]),['s']
22.0,21.238323427980816,22.155236108258595,22.10488687829024,"tensor([[0.5000]], dtype=torch.float64)",tensor([-255]),['s']
3.0,6.77807399832579,3.177408365099304,3.2535936629920577,"tensor([[0.5000]], dtype=torch.float64)",tensor([-255]),['s']
54.0,55.640849706787805,53.844904458572024,53.9647762740749,"tensor([[0.5000]], dtype=torch.float64)",tensor([-255]),['s']
69.0,68.1872381835265,69.02732016570567,68.79225338131145,"tensor([[0.5000]], dtype=torch.float64)",tensor([-255]),['n']
55.0,55.40777564859731,54.62044259200108,54.875100552703785,"tensor([[0.5000]], dtype=torch.float64)",tensor([-255]),['s']
7.0,70.02894411640472,6.92019142365375,6.949839147219073,"tensor([[0.5000]], dtype=torch.float64)",tensor([-255]),['n']
25.0,26.870276071050895,24.865795756471854,24.983290729641553,"tensor([[0.5000]], dtype=torch.float64)",tensor([-255]),['s']
49.0,50.86833321805347,49.623961695036094,49.229469178965495,"tensor([[0.5000]], dtype=torch.float64)",tensor([-255]),['s']
42.0,40.500212782292465,42.60763505618913,42.73544572759295,"tensor([[0.5000]], dtype=torch.float64)",tensor([-255]),['n']
12.0,10.048764320757279,12.630242724805033,12.925002207055371,"tensor([[0.5000]], dtype=torch.float64)",tensor([-255]),['n']
23.0,58.99150492460569,22.992782375692176,22.868888094930483,"tensor([[0.5000]], dtype=torch.float64)",tensor([-255]),['n']
16.0,14.470149891911973,15.639803927765909,16.027506764042382,"tensor([[0.5000]], dtype=torch.float64)",tensor([-255]),['s']
28.0,29.347866489049295,28.05552997121596,25.997853755676722,"tensor([[0.5000]], dtype=torch.float64)",tensor([-255]),['n']
47.0,46.841923551096386,47.38050741631388,47.16351811228194,"tensor([[0.5000]], dtype=torch.float64)",tensor([-255]),['s']
54.0,29.739776906088377,53.93177702936971,53.97097043834491,"tensor([[0.5000]], dtype=torch.float64)",tensor([-255]),['s']
0.0,70.40408664744804,0.0,0.0,"tensor([[0.5000]], dtype=torch.float64)",tensor([-255]),['s']
29.0,29.220007583916285,29.08968992774021,28.224596512203856,"tensor([[0.5000]], dtype=torch.float64)",tensor([-255]),['n']
63.0,0.904896218064148,62.08462021392644,62.06123178598111,"tensor([[0.5000]], dtype=torch.float64)",tensor([-255]),['s']
21.0,39.56579228253024,21.06613844125589,20.843593579256154,"tensor([[0.5000]], dtype=torch.float64)",tensor([-255]),['s']
50.0,50.22063570181194,50.37884976986718,50.61648463151918,"tensor([[0.5000]], dtype=torch.float64)",tensor([-255]),['n']
47.0,47.336814482363145,47.131627584569934,47.142557895452214,"tensor([[0.5000]], dtype=torch.float64)",tensor([-255]),['s']
65.0,62.18233754957981,64.62134128977358,64.49481451442402,"tensor([[0.5000]], dtype=torch.float64)",tensor([-255]),['n']
49.0,48.797735389546645,49.561263743052336,49.768215689235745,"tensor([[0.5000]], dtype=torch.float64)",tensor([-255]),['n']
2.0,2.092398803749121,2.396740340980204,2.7783837346520808,"tensor([[0.5000]], dtype=torch.float64)",tensor([-255]),['n']
10.0,68.61848440941603,10.174178668916385,10.134623629927521,"tensor([[0.5000]], dtype=torch.float64)",tensor([-255]),['n']
28.0,27.980500869936467,28.032468829604927,27.890042488153856,"tensor([[0.5000]], dtype=torch.float64)",tensor([-255]),['s']
61.0,61.16727413675513,60.31712753685434,60.12139710546178,"tensor([[0.5000]], dtype=torch.float64)",tensor([-255]),['n']
24.0,38.63109790331059,24.235708078658437,23.22128390988446,"tensor([[0.5000]], dtype=torch.float64)",tensor([-255]),['n']
18.0,17.534903642384897,18.064315592001382,18.01323380428019,"tensor([[0.5000]], dtype=torch.float64)",tensor([-255]),['n']
27.0,27.531149397668315,26.97123732144407,26.972883968192942,"tensor([[0.5000]], dtype=torch.float64)",tensor([-255]),['n']
49.0,47.28299135691089,49.09751775440837,49.03540458196665,"tensor([[0.5000]], dtype=torch.float64)",tensor([-255]),['s']
2.0,70.59389332819188,1.836562145841882,2.2181492411677355,"tensor([[0.5000]], dtype=torch.float64)",tensor([-255]),['n']
45.0,45.4168201612788,45.648421351322526,45.85143467897433,"tensor([[0.5000]], dtype=torch.float64)",tensor([-255]),['n']
11.0,11.865838971478599,11.572004217758053,11.702358003902427,"tensor([[0.5000]], dtype=torch.float64)",tensor([-255]),['s']
35.0,36.582478181997175,35.3341556322626,35.380680991546505,"tensor([[0.5000]], dtype=torch.float64)",tensor([-255]),['n']
48.0,47.82147809974373,48.26105220632086,48.165372694913906,"tensor([[0.5000]], dtype=torch.float64)",tensor([-255]),['n']
17.0,16.893757544430834,16.93279308835796,16.96468724740877,"tensor([[0.5000]], dtype=torch.float64)",tensor([-255]),['s']
66.0,69.34080602584338,65.50710607874464,64.98481106351412,"tensor([[0.5000]], dtype=torch.float64)",tensor([-255]),['n']
60.0,63.92113618219992,59.12317469356005,59.005154063991995,"tensor([[0.5000]], dtype=torch.float64)",tensor([-255]),['s']
22.0,22.946574794656545,22.01726203745842,22.01140301606101,"tensor([[0.5000]], dtype=torch.float64)",tensor([-255]),['n']
9.0,7.736730131747175,9.70405289615505,9.706088064434356,"tensor([[0.5000]], dtype=torch.float64)",tensor([-255]),['s']
21.0,66.8961428015213,20.967971464104483,20.99112404527552,"tensor([[0.5000]], dtype=torch.float64)",tensor([-255]),['n']
3.0,6.88408935582396,3.0789604020033976,3.1202110555774114,"tensor([[0.5000]], dtype=torch.float64)",tensor([-255]),['s']
54.0,52.717458936183924,53.98515089179493,54.008250137846176,"tensor([[0.5000]], dtype=torch.float64)",tensor([-255]),['n']
51.0,50.08280936190779,51.34365547973406,51.4256617408647,"tensor([[0.5000]], dtype=torch.float64)",tensor([-255]),['n']
64.0,63.964047444900004,63.41403022419508,63.06407701956995,"tensor([[0.5000]], dtype=torch.float64)",tensor([-255]),['n']
44.0,42.04984006274576,44.60194740143144,44.71084707084545,"tensor([[0.5000]], dtype=torch.float64)",tensor([-255]),['n']
60.0,57.1184368976704,59.644974154674,59.15793107682514,"tensor([[0.5000]], dtype=torch.float64)",tensor([-255]),['n']
0.0,68.65428307750508,0.0,71.0,"tensor([[0.5000]], dtype=torch.float64)",tensor([-255]),['s']
68.0,70.09616950987751,67.71348838381519,67.32975569078587,"tensor([[0.5000]], dtype=torch.float64)",tensor([-255]),['s']
55.0,58.38886288568147,54.875882489603384,54.79271400628752,"tensor([[0.5000]], dtype=torch.float64)",tensor([-255]),['s']
59.0,42.58810540992462,58.460292951242344,58.014660339607644,"tensor([[0.5000]], dtype=torch.float64)",tensor([-255]),['n']
52.0,52.68486705105414,52.26060610198812,52.10165222582636,"tensor([[0.5000]], dtype=torch.float64)",tensor([-255]),['n']
68.0,65.01680728744284,67.15738902446203,66.91492855750433,"tensor([[0.5000]], dtype=torch.float64)",tensor([-255]),['s']
23.0,24.53999401210563,22.794712368818594,22.90301738939931,"tensor([[0.5000]], dtype=torch.float64)",tensor([-255]),['s']
35.0,37.730592211902476,35.110125379863554,35.1259094995646,"tensor([[0.5000]], dtype=torch.float64)",tensor([-255]),['n']
24.0,22.141772622973193,23.92931342729875,23.351196988745073,"tensor([[0.5000]], dtype=torch.float64)",tensor([-255]),['n']
25.0,27.03109912193246,25.34621888085584,25.105689541870735,"tensor([[0.5000]], dtype=torch.float64)",tensor([-255]),['s']
17.0,17.441265967317527,17.22600030094363,17.050122934002285,"tensor([[0.5000]], dtype=torch.float64)",tensor([-255]),['s']
51.0,50.84401862474493,51.56543284639315,51.85596675266957,"tensor([[0.5000]], dtype=torch.float64)",tensor([-255]),['n']
39.0,39.97779722251356,39.013098896734306,39.22509854419305,"tensor([[0.5000]], dtype=torch.float64)",tensor([-255]),['n']
51.0,49.41636675430141,51.326774179084524,51.53271894669694,"tensor([[0.5000]], dtype=torch.float64)",tensor([-255]),['n']
28.0,28.077243704739587,28.482850472498875,28.25141682047527,"tensor([[0.5000]], dtype=torch.float64)",tensor([-255]),['n']
64.0,63.73482356282614,63.365830335180775,63.31223991476921,"tensor([[0.5000]], dtype=torch.float64)",tensor([-255]),['n']
70.0,7.584215290209102,69.87303425102478,69.80439259723151,"tensor([[0.5000]], dtype=torch.float64)",tensor([-255]),['n']
31.0,30.29999195626259,31.35921837958991,31.133083488226234,"tensor([[0.5000]], dtype=torch.float64)",tensor([-255]),['s']
37.0,40.15037449856733,36.99966603415232,36.96014477254342,"tensor([[0.5000]], dtype=torch.float64)",tensor([-255]),['s']
65.0,62.339521894700354,64.85514674454839,64.75137786253633,"tensor([[0.5000]], dtype=torch.float64)",tensor([-255]),['s']
45.0,46.607816920825066,45.54571857330578,46.08877298747356,"tensor([[0.5000]], dtype=torch.float64)",tensor([-255]),['s']
56.0,28.137920279585458,55.6343832485316,55.629657454254556,"tensor([[0.5000]], dtype=torch.float64)",tensor([-255]),['n']
6.0,4.3907111932225575,6.449599667572473,7.215953893860667,"tensor([[0.5000]], dtype=torch.float64)",tensor([-255]),['n']
20.0,43.204928847754516,19.792730834940087,19.662051269037153,"tensor([[0.5000]], dtype=torch.float64)",tensor([-255]),['s']
30.0,30.20249464979539,29.756800761298837,29.741297116361007,"tensor([[0.5000]], dtype=torch.float64)",tensor([-255]),['n']
44.0,46.9106404008864,44.79530104299541,44.91288879826513,"tensor([[0.5000]], dtype=torch.float64)",tensor([-255]),['s']
25.0,22.523066230907947,25.04729540704563,24.98864160121639,"tensor([[0.5000]], dtype=torch.float64)",tensor([-255]),['n']
10.0,9.962435646483664,9.975036311095463,10.026388564682886,"tensor([[0.5000]], dtype=torch.float64)",tensor([-255]),['s']
22.0,21.635030346129238,21.892108778428014,21.92211279077615,"tensor([[0.5000]], dtype=torch.float64)",tensor([-255]),['s']
51.0,50.55606789332018,51.617793901059045,51.70322582860983,"tensor([[0.5000]], dtype=torch.float64)",tensor([-255]),['s']
38.0,35.97001649385744,37.80489695559023,37.575842235159406,"tensor([[0.5000]], dtype=torch.float64)",tensor([-255]),['s']
61.0,59.84464812975625,60.8522301176084,59.44489793847663,"tensor([[0.5000]], dtype=torch.float64)",tensor([-255]),['n']
38.0,42.62765039026061,38.425879544337356,37.867281230077595,"tensor([[0.5000]], dtype=torch.float64)",tensor([-255]),['n']
47.0,45.405103260808815,48.13245284520382,48.738163298723855,"tensor([[0.5000]], dtype=torch.float64)",tensor([-255]),['n']
43.0,35.93391459190168,45.79830094792635,44.413486345492466,"tensor([[0.5000]], dtype=torch.float64)",tensor([-255]),['s']
65.0,68.79489468935401,58.948200811307196,64.34186319586976,"tensor([[0.5000]], dtype=torch.float64)",tensor([-255]),['s']
11.0,11.751930928141569,11.44747466670894,11.414581463766966,"tensor([[0.5000]], dtype=torch.float64)",tensor([-255]),['s']
71.0,2.1621806865446236,71.0,71.0,"tensor([[0.5000]], dtype=torch.float64)",tensor([-255]),['n']
52.0,55.14222421131545,52.056787933246504,52.00984413170718,"tensor([[0.5000]], dtype=torch.float64)",tensor([-255]),['n']
18.0,66.16391382164977,18.255210120010965,18.1957725379969,"tensor([[0.5000]], dtype=torch.float64)",tensor([-255]),['n']
64.0,65.53867307473112,63.08118685501538,62.91084226347052,"tensor([[0.5000]], dtype=torch.float64)",tensor([-255]),['s']
1.0,1.9768899142107563,0.9032352893781616,1.0614199775470576,"tensor([[0.5000]], dtype=torch.float64)",tensor([-255]),['n']
62.0,62.44524902459266,60.75361070147576,60.234356543105456,"tensor([[0.5000]], dtype=torch.float64)",tensor([-255]),['s']
44.0,46.50661273649122,44.24133971162572,44.197613009960754,"tensor([[0.5000]], dtype=torch.float64)",tensor([-255]),['s']
0.0,67.17905770077282,0.013372246648664186,0.0,"tensor([[0.5000]], dtype=torch.float64)",tensor([-255]),['s']
40.0,40.40491323982105,39.91373438791164,39.88313815303705,"tensor([[0.5000]], dtype=torch.float64)",tensor([-255]),['s']
15.0,14.824351296227858,14.779823871508846,15.001852905959138,"tensor([[0.5000]], dtype=torch.float64)",tensor([-255]),['s']
32.0,30.057544070600677,32.10821762781826,31.769035078728205,"tensor([[0.5000]], dtype=torch.float64)",tensor([-255]),['n']
17.0,16.02251930646702,17.812374708264706,17.069197993632994,"tensor([[0.5000]], dtype=torch.float64)",tensor([-255]),['s']
14.0,12.95484045329236,14.702353415050068,14.793042681264005,"tensor([[0.5000]], dtype=torch.float64)",tensor([-255]),['s']
0.0,69.41214232719858,0.21429005543329233,0.28701912397912144,"tensor([[0.5000]], dtype=torch.float64)",tensor([-255]),['n']
9.0,10.678453624801161,9.13665991205086,9.669744167094604,"tensor([[0.5000]], dtype=torch.float64)",tensor([-255]),['s']
69.0,65.86213072238735,68.43407814069279,68.53273950423548,"tensor([[0.5000]], dtype=torch.float64)",tensor([-255]),['s']
63.0,63.780643649608834,61.366128361674726,61.7649252394903,"tensor([[0.5000]], dtype=torch.float64)",tensor([-255]),['s']
56.0,55.0824204772,55.84984220078639,55.8816362461752,"tensor([[0.5000]], dtype=torch.float64)",tensor([-255]),['n']
26.0,28.01326923791625,26.446152310088912,26.11103619041543,"tensor([[0.5000]], dtype=torch.float64)",tensor([-255]),['s']
40.0,40.93337524528277,40.6530825578991,40.55362817896381,"tensor([[0.5000]], dtype=torch.float64)",tensor([-255]),['s']
47.0,44.96625500273892,47.34438043161493,47.38087484163807,"tensor([[0.5000]], dtype=torch.float64)",tensor([-255]),['n']
25.0,27.750126613893507,24.699171967962513,24.849873766749155,"tensor([[0.5000]], dtype=torch.float64)",tensor([-255]),['s']
35.0,30.026380909839535,34.31411825464815,32.76909850423677,"tensor([[0.5000]], dtype=torch.float64)",tensor([-255]),['s']
19.0,20.4573884619213,18.851592433163365,18.938916603473366,"tensor([[0.5000]], dtype=torch.float64)",tensor([-255]),['s']
41.0,42.392262499518054,41.33181858989231,41.838978464270845,"tensor([[0.5000]], dtype=torch.float64)",tensor([-255]),['n']
16.0,61.774688663010764,15.999950613632045,16.005979260934044,"tensor([[0.5000]], dtype=torch.float64)",tensor([-255]),['s']
60.0,59.06411663120409,59.41309518256177,58.691871268991676,"tensor([[0.5000]], dtype=torch.float64)",tensor([-255]),['s']
8.0,8.902172205604705,7.532688222759674,7.703794301161633,"tensor([[0.5000]], dtype=torch.float64)",tensor([-255]),['s']
39.0,39.87595658923308,38.63281905512438,39.05346102138274,"tensor([[0.5000]], dtype=torch.float64)",tensor([-255]),['n']
37.0,27.989751516601963,37.2924470253768,38.14472689123386,"tensor([[0.5000]], dtype=torch.float64)",tensor([-255]),['n']
39.0,40.9467004944531,39.34481131666727,39.387192747138485,"tensor([[0.5000]], dtype=torch.float64)",tensor([-255]),['n']
16.0,17.962806058102018,16.088231906742667,16.052879903171142,"tensor([[0.5000]], dtype=torch.float64)",tensor([-255]),['s']
68.0,67.34352735274311,67.57080897331397,67.25555208553229,"tensor([[0.5000]], dtype=torch.float64)",tensor([-255]),['n']
33.0,31.20617918551404,32.96889058660351,32.81800205827504,"tensor([[0.5000]], dtype=torch.float64)",tensor([-255]),['s']
52.0,54.06523578578645,52.05731641713107,52.288916183374575,"tensor([[0.5000]], dtype=torch.float64)",tensor([-255]),['s']
59.0,64.93044656022008,58.87236990475188,58.81383488313933,"tensor([[0.5000]], dtype=torch.float64)",tensor([-255]),['s']
15.0,66.59181613087085,14.985071245716485,15.150043766571658,"tensor([[0.5000]], dtype=torch.float64)",tensor([-255]),['n']
16.0,14.801230238203017,15.309471793246082,15.837249293239228,"tensor([[0.5000]], dtype=torch.float64)",tensor([-255]),['s']
22.0,23.065355959689132,21.864237887993827,21.42469767841646,"tensor([[0.5000]], dtype=torch.float64)",tensor([-255]),['n']
60.0,59.880245981066224,59.35430446946366,59.018562745459896,"tensor([[0.5000]], dtype=torch.float64)",tensor([-255]),['n']
7.0,3.258233926656893,6.801966373201336,7.421071790521356,"tensor([[0.5000]], dtype=torch.float64)",tensor([-255]),['n']
46.0,37.103490053241785,46.667148213091764,46.951784902126406,"tensor([[0.5000]], dtype=torch.float64)",tensor([-255]),['n']
6.0,4.9072935261073845,10.58745588087513,6.380042387173588,"tensor([[0.5000]], dtype=torch.float64)",tensor([-255]),['s']
14.0,16.64974054883492,14.075020808381911,14.066211778757992,"tensor([[0.5000]], dtype=torch.float64)",tensor([-255]),['s']
24.0,22.898510255691413,24.055774285114897,23.444554421672137,"tensor([[0.5000]], dtype=torch.float64)",tensor([-255]),['n']
50.0,51.84030481276118,50.63539758280192,50.813413216845866,"tensor([[0.5000]], dtype=torch.float64)",tensor([-255]),['s']
27.0,27.07385944207423,26.2965407055425,25.453748140796787,"tensor([[0.5000]], dtype=torch.float64)",tensor([-255]),['n']
51.0,49.98009909010312,51.47501432373763,51.92389223953341,"tensor([[0.5000]], dtype=torch.float64)",tensor([-255]),['s']
71.0,70.49267065634622,70.78940763335851,70.74581304846907,"tensor([[0.5000]], dtype=torch.float64)",tensor([-255]),['s']
48.0,43.741164540481556,49.40357833982212,49.18345833961579,"tensor([[0.5000]], dtype=torch.float64)",tensor([-255]),['s']
50.0,50.85320150209972,49.99311210241058,50.247850059343506,"tensor([[0.5000]], dtype=torch.float64)",tensor([-255]),['s']
64.0,61.87198629835535,63.680770834901374,63.607930661132194,"tensor([[0.5000]], dtype=torch.float64)",tensor([-255]),['n']
52.0,51.59113795022563,52.041645476772786,52.323740535695904,"tensor([[0.5000]], dtype=torch.float64)",tensor([-255]),['n']
58.0,59.980663958489764,57.45928924338164,56.98910839188304,"tensor([[0.5000]], dtype=torch.float64)",tensor([-255]),['s']
36.0,33.3561218606733,36.816180262147725,36.65585850737709,"tensor([[0.5000]], dtype=torch.float64)",tensor([-255]),['s']
71.0,7.891533313118732,71.0,71.0,"tensor([[0.5000]], dtype=torch.float64)",tensor([-255]),['s']
60.0,61.12433844258885,59.228096101815595,58.93920351577097,"tensor([[0.5000]], dtype=torch.float64)",tensor([-255]),['n']
27.0,24.84906858199986,27.07616938064246,26.596835114750885,"tensor([[0.5000]], dtype=torch.float64)",tensor([-255]),['n']
53.0,51.13538099411852,53.163626457968675,53.06422564984365,"tensor([[0.5000]], dtype=torch.float64)",tensor([-255]),['n']
31.0,33.57437905599889,31.19493153763562,30.694689981740552,"tensor([[0.5000]], dtype=torch.float64)",tensor([-255]),['s']
47.0,45.02355256033851,47.965022889872046,47.77737435665168,"tensor([[0.5000]], dtype=torch.float64)",tensor([-255]),['s']
26.0,28.56451527469217,25.968648429349358,26.046670122540664,"tensor([[0.5000]], dtype=torch.float64)",tensor([-255]),['s']
32.0,33.14205892163408,32.54188309165853,31.29133525010162,"tensor([[0.5000]], dtype=torch.float64)",tensor([-255]),['s']
11.0,12.780525188332003,9.725666142331752,9.710946872237718,"tensor([[0.5000]], dtype=torch.float64)",tensor([-255]),['s']
48.0,48.02237345171027,48.62906121746454,48.861482245830224,"tensor([[0.5000]], dtype=torch.float64)",tensor([-255]),['s']
53.0,17.769462931078486,53.61780179838771,53.1281818973709,"tensor([[0.5000]], dtype=torch.float64)",tensor([-255]),['s']
9.0,14.444755626121768,8.87319763537069,9.059979164568432,"tensor([[0.5000]], dtype=torch.float64)",tensor([-255]),['n']
4.0,2.4298513290683665,3.506958386520397,3.961000453449733,"tensor([[0.5000]], dtype=torch.float64)",tensor([-255]),['n']
14.0,12.585328777539088,14.435059440921787,14.603052559374692,"tensor([[0.5000]], dtype=torch.float64)",tensor([-255]),['s']
64.0,64.11556937351114,63.07627595965255,62.938795159480215,"tensor([[0.5000]], dtype=torch.float64)",tensor([-255]),['n']
10.0,10.120940652167864,9.804591079079014,9.893645883519858,"tensor([[0.5000]], dtype=torch.float64)",tensor([-255]),['n']
17.0,18.0186459490529,16.910968691290066,16.98686527841337,"tensor([[0.5000]], dtype=torch.float64)",tensor([-255]),['n']
31.0,33.81023175284751,30.76715238173714,30.666884791210613,"tensor([[0.5000]], dtype=torch.float64)",tensor([-255]),['n']
49.0,46.02277195202258,49.41241545861378,50.029350286960835,"tensor([[0.5000]], dtype=torch.float64)",tensor([-255]),['n']
42.0,39.96399908900696,42.29225538035697,42.294150716713006,"tensor([[0.5000]], dtype=torch.float64)",tensor([-255]),['n']
17.0,14.982693735519645,17.25204236275481,17.091274535323944,"tensor([[0.5000]], dtype=torch.float64)",tensor([-255]),['n']
51.0,53.0536022017235,51.123555110752356,51.037805451765294,"tensor([[0.5000]], dtype=torch.float64)",tensor([-255]),['s']
46.0,46.60844304167328,46.26166918175973,46.24760360314854,"tensor([[0.5000]], dtype=torch.float64)",tensor([-255]),['n']
0.0,1.495634667934635,0.0,0.0,"tensor([[0.5000]], dtype=torch.float64)",tensor([-255]),['s']
65.0,64.18622063284319,64.24299698094919,64.20434088763093,"tensor([[0.5000]], dtype=torch.float64)",tensor([-255]),['n']
10.0,69.53348633668593,9.807113683168751,9.951526345306297,"tensor([[0.5000]], dtype=torch.float64)",tensor([-255]),['n']
29.0,28.488489441012867,29.450438333616535,29.264544204169365,"tensor([[0.5000]], dtype=torch.float64)",tensor([-255]),['n']
35.0,34.643855547787226,35.08212297146285,35.170734798181705,"tensor([[0.5000]], dtype=torch.float64)",tensor([-255]),['s']
62.0,62.13267627653644,61.172120606573955,60.9962150688077,"tensor([[0.5000]], dtype=torch.float64)",tensor([-255]),['n']
45.0,46.11264385645299,45.73541144374702,46.13437909023822,"tensor([[0.5000]], dtype=torch.float64)",tensor([-255]),['s']
46.0,45.09564931652881,46.78105379625587,47.028225154226426,"tensor([[0.5000]], dtype=torch.float64)",tensor([-255]),['s']
10.0,8.917612384635753,9.387557338050675,9.92818423970917,"tensor([[0.5000]], dtype=torch.float64)",tensor([-255]),['s']
26.0,25.768191839751637,26.018051825671034,25.850669975614668,"tensor([[0.5000]], dtype=torch.float64)",tensor([-255]),['n']
24.0,24.15364563165399,24.247906515484267,24.33835305348928,"tensor([[0.5000]], dtype=torch.float64)",tensor([-255]),['s']
34.0,31.675198633708384,33.7019391426577,33.54142795025467,"tensor([[0.5000]], dtype=torch.float64)",tensor([-255]),['s']
15.0,9.944339680501148,15.161495973850103,15.121894042045142,"tensor([[0.5000]], dtype=torch.float64)",tensor([-255]),['n']
31.0,33.2265640167286,30.98589824790322,29.100537237606304,"tensor([[0.5000]], dtype=torch.float64)",tensor([-255]),['s']
63.0,61.99062819133256,62.24794327218139,62.12003891842337,"tensor([[0.5000]], dtype=torch.float64)",tensor([-255]),['s']
45.0,43.74401379368908,45.74376895495721,45.992272381076525,"tensor([[0.5000]], dtype=torch.float64)",tensor([-255]),['n']
10.0,68.7353424364695,9.875400387635251,10.252668999525914,"tensor([[0.5000]], dtype=torch.float64)",tensor([-255]),['s']
15.0,11.866898611833248,13.417015281872187,14.38523715611422,"tensor([[0.5000]], dtype=torch.float64)",tensor([-255]),['s']
60.0,58.95525433752272,59.59423332412838,59.45287425578946,"tensor([[0.5000]], dtype=torch.float64)",tensor([-255]),['n']
1.0,68.6845620712034,0.8917561153774196,1.1042782429973885,"tensor([[0.5000]], dtype=torch.float64)",tensor([-255]),['n']
53.0,52.74325220497742,53.04059577951287,53.042881282389594,"tensor([[0.5000]], dtype=torch.float64)",tensor([-255]),['s']
14.0,66.90685383264625,14.396537626444157,14.192885908592535,"tensor([[0.5000]], dtype=torch.float64)",tensor([-255]),['n']
48.0,46.07024146908692,48.18314741352908,48.349698730219586,"tensor([[0.5000]], dtype=torch.float64)",tensor([-255]),['n']
29.0,28.558056870462625,28.779493094364813,28.707188246508125,"tensor([[0.5000]], dtype=torch.float64)",tensor([-255]),['n']
4.0,61.56392215495944,3.619104116404124,4.454730306383283,"tensor([[0.5000]], dtype=torch.float64)",tensor([-255]),['n']
40.0,39.374863492404664,39.91134836670972,40.565232719749396,"tensor([[0.5000]], dtype=torch.float64)",tensor([-255]),['n']
42.0,32.45454623100869,42.58565846451535,43.051525914976054,"tensor([[0.5000]], dtype=torch.float64)",tensor([-255]),['n']
55.0,57.04491125182153,54.97259018377291,54.86586041286532,"tensor([[0.5000]], dtype=torch.float64)",tensor([-255]),['n']
2.0,0.6352633858484711,2.168254028247878,2.475958703836256,"tensor([[0.5000]], dtype=torch.float64)",tensor([-255]),['s']
16.0,15.983930337011472,15.875264415640931,15.809658048895553,"tensor([[0.5000]], dtype=torch.float64)",tensor([-255]),['s']
65.0,68.26980519847596,62.56051231920311,63.93499547753794,"tensor([[0.5000]], dtype=torch.float64)",tensor([-255]),['s']
71.0,67.26309139834123,70.78988469722523,0.0,"tensor([[0.5000]], dtype=torch.float64)",tensor([-255]),['n']
33.0,31.98599784421062,33.11696849391801,32.95243268267675,"tensor([[0.5000]], dtype=torch.float64)",tensor([-255]),['n']
36.0,33.9975493096585,36.32619455050201,36.256948420854975,"tensor([[0.5000]], dtype=torch.float64)",tensor([-255]),['s']
65.0,64.09850625125196,64.43362273803028,64.51967353883641,"tensor([[0.5000]], dtype=torch.float64)",tensor([-255]),['n']
17.0,17.518764450871597,16.80412300176321,16.856840429852884,"tensor([[0.5000]], dtype=torch.float64)",tensor([-255]),['s']
28.0,60.49258293040117,27.861563632712446,27.83634121431894,"tensor([[0.5000]], dtype=torch.float64)",tensor([-255]),['n']
38.0,40.86612351951989,37.759482602753884,38.52913713973534,"tensor([[0.5000]], dtype=torch.float64)",tensor([-255]),['n']
60.0,59.95138721978056,59.66516193031964,58.655198865574135,"tensor([[0.5000]], dtype=torch.float64)",tensor([-255]),['n']
27.0,27.05606752443553,26.920198787452048,26.779255626604403,"tensor([[0.5000]], dtype=torch.float64)",tensor([-255]),['n']
25.0,27.595669222247274,24.80397536754949,24.915094743853484,"tensor([[0.5000]], dtype=torch.float64)",tensor([-255]),['s']
0.0,69.07586928266463,70.96102694313713,0.0025519885971420817,"tensor([[0.5000]], dtype=torch.float64)",tensor([-255]),['s']
50.0,48.43911685666916,50.65253266612491,50.93147541864008,"tensor([[0.5000]], dtype=torch.float64)",tensor([-255]),['n']
32.0,32.21947409551998,32.057608242520814,32.38605254168857,"tensor([[0.5000]], dtype=torch.float64)",tensor([-255]),['n']
58.0,58.326803995427156,57.6139883157151,47.95833497663869,"tensor([[0.5000]], dtype=torch.float64)",tensor([-255]),['s']
54.0,29.133418324259587,53.90470228600254,53.96681387654625,"tensor([[0.5000]], dtype=torch.float64)",tensor([-255]),['n']
19.0,18.564065294369293,19.29247190535324,19.18189953138057,"tensor([[0.5000]], dtype=torch.float64)",tensor([-255]),['n']
28.0,27.377493348383734,27.170183813843803,26.9481260225626,"tensor([[0.5000]], dtype=torch.float64)",tensor([-255]),['n']
33.0,36.25971173423747,33.18283025345519,33.15012100443286,"tensor([[0.5000]], dtype=torch.float64)",tensor([-255]),['s']
63.0,62.17707771574957,62.70208869909539,62.51870092454008,"tensor([[0.5000]], dtype=torch.float64)",tensor([-255]),['n']
2.0,68.94610650995575,2.4957971386318074,4.447336287627235,"tensor([[0.5000]], dtype=torch.float64)",tensor([-255]),['s']
68.0,1.614956623055174,67.69923809999733,67.79292983842285,"tensor([[0.5000]], dtype=torch.float64)",tensor([-255]),['n']
46.0,46.93668821286997,46.164575462347955,47.7184647678674,"tensor([[0.5000]], dtype=torch.float64)",tensor([-255]),['n']
16.0,16.161905699844848,15.945735069059639,16.001320409309255,"tensor([[0.5000]], dtype=torch.float64)",tensor([-255]),['s']
7.0,7.603256277226359,6.827044989226013,6.91930544510063,"tensor([[0.5000]], dtype=torch.float64)",tensor([-255]),['n']
10.0,9.050178292833653,10.156002509580611,10.157019140092094,"tensor([[0.5000]], dtype=torch.float64)",tensor([-255]),['n']
32.0,28.184525722500823,31.83657235031261,31.75139998165823,"tensor([[0.5000]], dtype=torch.float64)",tensor([-255]),['n']
11.0,10.759914465637053,11.007930671061683,10.435303299096052,"tensor([[0.5000]], dtype=torch.float64)",tensor([-255]),['s']
1.0,1.9363439483279747,0.8679723584653979,1.2215222281573996,"tensor([[0.5000]], dtype=torch.float64)",tensor([-255]),['s']
18.0,19.82459345630508,18.015113716375215,17.975256765884076,"tensor([[0.5000]], dtype=torch.float64)",tensor([-255]),['s']
25.0,23.80373094722787,24.927569381423343,25.0730857755285,"tensor([[0.5000]], dtype=torch.float64)",tensor([-255]),['n']
62.0,2.0358930626221334,61.76702649947831,61.55827213216951,"tensor([[0.5000]], dtype=torch.float64)",tensor([-255]),['n']
41.0,42.877582685237584,41.5158210088227,41.3745215070772,"tensor([[0.5000]], dtype=torch.float64)",tensor([-255]),['n']
66.0,70.23004777628182,65.36326142369367,65.50299071675097,"tensor([[0.5000]], dtype=torch.float64)",tensor([-255]),['n']
11.0,10.215157368316204,10.984948719958501,11.063751926676774,"tensor([[0.5000]], dtype=torch.float64)",tensor([-255]),['n']
64.0,61.741553231494095,63.389789819570744,63.25301315495403,"tensor([[0.5000]], dtype=torch.float64)",tensor([-255]),['s']
36.0,34.569492473717446,36.097336649622896,36.84858701790582,"tensor([[0.5000]], dtype=torch.float64)",tensor([-255]),['s']
33.0,46.00286204925433,33.577276691327185,33.09157404975785,"tensor([[0.5000]], dtype=torch.float64)",tensor([-255]),['n']
57.0,58.783485185752085,56.21193847040549,56.088860782620245,"tensor([[0.5000]], dtype=torch.float64)",tensor([-255]),['s']
9.0,10.422685116930765,9.670441881104956,9.456240411843357,"tensor([[0.5000]], dtype=torch.float64)",tensor([-255]),['s']
62.0,63.10923155869956,61.297876740315544,61.036686953689625,"tensor([[0.5000]], dtype=torch.float64)",tensor([-255]),['s']
65.0,65.3262000916299,63.666085750632334,63.73584772658537,"tensor([[0.5000]], dtype=torch.float64)",tensor([-255]),['s']
23.0,22.985473882342177,22.584753258124174,22.73247533908756,"tensor([[0.5000]], dtype=torch.float64)",tensor([-255]),['s']
32.0,31.06177086518638,32.33119017839209,32.133889315919554,"tensor([[0.5000]], dtype=torch.float64)",tensor([-255]),['s']
36.0,30.421730982552283,35.89295240689236,35.67350681911469,"tensor([[0.5000]], dtype=torch.float64)",tensor([-255]),['n']
43.0,46.49488907363026,43.49194480874567,43.453530318823844,"tensor([[0.5000]], dtype=torch.float64)",tensor([-255]),['n']
49.0,50.48368347906538,49.69724078808383,49.92170263648452,"tensor([[0.5000]], dtype=torch.float64)",tensor([-255]),['n']
13.0,14.526016080397902,13.231269864486835,13.148945933807672,"tensor([[0.5000]], dtype=torch.float64)",tensor([-255]),['s']
34.0,38.440014409836316,34.378388834927954,35.34616919737186,"tensor([[0.5000]], dtype=torch.float64)",tensor([-255]),['s']
29.0,27.982088662449634,29.080575336694423,28.258734185033152,"tensor([[0.5000]], dtype=torch.float64)",tensor([-255]),['s']
48.0,17.12103986707293,48.69460749899356,48.81400984209761,"tensor([[0.5000]], dtype=torch.float64)",tensor([-255]),['n']
13.0,14.006143130891413,12.699341796116801,12.856241616019345,"tensor([[0.5000]], dtype=torch.float64)",tensor([-255]),['n']
35.0,32.87276928018885,34.793434605561956,34.27688423765933,"tensor([[0.5000]], dtype=torch.float64)",tensor([-255]),['s']
33.0,30.566256640049446,33.475578664749335,33.210233810702746,"tensor([[0.5000]], dtype=torch.float64)",tensor([-255]),['n']
44.0,45.70087741521789,45.009232767487994,45.1139197153303,"tensor([[0.5000]], dtype=torch.float64)",tensor([-255]),['n']
23.0,21.056812362146932,23.033488457818308,22.63694947410298,"tensor([[0.5000]], dtype=torch.float64)",tensor([-255]),['n']
5.0,2.4737949576697384,4.930996930999908,4.963879000854083,"tensor([[0.5000]], dtype=torch.float64)",tensor([-255]),['s']
2.0,6.854108126424407,1.7305826617692928,2.029137797666129,"tensor([[0.5000]], dtype=torch.float64)",tensor([-255]),['n']
37.0,36.03830888536511,36.90758934069501,36.2251005021388,"tensor([[0.5000]], dtype=torch.float64)",tensor([-255]),['s']
26.0,25.97413160827053,25.542286179073127,25.377953619752123,"tensor([[0.5000]], dtype=torch.float64)",tensor([-255]),['s']
53.0,52.150491568495866,53.19332700414014,53.020389385809416,"tensor([[0.5000]], dtype=torch.float64)",tensor([-255]),['s']
3.0,7.749306852715118,3.0397182734610326,3.684469863759189,"tensor([[0.5000]], dtype=torch.float64)",tensor([-255]),['n']
68.0,3.2729289274748434,67.77089438736115,67.66817328308201,"tensor([[0.5000]], dtype=torch.float64)",tensor([-255]),['s']
70.0,66.01863164062007,69.57709392308078,69.79758941877337,"tensor([[0.5000]], dtype=torch.float64)",tensor([-255]),['s']
5.0,2.8510588723400216,4.692026897444579,5.04442758949777,"tensor([[0.5000]], dtype=torch.float64)",tensor([-255]),['n']
68.0,67.64263112596758,67.99518977590076,68.02859401669743,"tensor([[0.5000]], dtype=torch.float64)",tensor([-255]),['s']
17.0,25.569627194103223,17.179091542035895,17.008190096307345,"tensor([[0.5000]], dtype=torch.float64)",tensor([-255]),['n']
70.0,4.023265006557671,69.83086607864352,68.99639816331491,"tensor([[0.5000]], dtype=torch.float64)",tensor([-255]),['n']
24.0,21.845249264079442,24.05161285751329,23.989719688166584,"tensor([[0.5000]], dtype=torch.float64)",tensor([-255]),['s']
23.0,36.48677757423327,23.05833962169047,23.034668807539536,"tensor([[0.5000]], dtype=torch.float64)",tensor([-255]),['n']
41.0,42.99882122461919,41.32304495947808,41.98711217707462,"tensor([[0.5000]], dtype=torch.float64)",tensor([-255]),['n']
13.0,13.57078230688758,12.790859610119288,13.06858156954477,"tensor([[0.5000]], dtype=torch.float64)",tensor([-255]),['s']
34.0,33.64968110703764,34.25453476973451,34.18664738655303,"tensor([[0.5000]], dtype=torch.float64)",tensor([-255]),['s']
61.0,61.14507053917414,60.713343956986876,60.03109220381913,"tensor([[0.5000]], dtype=torch.float64)",tensor([-255]),['n']
44.0,43.84200913310127,45.115419712270935,45.05286709171157,"tensor([[0.5000]], dtype=torch.float64)",tensor([-255]),['s']
6.0,8.084823112569438,6.277368292628352,6.068890590702351,"tensor([[0.5000]], dtype=torch.float64)",tensor([-255]),['s']
58.0,56.98288115427681,57.50301022622543,57.40280254304455,"tensor([[0.5000]], dtype=torch.float64)",tensor([-255]),['n']
61.0,60.01577789112701,60.35070704645744,60.09004735979847,"tensor([[0.5000]], dtype=torch.float64)",tensor([-255]),['s']
12.0,7.598391922254966,12.033036481498575,12.086959278086777,"tensor([[0.5000]], dtype=torch.float64)",tensor([-255]),['s']
63.0,62.281762200585625,62.28183077697444,62.03551347558085,"tensor([[0.5000]], dtype=torch.float64)",tensor([-255]),['s']
20.0,22.1144733057588,19.969263232150126,19.92142164158891,"tensor([[0.5000]], dtype=torch.float64)",tensor([-255]),['s']
38.0,31.923358799277988,37.96599094103077,36.93935485773938,"tensor([[0.5000]], dtype=torch.float64)",tensor([-255]),['n']
17.0,16.854295535001647,17.069531997248657,16.998870796710783,"tensor([[0.5000]], dtype=torch.float64)",tensor([-255]),['n']
51.0,51.122710378315176,51.78663430736988,51.32335969606898,"tensor([[0.5000]], dtype=torch.float64)",tensor([-255]),['s']
50.0,39.951450269847655,50.452175143227706,50.72994341704756,"tensor([[0.5000]], dtype=torch.float64)",tensor([-255]),['n']
21.0,22.930817359581514,21.764854071162674,21.714386838890718,"tensor([[0.5000]], dtype=torch.float64)",tensor([-255]),['s']
10.0,14.505565595542958,10.014659516429473,10.38134612752723,"tensor([[0.5000]], dtype=torch.float64)",tensor([-255]),['s']
55.0,54.18646409466114,54.81784447976464,54.950843201336724,"tensor([[0.5000]], dtype=torch.float64)",tensor([-255]),['s']
31.0,28.365325449781533,32.414223405520396,29.287447922379627,"tensor([[0.5000]], dtype=torch.float64)",tensor([-255]),['n']
31.0,30.096656389404366,31.234232805383886,30.622921528590844,"tensor([[0.5000]], dtype=torch.float64)",tensor([-255]),['n']
4.0,5.8574926026993435,4.062579676351282,4.171302289572239,"tensor([[0.5000]], dtype=torch.float64)",tensor([-255]),['n']
32.0,32.26605697299604,32.34918437468957,32.75160337701674,"tensor([[0.5000]], dtype=torch.float64)",tensor([-255]),['n']
9.0,69.74011715465923,9.484373762549051,9.146370655782361,"tensor([[0.5000]], dtype=torch.float64)",tensor([-255]),['s']
25.0,26.113535264873466,24.903974125315475,24.980680775017074,"tensor([[0.5000]], dtype=torch.float64)",tensor([-255]),['n']
1.0,1.4941049441467484,0.5340721079579657,0.872267090410896,"tensor([[0.5000]], dtype=torch.float64)",tensor([-255]),['s']
32.0,29.736631891057012,28.52669799311489,30.94222074242219,"tensor([[0.5000]], dtype=torch.float64)",tensor([-255]),['s']
58.0,56.13019355854326,57.960515443779066,57.49190050186666,"tensor([[0.5000]], dtype=torch.float64)",tensor([-255]),['s']
49.0,46.857953644576014,49.615151781299275,49.822416451152044,"tensor([[0.5000]], dtype=torch.float64)",tensor([-255]),['n']
7.0,8.380083463417774,6.861887337246364,7.654414553669095,"tensor([[0.5000]], dtype=torch.float64)",tensor([-255]),['n']
8.0,7.959218159449537,7.881296333717759,8.930822041383282,"tensor([[0.5000]], dtype=torch.float64)",tensor([-255]),['n']
53.0,50.107291142098866,53.03152887853107,53.03073398075532,"tensor([[0.5000]], dtype=torch.float64)",tensor([-255]),['s']
30.0,33.97243892504163,30.060982878469957,28.601730431959886,"tensor([[0.5000]], dtype=torch.float64)",tensor([-255]),['n']
61.0,61.47133824617572,60.29255717146496,60.67910130593767,"tensor([[0.5000]], dtype=torch.float64)",tensor([-255]),['s']
32.0,32.01362181986734,32.198651902723434,32.00023787411026,"tensor([[0.5000]], dtype=torch.float64)",tensor([-255]),['n']
35.0,30.036333075392058,32.24912476112451,34.51071665020799,"tensor([[0.5000]], dtype=torch.float64)",tensor([-255]),['s']
4.0,8.681816881500632,2.9893334458334584,3.6406989445338622,"tensor([[0.5000]], dtype=torch.float64)",tensor([-255]),['s']
53.0,55.916748183204376,52.92423544076562,52.92758026407005,"tensor([[0.5000]], dtype=torch.float64)",tensor([-255]),['n']
29.0,35.08081054403765,29.629282721226684,29.055795686656108,"tensor([[0.5000]], dtype=torch.float64)",tensor([-255]),['s']
34.0,36.54928907268821,34.136316306371945,33.95843398195501,"tensor([[0.5000]], dtype=torch.float64)",tensor([-255]),['s']
26.0,25.749352058834575,26.376339439399096,26.25644875369967,"tensor([[0.5000]], dtype=torch.float64)",tensor([-255]),['s']
43.0,41.3997570037182,43.93752598637173,44.02075206155922,"tensor([[0.5000]], dtype=torch.float64)",tensor([-255]),['s']
46.0,43.887232824465755,47.76820079455087,46.95563828654092,"tensor([[0.5000]], dtype=torch.float64)",tensor([-255]),['n']
35.0,35.514017463462174,35.24934152077709,34.77320318386727,"tensor([[0.5000]], dtype=torch.float64)",tensor([-255]),['n']
22.0,28.392424558082503,21.255154796108396,21.72499981546135,"tensor([[0.5000]], dtype=torch.float64)",tensor([-255]),['s']
9.0,9.941105982511841,8.872883717691991,8.739032195912277,"tensor([[0.5000]], dtype=torch.float64)",tensor([-255]),['s']
2.0,4.983246504654405,2.061382073133436,2.0481507504329812,"tensor([[0.5000]], dtype=torch.float64)",tensor([-255]),['s']
38.0,37.13454237641915,38.39061448365535,38.542328401562614,"tensor([[0.5000]], dtype=torch.float64)",tensor([-255]),['s']
33.0,33.85983492049088,32.9591644373968,32.469029653334175,"tensor([[0.5000]], dtype=torch.float64)",tensor([-255]),['n']
56.0,27.620582270585892,55.89692908177753,55.933449701852005,"tensor([[0.5000]], dtype=torch.float64)",tensor([-255]),['n']
13.0,46.53810414678771,13.634732929109626,13.781260067000106,"tensor([[0.5000]], dtype=torch.float64)",tensor([-255]),['s']
27.0,29.727803663088192,26.079999416133834,26.103990661123103,"tensor([[0.5000]], dtype=torch.float64)",tensor([-255]),['n']
10.0,60.428316042519185,9.848586498691473,10.107099459842184,"tensor([[0.5000]], dtype=torch.float64)",tensor([-255]),['n']
9.0,10.220574911213975,8.386493277667729,8.757537931024189,"tensor([[0.5000]], dtype=torch.float64)",tensor([-255]),['n']
38.0,37.82145173402135,38.19015779412214,37.86480267693938,"tensor([[0.5000]], dtype=torch.float64)",tensor([-255]),['n']
3.0,3.4098999986726652,2.675204978286532,2.9501533193503007,"tensor([[0.5000]], dtype=torch.float64)",tensor([-255]),['n']
49.0,48.8834196669641,49.75954295638414,49.81117230459587,"tensor([[0.5000]], dtype=torch.float64)",tensor([-255]),['n']
23.0,21.740364923605814,23.284617228906097,22.832809652800226,"tensor([[0.5000]], dtype=torch.float64)",tensor([-255]),['s']
59.0,59.353181084502054,58.697721070806,58.6936739573702,"tensor([[0.5000]], dtype=torch.float64)",tensor([-255]),['s']
67.0,67.07216641327908,66.68224194161641,66.41708743326375,"tensor([[0.5000]], dtype=torch.float64)",tensor([-255]),['s']
57.0,59.946612982067464,56.610975358685664,56.17102937737389,"tensor([[0.5000]], dtype=torch.float64)",tensor([-255]),['s']
56.0,55.924687775154354,55.671962113789654,55.466059240902446,"tensor([[0.5000]], dtype=torch.float64)",tensor([-255]),['s']
45.0,45.9674077144841,45.35458864899781,45.45543944869376,"tensor([[0.5000]], dtype=torch.float64)",tensor([-255]),['n']
59.0,59.047006052192565,58.77400184218831,58.11099957709524,"tensor([[0.5000]], dtype=torch.float64)",tensor([-255]),['s']
3.0,4.676516286932522,2.8187808901181435,2.868449657614598,"tensor([[0.5000]], dtype=torch.float64)",tensor([-255]),['n']
68.0,66.99088662527491,67.71310994398318,66.30230667981961,"tensor([[0.5000]], dtype=torch.float64)",tensor([-255]),['n']
10.0,8.840558744101736,9.77180135058935,10.015742315181521,"tensor([[0.5000]], dtype=torch.float64)",tensor([-255]),['s']
3.0,4.344836057183205,2.7251419340974676,5.900371011092933,"tensor([[0.5000]], dtype=torch.float64)",tensor([-255]),['s']
0.0,69.19360183915668,0.0,0.3274415567604529,"tensor([[0.5000]], dtype=torch.float64)",tensor([-255]),['s']
44.0,40.32051226558417,44.61087593548747,45.58329583555216,"tensor([[0.5000]], dtype=torch.float64)",tensor([-255]),['n']
69.0,67.06606142454649,68.78806961064419,68.86961915401717,"tensor([[0.5000]], dtype=torch.float64)",tensor([-255]),['n']
12.0,69.78029710710835,12.167392671580474,12.746758038757267,"tensor([[0.5000]], dtype=torch.float64)",tensor([-255]),['s']
24.0,23.005733454805465,24.329784859306212,24.163789760757375,"tensor([[0.5000]], dtype=torch.float64)",tensor([-255]),['s']
18.0,18.089722047428317,17.984743279307878,17.920760006960254,"tensor([[0.5000]], dtype=torch.float64)",tensor([-255]),['s']
50.0,47.96250144921305,50.41307776997516,50.65458013731492,"tensor([[0.5000]], dtype=torch.float64)",tensor([-255]),['n']
42.0,44.482898792618414,42.803369120752926,44.3491414640579,"tensor([[0.5000]], dtype=torch.float64)",tensor([-255]),['s']
2.0,2.3454955721248565,1.4150753566534544,1.5344414761762506,"tensor([[0.5000]], dtype=torch.float64)",tensor([-255]),['s']
35.0,33.75808110675259,35.93044149832559,36.09738549943,"tensor([[0.5000]], dtype=torch.float64)",tensor([-255]),['s']
4.0,2.991050252906255,3.975533380365122,4.065167502320462,"tensor([[0.5000]], dtype=torch.float64)",tensor([-255]),['s']
27.0,28.16109170698764,27.190325563423443,27.142457907548568,"tensor([[0.5000]], dtype=torch.float64)",tensor([-255]),['n']
68.0,69.64345303504759,68.03273989375742,67.76240439384088,"tensor([[0.5000]], dtype=torch.float64)",tensor([-255]),['n']
59.0,59.843301142371615,58.9595187438914,57.91926622379531,"tensor([[0.5000]], dtype=torch.float64)",tensor([-255]),['n']
21.0,19.929772310757635,21.22061526624477,21.05069370581297,"tensor([[0.5000]], dtype=torch.float64)",tensor([-255]),['n']
8.0,5.359729310402899,8.56744190925996,8.648557959293647,"tensor([[0.5000]], dtype=torch.float64)",tensor([-255]),['n']
34.0,32.26147928549163,27.066492147437852,33.26812888826762,"tensor([[0.5000]], dtype=torch.float64)",tensor([-255]),['s']
35.0,27.18826604930303,34.92827836965673,35.10993556282069,"tensor([[0.5000]], dtype=torch.float64)",tensor([-255]),['n']
38.0,36.87558986842506,37.96016667626943,38.079260393099815,"tensor([[0.5000]], dtype=torch.float64)",tensor([-255]),['n']
40.0,44.90749285482623,39.81336916129972,39.30926883944662,"tensor([[0.5000]], dtype=torch.float64)",tensor([-255]),['n']
44.0,34.57198820981357,44.58479954649283,44.53316509939662,"tensor([[0.5000]], dtype=torch.float64)",tensor([-255]),['n']
68.0,67.81711103605608,67.5914077262803,67.81222729316377,"tensor([[0.5000]], dtype=torch.float64)",tensor([-255]),['n']
20.0,23.834406312641477,19.763628552068315,19.723987020143714,"tensor([[0.5000]], dtype=torch.float64)",tensor([-255]),['s']
9.0,7.790424312140631,9.092797058944335,9.75705021051861,"tensor([[0.5000]], dtype=torch.float64)",tensor([-255]),['s']
18.0,19.834234041436044,18.11158405254212,18.04588295873695,"tensor([[0.5000]], dtype=torch.float64)",tensor([-255]),['n']
25.0,25.39416496844619,24.868459214389343,24.80172151317844,"tensor([[0.5000]], dtype=torch.float64)",tensor([-255]),['n']
64.0,61.607025261996,63.477342335696115,62.81158827022332,"tensor([[0.5000]], dtype=torch.float64)",tensor([-255]),['s']
62.0,63.598510103190605,61.81148128493069,61.83599401069563,"tensor([[0.5000]], dtype=torch.float64)",tensor([-255]),['s']
42.0,34.67806309935639,42.77527514940006,43.21709046818229,"tensor([[0.5000]], dtype=torch.float64)",tensor([-255]),['n']
31.0,33.51094961837536,31.099573541044528,30.804040102840652,"tensor([[0.5000]], dtype=torch.float64)",tensor([-255]),['s']
7.0,6.704560865530387,6.768016773179262,6.649341480269311,"tensor([[0.5000]], dtype=torch.float64)",tensor([-255]),['n']
17.0,20.933841858458557,16.89701318876041,16.987918362324763,"tensor([[0.5000]], dtype=torch.float64)",tensor([-255]),['n']
47.0,45.850153958961045,48.0169300331952,47.99833007760466,"tensor([[0.5000]], dtype=torch.float64)",tensor([-255]),['n']
48.0,47.00113495673161,48.58047725811058,48.67797786316866,"tensor([[0.5000]], dtype=torch.float64)",tensor([-255]),['s']
37.0,37.644884474674946,36.93199141701531,37.01519585433096,"tensor([[0.5000]], dtype=torch.float64)",tensor([-255]),['n']
50.0,51.00544105828283,50.18970467066613,50.10295390108114,"tensor([[0.5000]], dtype=torch.float64)",tensor([-255]),['n']
32.0,29.59346274790239,26.76708182111835,29.94599392683764,"tensor([[0.5000]], dtype=torch.float64)",tensor([-255]),['s']
23.0,23.86634092461319,22.91424120661377,22.858912192605658,"tensor([[0.5000]], dtype=torch.float64)",tensor([-255]),['n']
41.0,40.17435400386344,41.341421468634444,41.760487209483834,"tensor([[0.5000]], dtype=torch.float64)",tensor([-255]),['n']
44.0,41.946301139403886,45.229398110700906,45.44212136799224,"tensor([[0.5000]], dtype=torch.float64)",tensor([-255]),['s']
15.0,69.54654022096884,14.883368402334646,15.008800841969943,"tensor([[0.5000]], dtype=torch.float64)",tensor([-255]),['n']
48.0,36.76074805711539,48.902832947748344,48.99374656198054,"tensor([[0.5000]], dtype=torch.float64)",tensor([-255]),['n']
4.0,5.030574830797838,3.815317156301968,3.8383815611477643,"tensor([[0.5000]], dtype=torch.float64)",tensor([-255]),['n']
20.0,19.446744953708766,20.14776559374889,20.04368841635986,"tensor([[0.5000]], dtype=torch.float64)",tensor([-255]),['n']
15.0,65.29584721931754,15.134271209082339,15.103062945820186,"tensor([[0.5000]], dtype=torch.float64)",tensor([-255]),['s']
38.0,34.923159490157104,37.755259286937054,37.770279509119916,"tensor([[0.5000]], dtype=torch.float64)",tensor([-255]),['n']
67.0,70.67856974927699,66.51038002295029,66.77178645085684,"tensor([[0.5000]], dtype=torch.float64)",tensor([-255]),['s']
63.0,63.76269356357495,62.224417364647906,61.50769670064865,"tensor([[0.5000]], dtype=torch.float64)",tensor([-255]),['s']
30.0,28.023084570649715,30.237886563305448,30.099592731032676,"tensor([[0.5000]], dtype=torch.float64)",tensor([-255]),['n']
54.0,7.445303952872868,53.94898237194326,54.06153129281559,"tensor([[0.5000]], dtype=torch.float64)",tensor([-255]),['n']
0.0,0.3732801154746759,0.0,0.2612385826971856,"tensor([[0.5000]], dtype=torch.float64)",tensor([-255]),['n']
38.0,36.098167350061644,37.4585229772571,37.60657315891412,"tensor([[0.5000]], dtype=torch.float64)",tensor([-255]),['n']
61.0,60.79606951230561,60.73083022629243,59.98297357973741,"tensor([[0.5000]], dtype=torch.float64)",tensor([-255]),['s']
7.0,9.337404408882502,6.689003771270696,6.81407142719517,"tensor([[0.5000]], dtype=torch.float64)",tensor([-255]),['n']
28.0,34.81694668330411,28.577182502778516,28.412683184966163,"tensor([[0.5000]], dtype=torch.float64)",tensor([-255]),['n']
1.0,63.94875640422125,1.0982337237344832,1.2131210166940491,"tensor([[0.5000]], dtype=torch.float64)",tensor([-255]),['n']
23.0,44.203325962196104,22.731198127617205,22.762854128802616,"tensor([[0.5000]], dtype=torch.float64)",tensor([-255]),['n']
1.0,44.08703902350883,1.322155590777355,2.34046766151924,"tensor([[0.5000]], dtype=torch.float64)",tensor([-255]),['n']
19.0,66.34046680356032,19.276438519032713,18.91890363741913,"tensor([[0.5000]], dtype=torch.float64)",tensor([-255]),['s']
66.0,64.19792966301728,65.18193211383559,65.17021987998493,"tensor([[0.5000]], dtype=torch.float64)",tensor([-255]),['s']
50.0,52.30074007117244,50.41372255206751,50.61928547350415,"tensor([[0.5000]], dtype=torch.float64)",tensor([-255]),['s']
44.0,42.80127659329504,44.088542799428076,43.588241980738246,"tensor([[0.5000]], dtype=torch.float64)",tensor([-255]),['n']
25.0,37.985481020064874,25.050290230354992,24.58124861735688,"tensor([[0.5000]], dtype=torch.float64)",tensor([-255]),['n']
27.0,25.89940432920439,26.866986235732906,26.835470637205614,"tensor([[0.5000]], dtype=torch.float64)",tensor([-255]),['n']
17.0,15.714087705651764,17.33528415786613,17.056789773555234,"tensor([[0.5000]], dtype=torch.float64)",tensor([-255]),['s']
34.0,29.576480687633342,33.875462699066944,34.01130685518565,"tensor([[0.5000]], dtype=torch.float64)",tensor([-255]),['s']
69.0,9.415595996047992,69.1668314824254,69.71765039491645,"tensor([[0.5000]], dtype=torch.float64)",tensor([-255]),['n']
52.0,51.550022801352625,51.85788718052326,52.23041326811567,"tensor([[0.5000]], dtype=torch.float64)",tensor([-255]),['n']
42.0,40.96856346653036,48.255844901964124,42.20880390257266,"tensor([[0.5000]], dtype=torch.float64)",tensor([-255]),['s']
0.0,2.045366257254759,0.09720449289689528,0.89444866509709,"tensor([[0.5000]], dtype=torch.float64)",tensor([-255]),['s']
51.0,49.85982299162554,51.29023346670117,51.49444787466998,"tensor([[0.5000]], dtype=torch.float64)",tensor([-255]),['s']
60.0,60.431891807352386,59.02465084931006,59.52523704839112,"tensor([[0.5000]], dtype=torch.float64)",tensor([-255]),['n']
32.0,34.88130991853239,30.660486242593745,30.736570499742466,"tensor([[0.5000]], dtype=torch.float64)",tensor([-255]),['s']
67.0,66.19887290858946,66.36468480278133,66.40736339110278,"tensor([[0.5000]], dtype=torch.float64)",tensor([-255]),['n']
48.0,49.002697828686976,48.52312812767773,48.95540649905232,"tensor([[0.5000]], dtype=torch.float64)",tensor([-255]),['s']
25.0,25.679701736815392,25.15805724300477,24.900999084638503,"tensor([[0.5000]], dtype=torch.float64)",tensor([-255]),['s']
61.0,60.103375321463844,60.2972643154486,59.63702823968744,"tensor([[0.5000]], dtype=torch.float64)",tensor([-255]),['n']
44.0,42.375598001778386,45.199513499564034,45.36404135252198,"tensor([[0.5000]], dtype=torch.float64)",tensor([-255]),['s']
1.0,7.999632104842554,1.0373700437120408,0.4645806805502808,"tensor([[0.5000]], dtype=torch.float64)",tensor([-255]),['s']
42.0,41.87252554072872,42.38738406123505,42.467178908110895,"tensor([[0.5000]], dtype=torch.float64)",tensor([-255]),['n']
12.0,10.781318973815921,11.856100070381448,11.949227831883027,"tensor([[0.5000]], dtype=torch.float64)",tensor([-255]),['n']
56.0,30.135234848659834,55.8988539118128,55.824547425373645,"tensor([[0.5000]], dtype=torch.float64)",tensor([-255]),['n']
18.0,15.600703814457198,18.028971471335712,17.93043551690682,"tensor([[0.5000]], dtype=torch.float64)",tensor([-255]),['s']
61.0,60.01733510686333,60.86158669954299,60.780167854161036,"tensor([[0.5000]], dtype=torch.float64)",tensor([-255]),['n']
29.0,35.870125577762806,29.283766420992645,29.05340698338474,"tensor([[0.5000]], dtype=torch.float64)",tensor([-255]),['n']
12.0,15.390530305979189,11.799787408209184,12.572635682007435,"tensor([[0.5000]], dtype=torch.float64)",tensor([-255]),['s']
24.0,29.4708586496508,23.788810780019983,23.770655516984867,"tensor([[0.5000]], dtype=torch.float64)",tensor([-255]),['n']
3.0,69.88506483399587,2.7883044919905453,3.0361480372296565,"tensor([[0.5000]], dtype=torch.float64)",tensor([-255]),['n']
54.0,52.38912114308236,53.99387530850202,53.99988779338341,"tensor([[0.5000]], dtype=torch.float64)",tensor([-255]),['s']
67.0,3.406877137275691,66.44926475595905,65.88865897044266,"tensor([[0.5000]], dtype=torch.float64)",tensor([-255]),['s']
58.0,59.05197995611231,57.999866891674074,57.87030832512982,"tensor([[0.5000]], dtype=torch.float64)",tensor([-255]),['n']
54.0,56.100262975137106,53.89268118387201,53.933875527505755,"tensor([[0.5000]], dtype=torch.float64)",tensor([-255]),['n']
64.0,2.0872548166138416,63.881695028245055,62.67660482565309,"tensor([[0.5000]], dtype=torch.float64)",tensor([-255]),['s']
12.0,11.583277730253585,11.759779908577048,11.981917763147834,"tensor([[0.5000]], dtype=torch.float64)",tensor([-255]),['s']
43.0,41.58614691489952,43.50626351678519,43.691016784506544,"tensor([[0.5000]], dtype=torch.float64)",tensor([-255]),['n']
1.0,68.66415264423905,0.9055305402921845,0.7466047552018145,"tensor([[0.5000]], dtype=torch.float64)",tensor([-255]),['s']
63.0,63.5293185423821,62.92145268104382,61.486718838605334,"tensor([[0.5000]], dtype=torch.float64)",tensor([-255]),['n']
65.0,4.923948159081132,64.87726420041274,64.81009589015913,"tensor([[0.5000]], dtype=torch.float64)",tensor([-255]),['n']
10.0,11.254999124732908,9.947993275632777,10.190714830513079,"tensor([[0.5000]], dtype=torch.float64)",tensor([-255]),['s']
61.0,63.859720143650115,59.89598872404997,59.128460448772884,"tensor([[0.5000]], dtype=torch.float64)",tensor([-255]),['s']
16.0,15.792056315944418,16.028969365294504,16.030883259845705,"tensor([[0.5000]], dtype=torch.float64)",tensor([-255]),['n']
23.0,20.879760621106644,22.914675285556704,22.591365653306756,"tensor([[0.5000]], dtype=torch.float64)",tensor([-255]),['s']
20.0,20.51989384768716,20.097982018287954,19.5795800137288,"tensor([[0.5000]], dtype=torch.float64)",tensor([-255]),['s']
36.0,32.189771970478205,35.21158269201596,34.78244341218905,"tensor([[0.5000]], dtype=torch.float64)",tensor([-255]),['n']
71.0,0.41235913525674134,71.0,71.0,"tensor([[0.5000]], dtype=torch.float64)",tensor([-255]),['n']
39.0,59.873557494475676,39.192188184117036,39.3108740781437,"tensor([[0.5000]], dtype=torch.float64)",tensor([-255]),['n']
54.0,19.066832703757964,54.26189216012423,54.089120388771605,"tensor([[0.5000]], dtype=torch.float64)",tensor([-255]),['s']
10.0,45.74638547307707,9.52132351648672,9.61628680377504,"tensor([[0.5000]], dtype=torch.float64)",tensor([-255]),['s']
68.0,68.60327873370731,67.90969221993689,67.46377692256581,"tensor([[0.5000]], dtype=torch.float64)",tensor([-255]),['s']
70.0,3.553448413476173,69.90064965175321,68.64564490246718,"tensor([[0.5000]], dtype=torch.float64)",tensor([-255]),['s']
50.0,49.17220475462729,50.10150229271163,50.10804551603399,"tensor([[0.5000]], dtype=torch.float64)",tensor([-255]),['n']
38.0,36.99309916683557,38.019566943969565,37.42852679850183,"tensor([[0.5000]], dtype=torch.float64)",tensor([-255]),['n']
27.0,31.88033964603919,27.190946172803443,26.99955151769524,"tensor([[0.5000]], dtype=torch.float64)",tensor([-255]),['n']
64.0,2.278238814240288,63.136077919361476,62.69133662925195,"tensor([[0.5000]], dtype=torch.float64)",tensor([-255]),['n']
15.0,15.879953299678805,15.225926038202118,15.075437735854846,"tensor([[0.5000]], dtype=torch.float64)",tensor([-255]),['s']
35.0,36.14096145076937,35.015498049273276,34.94558553278831,"tensor([[0.5000]], dtype=torch.float64)",tensor([-255]),['n']
13.0,10.941121634037671,13.104379555873807,13.80810820509329,"tensor([[0.5000]], dtype=torch.float64)",tensor([-255]),['s']
28.0,26.62036564239284,27.855311397262142,27.738176912276106,"tensor([[0.5000]], dtype=torch.float64)",tensor([-255]),['n']
69.0,65.25309808482257,68.59814708471687,68.25884436237328,"tensor([[0.5000]], dtype=torch.float64)",tensor([-255]),['n']
63.0,61.976227598951766,62.55209882137113,62.59256774210538,"tensor([[0.5000]], dtype=torch.float64)",tensor([-255]),['n']
56.0,31.184839443009913,55.652800889045125,55.48886573324163,"tensor([[0.5000]], dtype=torch.float64)",tensor([-255]),['n']
4.0,3.047764392685354,4.009396217127987,6.6215355167339185,"tensor([[0.5000]], dtype=torch.float64)",tensor([-255]),['s']
54.0,52.9556786511194,54.47140407507038,54.32294450433983,"tensor([[0.5000]], dtype=torch.float64)",tensor([-255]),['s']
46.0,47.988329450407676,46.872285826043495,47.11337288911141,"tensor([[0.5000]], dtype=torch.float64)",tensor([-255]),['s']
45.0,45.82679289078399,45.93185678050618,45.646103212597815,"tensor([[0.5000]], dtype=torch.float64)",tensor([-255]),['s']
67.0,69.67871666943603,66.30973114537085,66.10951426474834,"tensor([[0.5000]], dtype=torch.float64)",tensor([-255]),['s']
37.0,38.55366347831789,37.36030313618039,37.25186759338155,"tensor([[0.5000]], dtype=torch.float64)",tensor([-255]),['n']
1.0,7.147494861943494,0.9928660055283945,0.33697678926576197,"tensor([[0.5000]], dtype=torch.float64)",tensor([-255]),['s']
2.0,1.0588231330220357,1.9747452003559374,2.1898151356053255,"tensor([[0.5000]], dtype=torch.float64)",tensor([-255]),['n']
64.0,64.90841375198806,63.53856028778133,63.471754579238045,"tensor([[0.5000]], dtype=torch.float64)",tensor([-255]),['n']
47.0,49.03378252199726,47.06566523826658,47.69917340684697,"tensor([[0.5000]], dtype=torch.float64)",tensor([-255]),['s']
20.0,20.041192583637063,20.16767922372934,20.05133077357399,"tensor([[0.5000]], dtype=torch.float64)",tensor([-255]),['n']
71.0,62.18572368851376,71.0,71.0,"tensor([[0.5000]], dtype=torch.float64)",tensor([-255]),['n']
55.0,59.03565616642538,55.002542731151514,54.96003105354637,"tensor([[0.5000]], dtype=torch.float64)",tensor([-255]),['s']
3.0,0.720170239983804,2.9697975510396843,3.0373635330241915,"tensor([[0.5000]], dtype=torch.float64)",tensor([-255]),['n']
34.0,32.982594399225945,33.90314726948548,33.96418958337955,"tensor([[0.5000]], dtype=torch.float64)",tensor([-255]),['n']
64.0,63.18033954447158,63.72790475618072,63.08866975262282,"tensor([[0.5000]], dtype=torch.float64)",tensor([-255]),['n']
36.0,33.882634839249064,36.18088480808534,36.85439964142919,"tensor([[0.5000]], dtype=torch.float64)",tensor([-255]),['s']
34.0,30.037213175223684,34.004751692350126,33.879208456990185,"tensor([[0.5000]], dtype=torch.float64)",tensor([-255]),['n']
31.0,34.76295481712185,30.934615765664343,30.844588503914746,"tensor([[0.5000]], dtype=torch.float64)",tensor([-255]),['s']
41.0,42.718134374057,41.88717168827557,41.876251214513886,"tensor([[0.5000]], dtype=torch.float64)",tensor([-255]),['s']
44.0,47.795017413865835,44.80585055017559,44.748306428336086,"tensor([[0.5000]], dtype=torch.float64)",tensor([-255]),['s']
62.0,59.824252922455315,61.66907047337632,61.139522682872936,"tensor([[0.5000]], dtype=torch.float64)",tensor([-255]),['n']
52.0,53.1409197284283,52.16544877609676,52.013108279557265,"tensor([[0.5000]], dtype=torch.float64)",tensor([-255]),['s']
11.0,12.976989973372628,11.27545424603249,11.505765963085022,"tensor([[0.5000]], dtype=torch.float64)",tensor([-255]),['n']
12.0,11.086215584749691,11.157524934482622,11.12540548491096,"tensor([[0.5000]], dtype=torch.float64)",tensor([-255]),['n']
50.0,50.75039084493629,50.27710499270936,50.650163233913965,"tensor([[0.5000]], dtype=torch.float64)",tensor([-255]),['s']
40.0,39.05767192654724,40.43780629500358,41.17256847543222,"tensor([[0.5000]], dtype=torch.float64)",tensor([-255]),['s']
44.0,43.82264714001608,44.4351950995471,45.21671467673168,"tensor([[0.5000]], dtype=torch.float64)",tensor([-255]),['n']
50.0,50.52867174685956,50.27411197385332,50.4110879992056,"tensor([[0.5000]], dtype=torch.float64)",tensor([-255]),['s']
29.0,27.199174447933263,28.914507763980993,28.1497199759279,"tensor([[0.5000]], dtype=torch.float64)",tensor([-255]),['s']
65.0,8.759335837553033,64.10209905996888,63.83644968163711,"tensor([[0.5000]], dtype=torch.float64)",tensor([-255]),['s']
16.0,15.876371992251855,16.313320020308822,16.08386380130129,"tensor([[0.5000]], dtype=torch.float64)",tensor([-255]),['s']
6.0,8.054393018757516,6.024109621958165,6.16862320766711,"tensor([[0.5000]], dtype=torch.float64)",tensor([-255]),['n']
21.0,20.715428107217388,20.890701465482945,20.955787745686038,"tensor([[0.5000]], dtype=torch.float64)",tensor([-255]),['n']
50.0,50.88877484294719,49.871971559228406,50.249947761992075,"tensor([[0.5000]], dtype=torch.float64)",tensor([-255]),['s']
49.0,48.18502593012152,49.54296215172777,49.77027555524291,"tensor([[0.5000]], dtype=torch.float64)",tensor([-255]),['s']
6.0,70.83008708723557,5.90633238471803,6.777007990575231,"tensor([[0.5000]], dtype=torch.float64)",tensor([-255]),['n']
32.0,29.123265425865952,32.222262999079156,31.889726156321945,"tensor([[0.5000]], dtype=torch.float64)",tensor([-255]),['s']
16.0,15.761585501003552,16.34159390352384,16.06018017262263,"tensor([[0.5000]], dtype=torch.float64)",tensor([-255]),['s']
9.0,10.45022192698476,8.643322163297519,8.728630843704254,"tensor([[0.5000]], dtype=torch.float64)",tensor([-255]),['n']
15.0,14.982648276177972,14.815585169587989,15.586706744787561,"tensor([[0.5000]], dtype=torch.float64)",tensor([-255]),['n']
44.0,41.62909848906449,45.82257962714635,45.17144795337867,"tensor([[0.5000]], dtype=torch.float64)",tensor([-255]),['s']
52.0,51.12573918367106,52.29974473265235,52.259434817286824,"tensor([[0.5000]], dtype=torch.float64)",tensor([-255]),['n']
12.0,12.480937615822473,11.887971718625472,11.997608479228324,"tensor([[0.5000]], dtype=torch.float64)",tensor([-255]),['n']
33.0,31.844857485763917,33.18813944898664,32.66154192511294,"tensor([[0.5000]], dtype=torch.float64)",tensor([-255]),['s']
16.0,23.642328237840168,16.199601076922526,15.945170951982838,"tensor([[0.5000]], dtype=torch.float64)",tensor([-255]),['s']
17.0,16.858309343648294,17.167117321423305,17.019096595600363,"tensor([[0.5000]], dtype=torch.float64)",tensor([-255]),['s']
44.0,40.496158499779206,44.651497546117504,44.778867942317575,"tensor([[0.5000]], dtype=torch.float64)",tensor([-255]),['n']
23.0,36.8878767906682,22.89737471287416,22.42487939002038,"tensor([[0.5000]], dtype=torch.float64)",tensor([-255]),['n']
56.0,58.98630638232643,55.859601162389744,55.88837508648329,"tensor([[0.5000]], dtype=torch.float64)",tensor([-255]),['n']
14.0,49.19354406583623,14.12241268623355,14.126343197406044,"tensor([[0.5000]], dtype=torch.float64)",tensor([-255]),['n']
62.0,62.00376526247935,60.9867007127737,60.96776181724141,"tensor([[0.5000]], dtype=torch.float64)",tensor([-255]),['n']
37.0,36.05394672871994,36.87483370571996,36.884180359813186,"tensor([[0.5000]], dtype=torch.float64)",tensor([-255]),['n']
12.0,11.938806005636897,11.99532468937945,12.689210241346835,"tensor([[0.5000]], dtype=torch.float64)",tensor([-255]),['s']
71.0,67.10642479627688,71.0,71.0,"tensor([[0.5000]], dtype=torch.float64)",tensor([-255]),['n']
60.0,61.149639466436305,59.71428341134392,59.01393381906861,"tensor([[0.5000]], dtype=torch.float64)",tensor([-255]),['n']
50.0,47.88711082571615,50.43888941783426,50.91053425621973,"tensor([[0.5000]], dtype=torch.float64)",tensor([-255]),['n']
51.0,50.187491509587595,51.346727846807035,51.77245566468396,"tensor([[0.5000]], dtype=torch.float64)",tensor([-255]),['s']
18.0,44.93662477344787,18.135506439599098,18.155180981528872,"tensor([[0.5000]], dtype=torch.float64)",tensor([-255]),['n']
13.0,13.711590180877852,12.961448295380412,13.178578979369757,"tensor([[0.5000]], dtype=torch.float64)",tensor([-255]),['s']
58.0,56.45349150868972,57.627434731218614,57.319267471952564,"tensor([[0.5000]], dtype=torch.float64)",tensor([-255]),['n']
55.0,57.27194134722803,54.97003813606507,54.967325525250295,"tensor([[0.5000]], dtype=torch.float64)",tensor([-255]),['n']
52.0,31.046984197149122,52.232554432882935,52.14317640945278,"tensor([[0.5000]], dtype=torch.float64)",tensor([-255]),['n']
8.0,8.946506428362168,8.375204476797938,8.11760740390688,"tensor([[0.5000]], dtype=torch.float64)",tensor([-255]),['s']
41.0,25.164607154548676,41.730117610745054,41.95148022972023,"tensor([[0.5000]], dtype=torch.float64)",tensor([-255]),['n']
4.0,5.929902011986188,3.789648961696588,3.3754200606277776,"tensor([[0.5000]], dtype=torch.float64)",tensor([-255]),['s']
54.0,52.53599584613916,54.15624007378758,53.99539269262821,"tensor([[0.5000]], dtype=torch.float64)",tensor([-255]),['s']
57.0,56.704209673555795,56.625377843750584,56.215801555600315,"tensor([[0.5000]], dtype=torch.float64)",tensor([-255]),['n']
56.0,55.595415143541224,55.47847946548196,55.94386124124405,"tensor([[0.5000]], dtype=torch.float64)",tensor([-255]),['s']
2.0,2.02994805782373,1.9411712241201233,2.7057869609862926,"tensor([[0.5000]], dtype=torch.float64)",tensor([-255]),['s']
29.0,34.93287875716578,29.439073870085398,29.125185924309907,"tensor([[0.5000]], dtype=torch.float64)",tensor([-255]),['s']
37.0,39.307782385413965,37.51647862711835,37.33986267127048,"tensor([[0.5000]], dtype=torch.float64)",tensor([-255]),['n']
53.0,20.150926111704038,53.09997625817126,53.02370765027017,"tensor([[0.5000]], dtype=torch.float64)",tensor([-255]),['n']
16.0,40.86862481023776,15.959967172860358,16.039176642436793,"tensor([[0.5000]], dtype=torch.float64)",tensor([-255]),['s']
24.0,33.00940460789184,23.45065150542098,24.02914318714047,"tensor([[0.5000]], dtype=torch.float64)",tensor([-255]),['s']
68.0,68.12405666036399,67.62833469178773,67.70875044320509,"tensor([[0.5000]], dtype=torch.float64)",tensor([-255]),['n']
5.0,4.900920561249816,4.731222392948336,4.754275192219806,"tensor([[0.5000]], dtype=torch.float64)",tensor([-255]),['n']
2.0,6.389622640066917,2.2285516070304205,2.6421324215536037,"tensor([[0.5000]], dtype=torch.float64)",tensor([-255]),['n']
58.0,59.63092632453672,57.14179501037132,57.06648066687216,"tensor([[0.5000]], dtype=torch.float64)",tensor([-255]),['s']
10.0,10.83419376272081,10.962246088547559,10.873682686044015,"tensor([[0.5000]], dtype=torch.float64)",tensor([-255]),['n']
30.0,30.08590701292755,29.562485459396,28.43979842470426,"tensor([[0.5000]], dtype=torch.float64)",tensor([-255]),['n']
49.0,36.8550125409994,49.54976304840716,49.98119716962344,"tensor([[0.5000]], dtype=torch.float64)",tensor([-255]),['s']
69.0,66.16962995053501,69.02926938322886,69.20688363207528,"tensor([[0.5000]], dtype=torch.float64)",tensor([-255]),['s']
45.0,46.750634612935556,45.87729750760389,45.98608459813157,"tensor([[0.5000]], dtype=torch.float64)",tensor([-255]),['n']
18.0,17.626122271424567,17.946208091881683,17.992896631159066,"tensor([[0.5000]], dtype=torch.float64)",tensor([-255]),['s']
10.0,12.801117424617857,10.100089347193657,10.07307045480209,"tensor([[0.5000]], dtype=torch.float64)",tensor([-255]),['s']
7.0,69.77895933238335,7.204562011277881,7.097154523712135,"tensor([[0.5000]], dtype=torch.float64)",tensor([-255]),['n']
1.0,2.218007384302073,0.9637938195528882,1.7373123493715081,"tensor([[0.5000]], dtype=torch.float64)",tensor([-255]),['n']
47.0,47.15649202983897,47.17660197907328,47.870145180504686,"tensor([[0.5000]], dtype=torch.float64)",tensor([-255]),['s']
37.0,30.92435200145279,36.66420096306149,36.48477687925337,"tensor([[0.5000]], dtype=torch.float64)",tensor([-255]),['s']
41.0,40.481237685413,41.136220171300415,41.125896076724636,"tensor([[0.5000]], dtype=torch.float64)",tensor([-255]),['n']
62.0,59.98901173347612,61.33858882545636,60.650674804843895,"tensor([[0.5000]], dtype=torch.float64)",tensor([-255]),['n']
2.0,1.8169772339077093,1.2121043731221115,1.5358912246491085,"tensor([[0.5000]], dtype=torch.float64)",tensor([-255]),['s']
25.0,35.635596594117004,25.268441291512353,25.094518516860663,"tensor([[0.5000]], dtype=torch.float64)",tensor([-255]),['s']
47.0,36.05297672682639,47.69196275276985,47.89535301923195,"tensor([[0.5000]], dtype=torch.float64)",tensor([-255]),['n']
41.0,42.260183578132256,41.45785711261832,41.8384442544153,"tensor([[0.5000]], dtype=torch.float64)",tensor([-255]),['n']
2.0,4.711302648431278,2.6895782568570077,2.6744312412896516,"tensor([[0.5000]], dtype=torch.float64)",tensor([-255]),['n']
36.0,36.05886371926059,36.12545716623419,36.03522838241077,"tensor([[0.5000]], dtype=torch.float64)",tensor([-255]),['n']
45.0,45.09866404402021,46.415576693301745,46.37071868195405,"tensor([[0.5000]], dtype=torch.float64)",tensor([-255]),['n']
58.0,57.90113723495725,57.81011691473259,57.874286691274214,"tensor([[0.5000]], dtype=torch.float64)",tensor([-255]),['n']
39.0,37.860066616243124,39.19996877058308,39.621495040836884,"tensor([[0.5000]], dtype=torch.float64)",tensor([-255]),['s']
68.0,70.68404989626387,67.73860217269588,67.8406070091738,"tensor([[0.5000]], dtype=torch.float64)",tensor([-255]),['s']
27.0,23.59636361365945,27.146084132026992,26.645484812480802,"tensor([[0.5000]], dtype=torch.float64)",tensor([-255]),['s']
29.0,27.088978695813793,28.305936443653213,28.04697164956629,"tensor([[0.5000]], dtype=torch.float64)",tensor([-255]),['n']
35.0,34.418018858204036,34.76660864193349,34.22093157167872,"tensor([[0.5000]], dtype=torch.float64)",tensor([-255]),['s']
30.0,32.96161811260001,29.988927659481163,27.439646973044194,"tensor([[0.5000]], dtype=torch.float64)",tensor([-255]),['n']
11.0,10.006717134449662,11.2779086416247,11.921517775295426,"tensor([[0.5000]], dtype=torch.float64)",tensor([-255]),['s']
51.0,51.65736831435224,51.22252513046162,51.5104924370258,"tensor([[0.5000]], dtype=torch.float64)",tensor([-255]),['n']
18.0,17.02005531819912,18.09875306409926,18.06027000853541,"tensor([[0.5000]], dtype=torch.float64)",tensor([-255]),['n']
11.0,66.32022235275105,10.720430099557232,10.906439434188577,"tensor([[0.5000]], dtype=torch.float64)",tensor([-255]),['s']
12.0,11.981697989043514,11.68537314117909,11.742062399547759,"tensor([[0.5000]], dtype=torch.float64)",tensor([-255]),['s']
71.0,0.7394722606077805,70.96102619891462,70.33191131103001,"tensor([[0.5000]], dtype=torch.float64)",tensor([-255]),['n']
2.0,2.1328294696917984,1.8512149003798344,1.9180636995260238,"tensor([[0.5000]], dtype=torch.float64)",tensor([-255]),['n']
70.0,68.88387971763484,69.11240813591802,68.56107203612292,"tensor([[0.5000]], dtype=torch.float64)",tensor([-255]),['n']
30.0,27.597069138308726,29.475518501258094,29.580660688075334,"tensor([[0.5000]], dtype=torch.float64)",tensor([-255]),['n']
63.0,2.4506720470825214,62.28911456769731,62.05290671023817,"tensor([[0.5000]], dtype=torch.float64)",tensor([-255]),['s']
53.0,52.071998828834836,53.391717436974,53.243039009180414,"tensor([[0.5000]], dtype=torch.float64)",tensor([-255]),['s']
33.0,32.992320209218505,33.623431278168404,33.129655169916326,"tensor([[0.5000]], dtype=torch.float64)",tensor([-255]),['s']
31.0,29.078051507995237,31.322343177199016,31.220370476341955,"tensor([[0.5000]], dtype=torch.float64)",tensor([-255]),['s']
62.0,60.9315887583964,61.356062269201125,61.37569040571598,"tensor([[0.5000]], dtype=torch.float64)",tensor([-255]),['s']
57.0,29.189775322830773,57.438085998070285,56.802491118892235,"tensor([[0.5000]], dtype=torch.float64)",tensor([-255]),['s']
29.0,28.025974231437505,27.971417884408396,28.17674429390486,"tensor([[0.5000]], dtype=torch.float64)",tensor([-255]),['s']
69.0,66.3853503355191,68.80191966311001,69.69208366538555,"tensor([[0.5000]], dtype=torch.float64)",tensor([-255]),['n']
1.0,10.103893359780677,0.7304997910721626,0.4721816752503632,"tensor([[0.5000]], dtype=torch.float64)",tensor([-255]),['n']
40.0,36.25922714535279,40.195074467116854,40.08861541177623,"tensor([[0.5000]], dtype=torch.float64)",tensor([-255]),['n']
15.0,14.827584333117581,14.788291536671537,14.8649713016825,"tensor([[0.5000]], dtype=torch.float64)",tensor([-255]),['n']
6.0,6.70240833709854,5.689711677304133,6.354228588043658,"tensor([[0.5000]], dtype=torch.float64)",tensor([-255]),['s']
24.0,24.134325912129597,23.822352443783192,23.939647335139764,"tensor([[0.5000]], dtype=torch.float64)",tensor([-255]),['n']
59.0,59.26122023788645,58.50101919969424,58.15858224507718,"tensor([[0.5000]], dtype=torch.float64)",tensor([-255]),['n']
14.0,13.046416107378917,13.83790607386383,14.000265869798573,"tensor([[0.5000]], dtype=torch.float64)",tensor([-255]),['s']
60.0,62.12403763363373,59.53679852893949,59.27389207397636,"tensor([[0.5000]], dtype=torch.float64)",tensor([-255]),['n']
28.0,29.92125529946928,23.34561110267632,26.42709527423549,"tensor([[0.5000]], dtype=torch.float64)",tensor([-255]),['s']
55.0,58.36416027153821,54.9139769453786,54.593296535368744,"tensor([[0.5000]], dtype=torch.float64)",tensor([-255]),['s']
32.0,34.437180372944844,31.395282047503454,29.90869293044893,"tensor([[0.5000]], dtype=torch.float64)",tensor([-255]),['n']
68.0,67.64398373393527,67.39182094022932,66.14900060321932,"tensor([[0.5000]], dtype=torch.float64)",tensor([-255]),['n']
26.0,25.99257908723846,26.26302072362842,26.10938069375068,"tensor([[0.5000]], dtype=torch.float64)",tensor([-255]),['n']
15.0,16.53554534565594,15.060971729865685,15.123574543644763,"tensor([[0.5000]], dtype=torch.float64)",tensor([-255]),['n']
52.0,54.60098911507278,52.190884459122834,52.12168321943023,"tensor([[0.5000]], dtype=torch.float64)",tensor([-255]),['n']
3.0,2.2523157923140116,3.2486582269040487,3.3576083689114617,"tensor([[0.5000]], dtype=torch.float64)",tensor([-255]),['s']
41.0,43.00560961243123,41.325463785267225,41.59529827858253,"tensor([[0.5000]], dtype=torch.float64)",tensor([-255]),['n']
1.0,59.28394079827076,1.1939954813912308,2.039133398624207,"tensor([[0.5000]], dtype=torch.float64)",tensor([-255]),['n']
21.0,21.764250553444032,21.097676873120424,20.96627218183638,"tensor([[0.5000]], dtype=torch.float64)",tensor([-255]),['s']
2.0,3.281494272498441,2.0566058592484713,2.203643555427892,"tensor([[0.5000]], dtype=torch.float64)",tensor([-255]),['n']
2.0,2.670962450344293,10.869081851797867,10.913353273057195,"tensor([[0.5000]], dtype=torch.float64)",tensor([-255]),['s']
9.0,8.967279483909302,8.347786578605687,8.447931574914325,"tensor([[0.5000]], dtype=torch.float64)",tensor([-255]),['n']
47.0,47.91485381434763,47.69408490520234,48.280355948060276,"tensor([[0.5000]], dtype=torch.float64)",tensor([-255]),['s']
48.0,45.862821025410895,48.5053612896358,49.68488710127087,"tensor([[0.5000]], dtype=torch.float64)",tensor([-255]),['n']
70.0,69.30012636214755,70.12298780305846,69.29537582124463,"tensor([[0.5000]], dtype=torch.float64)",tensor([-255]),['s']
35.0,30.3108504386384,34.9833769024651,34.04613224702475,"tensor([[0.5000]], dtype=torch.float64)",tensor([-255]),['s']
62.0,63.302108146830975,61.08672556002979,61.05278088873022,"tensor([[0.5000]], dtype=torch.float64)",tensor([-255]),['s']
40.0,43.114458336945695,40.05510508101598,40.72670382405042,"tensor([[0.5000]], dtype=torch.float64)",tensor([-255]),['s']
67.0,68.45443620386416,66.47008639596109,62.1074495066256,"tensor([[0.5000]], dtype=torch.float64)",tensor([-255]),['n']
22.0,21.10504894954795,21.76166436632729,21.4361218545305,"tensor([[0.5000]], dtype=torch.float64)",tensor([-255]),['n']
14.0,9.53047680534057,14.018187780697453,14.084407349906597,"tensor([[0.5000]], dtype=torch.float64)",tensor([-255]),['n']
60.0,59.83632161395616,59.55996625159682,58.98488247425527,"tensor([[0.5000]], dtype=torch.float64)",tensor([-255]),['n']
53.0,49.36135998612609,52.826434803116136,53.061017807953995,"tensor([[0.5000]], dtype=torch.float64)",tensor([-255]),['s']
67.0,69.94301614637732,66.49403114336093,66.29648983938225,"tensor([[0.5000]], dtype=torch.float64)",tensor([-255]),['s']
37.0,34.05945820916057,36.92165625398656,37.16759293814451,"tensor([[0.5000]], dtype=torch.float64)",tensor([-255]),['s']
15.0,13.174586513290553,15.16956311206886,15.250414973704572,"tensor([[0.5000]], dtype=torch.float64)",tensor([-255]),['n']
21.0,21.99624986722278,20.920974013089754,20.925542395146977,"tensor([[0.5000]], dtype=torch.float64)",tensor([-255]),['n']
12.0,10.927180595780296,12.147647124770883,12.066339805068838,"tensor([[0.5000]], dtype=torch.float64)",tensor([-255]),['n']
32.0,33.91502676072899,33.24322328250038,33.4538239447219,"tensor([[0.5000]], dtype=torch.float64)",tensor([-255]),['s']
57.0,57.8727636445177,56.65038464361053,56.768581180778405,"tensor([[0.5000]], dtype=torch.float64)",tensor([-255]),['s']
34.0,30.02756783090581,33.37855233328698,32.95590497921373,"tensor([[0.5000]], dtype=torch.float64)",tensor([-255]),['n']
64.0,63.661188038264356,62.17106807587928,62.67698350039567,"tensor([[0.5000]], dtype=torch.float64)",tensor([-255]),['n']
10.0,9.948910760733188,10.66916611029462,10.118080233303422,"tensor([[0.5000]], dtype=torch.float64)",tensor([-255]),['s']
26.0,24.68327249913833,26.306782690702928,26.14332614861913,"tensor([[0.5000]], dtype=torch.float64)",tensor([-255]),['s']
17.0,55.13824518063034,17.140506978035745,17.26150115442965,"tensor([[0.5000]], dtype=torch.float64)",tensor([-255]),['n']
1.0,10.13828778791475,1.2559877495606424,2.0040553010433353,"tensor([[0.5000]], dtype=torch.float64)",tensor([-255]),['s']
13.0,12.114377703609762,13.02793084380907,13.03371343751646,"tensor([[0.5000]], dtype=torch.float64)",tensor([-255]),['s']
47.0,45.08330966179423,47.71477993044775,47.850935196328294,"tensor([[0.5000]], dtype=torch.float64)",tensor([-255]),['n']
65.0,61.9337372337933,64.49365773980028,64.83282927915934,"tensor([[0.5000]], dtype=torch.float64)",tensor([-255]),['s']
66.0,67.74192741687722,65.36025379748857,64.734286458028,"tensor([[0.5000]], dtype=torch.float64)",tensor([-255]),['n']
2.0,69.2036539789205,1.7461152277978909,1.9193740090602402,"tensor([[0.5000]], dtype=torch.float64)",tensor([-255]),['n']
8.0,7.844389283906402,8.579308175495445,8.257523425485703,"tensor([[0.5000]], dtype=torch.float64)",tensor([-255]),['n']
24.0,36.94258370520116,24.147523358259356,23.96170247508187,"tensor([[0.5000]], dtype=torch.float64)",tensor([-255]),['s']
70.0,67.09318699680374,69.90947397673533,69.94196499062625,"tensor([[0.5000]], dtype=torch.float64)",tensor([-255]),['s']
36.0,33.579360305991315,36.591066056872336,36.6239200215251,"tensor([[0.5000]], dtype=torch.float64)",tensor([-255]),['n']
33.0,26.071570433578998,33.62659189709792,33.153479113533955,"tensor([[0.5000]], dtype=torch.float64)",tensor([-255]),['s']
20.0,60.81464186756867,19.879854913000592,19.94686180191774,"tensor([[0.5000]], dtype=torch.float64)",tensor([-255]),['n']
19.0,19.83530834134998,18.89155585213246,18.978222329223343,"tensor([[0.5000]], dtype=torch.float64)",tensor([-255]),['n']
38.0,40.195882798208316,37.616137894474335,36.94089312859674,"tensor([[0.5000]], dtype=torch.float64)",tensor([-255]),['s']
70.0,66.08261285278641,69.79152667366563,69.76744410679575,"tensor([[0.5000]], dtype=torch.float64)",tensor([-255]),['n']
3.0,70.67389286712667,2.579108656137168,2.7556326405812235,"tensor([[0.5000]], dtype=torch.float64)",tensor([-255]),['n']
40.0,25.70276647303755,40.169011903297765,39.9822833139176,"tensor([[0.5000]], dtype=torch.float64)",tensor([-255]),['s']
62.0,63.32592440202576,61.12105177277986,60.69386192198321,"tensor([[0.5000]], dtype=torch.float64)",tensor([-255]),['s']
66.0,69.28547559606449,65.72968690724952,65.39198806910566,"tensor([[0.5000]], dtype=torch.float64)",tensor([-255]),['n']
19.0,16.81956062642628,19.20581040038895,19.07452282755105,"tensor([[0.5000]], dtype=torch.float64)",tensor([-255]),['n']
67.0,65.10260731427057,66.22887116484061,65.20249486408858,"tensor([[0.5000]], dtype=torch.float64)",tensor([-255]),['s']
71.0,4.479776809507557,70.84722739479693,71.0,"tensor([[0.5000]], dtype=torch.float64)",tensor([-255]),['s']
35.0,37.12209115860532,35.46790789750415,35.63980453275319,"tensor([[0.5000]], dtype=torch.float64)",tensor([-255]),['s']
47.0,48.262249677975895,47.26666972146437,47.150665062501716,"tensor([[0.5000]], dtype=torch.float64)",tensor([-255]),['s']
24.0,22.41923199130558,24.39794235039564,24.2830945896822,"tensor([[0.5000]], dtype=torch.float64)",tensor([-255]),['n']
25.0,23.89634546139395,25.223118907991818,24.86160073568167,"tensor([[0.5000]], dtype=torch.float64)",tensor([-255]),['n']
32.0,30.002884300559217,31.824223321449157,31.973136565102827,"tensor([[0.5000]], dtype=torch.float64)",tensor([-255]),['s']
15.0,14.237639770803083,14.99176383751882,14.992711387048466,"tensor([[0.5000]], dtype=torch.float64)",tensor([-255]),['s']
34.0,35.01887067829294,34.02151234312021,33.907550178313954,"tensor([[0.5000]], dtype=torch.float64)",tensor([-255]),['n']
69.0,70.56182879061737,69.20798627736646,68.9469832896409,"tensor([[0.5000]], dtype=torch.float64)",tensor([-255]),['s']
65.0,62.75804828388151,63.916664498809816,63.61140018516263,"tensor([[0.5000]], dtype=torch.float64)",tensor([-255]),['n']
36.0,32.302306032649554,36.19405803797911,36.11670101690842,"tensor([[0.5000]], dtype=torch.float64)",tensor([-255]),['s']
47.0,35.171247106885346,47.79644795820488,47.988775984258524,"tensor([[0.5000]], dtype=torch.float64)",tensor([-255]),['n']
71.0,66.44549655021927,70.25768741655779,70.39970090500111,"tensor([[0.5000]], dtype=torch.float64)",tensor([-255]),['s']
31.0,32.65474249196156,31.07277771484895,31.09423596586816,"tensor([[0.5000]], dtype=torch.float64)",tensor([-255]),['s']
31.0,32.022287986598286,31.229052471881836,30.385852667617932,"tensor([[0.5000]], dtype=torch.float64)",tensor([-255]),['n']
36.0,33.56935028388691,36.01126165443544,36.27219134163435,"tensor([[0.5000]], dtype=torch.float64)",tensor([-255]),['n']
30.0,29.515991060814052,30.363440128573163,30.530185909241233,"tensor([[0.5000]], dtype=torch.float64)",tensor([-255]),['n']
3.0,69.28758625394393,2.728154299949228,4.343716189118754,"tensor([[0.5000]], dtype=torch.float64)",tensor([-255]),['s']
23.0,23.621329967623247,22.90516285757507,22.89351115299403,"tensor([[0.5000]], dtype=torch.float64)",tensor([-255]),['n']
21.0,21.134886235138204,20.895814568731215,20.780258783624134,"tensor([[0.5000]], dtype=torch.float64)",tensor([-255]),['n']
7.0,8.758563908761953,7.1440837753581565,7.1088312029365675,"tensor([[0.5000]], dtype=torch.float64)",tensor([-255]),['s']
23.0,37.36344016955454,23.170378689386492,23.008612476684746,"tensor([[0.5000]], dtype=torch.float64)",tensor([-255]),['s']
11.0,25.907724048436194,11.103694183939915,11.09803926644072,"tensor([[0.5000]], dtype=torch.float64)",tensor([-255]),['s']
32.0,28.386570898083278,32.30803203579515,32.165109759472735,"tensor([[0.5000]], dtype=torch.float64)",tensor([-255]),['n']
34.0,33.24365091604797,33.62494206016917,33.15491704112826,"tensor([[0.5000]], dtype=torch.float64)",tensor([-255]),['n']
52.0,30.34429164626156,52.17049752803508,52.253869503752064,"tensor([[0.5000]], dtype=torch.float64)",tensor([-255]),['s']
56.0,58.46755378405465,55.77760589968298,55.730100589088636,"tensor([[0.5000]], dtype=torch.float64)",tensor([-255]),['s']
8.0,9.765252544541228,8.605399447288228,8.613887672557862,"tensor([[0.5000]], dtype=torch.float64)",tensor([-255]),['s']
41.0,43.95322864082637,41.480763510546545,41.76908944779076,"tensor([[0.5000]], dtype=torch.float64)",tensor([-255]),['s']
37.0,41.61976813555728,36.91942740228911,36.70733976772022,"tensor([[0.5000]], dtype=torch.float64)",tensor([-255]),['n']
20.0,62.150386470161415,20.46292313727679,19.93870732383942,"tensor([[0.5000]], dtype=torch.float64)",tensor([-255]),['s']
48.0,48.00015638188668,48.70378235785214,48.626433358349445,"tensor([[0.5000]], dtype=torch.float64)",tensor([-255]),['s']
4.0,8.046679835213727,3.6314464034057163,4.657214433597055,"tensor([[0.5000]], dtype=torch.float64)",tensor([-255]),['n']
14.0,12.519827623042158,13.68080044156163,13.89240871721777,"tensor([[0.5000]], dtype=torch.float64)",tensor([-255]),['n']
70.0,69.88223955180341,70.16336631144972,69.32697617334328,"tensor([[0.5000]], dtype=torch.float64)",tensor([-255]),['s']
58.0,59.923383773341016,57.16566296538868,56.83148866732396,"tensor([[0.5000]], dtype=torch.float64)",tensor([-255]),['s']
15.0,12.03457666342954,14.812397704789921,14.921732433002607,"tensor([[0.5000]], dtype=torch.float64)",tensor([-255]),['n']
25.0,26.87131589004786,24.938919009062587,24.89096519905824,"tensor([[0.5000]], dtype=torch.float64)",tensor([-255]),['n']
38.0,40.101339306785086,37.9200485374212,37.91022635062426,"tensor([[0.5000]], dtype=torch.float64)",tensor([-255]),['s']
54.0,53.52414346986125,54.07511855497286,54.02960818696619,"tensor([[0.5000]], dtype=torch.float64)",tensor([-255]),['n']
28.0,31.024885421551527,28.09671027902959,27.988797720671737,"tensor([[0.5000]], dtype=torch.float64)",tensor([-255]),['s']
68.0,65.04993997732097,67.35450631794518,67.14140944341928,"tensor([[0.5000]], dtype=torch.float64)",tensor([-255]),['s']
35.0,34.7728853109395,35.191839809499804,35.10813428047495,"tensor([[0.5000]], dtype=torch.float64)",tensor([-255]),['s']
56.0,56.74867127883809,55.677944463038564,55.53181564796475,"tensor([[0.5000]], dtype=torch.float64)",tensor([-255]),['n']
70.0,66.59799427640536,69.46473087628857,69.26578931462478,"tensor([[0.5000]], dtype=torch.float64)",tensor([-255]),['s']
17.0,17.720076547684066,17.48651916398068,17.37493278584106,"tensor([[0.5000]], dtype=torch.float64)",tensor([-255]),['s']
10.0,10.544710564538246,9.562683611932762,9.892864172528679,"tensor([[0.5000]], dtype=torch.float64)",tensor([-255]),['s']
34.0,33.87083762812481,34.11238265556221,34.015942064076896,"tensor([[0.5000]], dtype=torch.float64)",tensor([-255]),['s']
39.0,42.29774410497461,39.14882578459926,38.95102340420718,"tensor([[0.5000]], dtype=torch.float64)",tensor([-255]),['s']
46.0,46.08622689942774,47.32186151820783,46.64741541540977,"tensor([[0.5000]], dtype=torch.float64)",tensor([-255]),['n']
34.0,33.532245189954224,34.212184452117725,34.19508402365644,"tensor([[0.5000]], dtype=torch.float64)",tensor([-255]),['s']
15.0,15.00641250063142,15.197687984213019,15.14252848819514,"tensor([[0.5000]], dtype=torch.float64)",tensor([-255]),['n']
70.0,70.59841403667653,69.93031335719895,69.59874431356909,"tensor([[0.5000]], dtype=torch.float64)",tensor([-255]),['s']
36.0,37.93380048271384,35.67490096473,36.21387389989841,"tensor([[0.5000]], dtype=torch.float64)",tensor([-255]),['s']
26.0,26.997414117318364,26.004056797300457,23.873587572934184,"tensor([[0.5000]], dtype=torch.float64)",tensor([-255]),['s']
2.0,68.9646991601775,1.7523646908857748,1.2832372496311022,"tensor([[0.5000]], dtype=torch.float64)",tensor([-255]),['n']
0.0,4.8856731993104585,0.0,0.0,"tensor([[0.5000]], dtype=torch.float64)",tensor([-255]),['s']
13.0,14.763482843209005,12.795985595930246,13.25950405684834,"tensor([[0.5000]], dtype=torch.float64)",tensor([-255]),['n']
8.0,9.959919490289458,7.756223262952261,7.738174371140615,"tensor([[0.5000]], dtype=torch.float64)",tensor([-255]),['s']
38.0,33.70505411230418,37.62657444130859,38.24189464198997,"tensor([[0.5000]], dtype=torch.float64)",tensor([-255]),['s']
67.0,65.90425610557634,66.14515219479208,65.97710714499613,"tensor([[0.5000]], dtype=torch.float64)",tensor([-255]),['s']
16.0,12.802006798615853,16.033516270891194,16.088158784944763,"tensor([[0.5000]], dtype=torch.float64)",tensor([-255]),['s']
28.0,25.676517439531157,27.732343493080776,27.84300344792979,"tensor([[0.5000]], dtype=torch.float64)",tensor([-255]),['s']
4.0,5.96889326702488,3.800717136697125,4.029113520959941,"tensor([[0.5000]], dtype=torch.float64)",tensor([-255]),['n']
57.0,55.27928924075388,56.76041553427115,56.849064200846534,"tensor([[0.5000]], dtype=torch.float64)",tensor([-255]),['n']
49.0,50.00647286585409,49.29990140270093,49.818778084652706,"tensor([[0.5000]], dtype=torch.float64)",tensor([-255]),['s']
42.0,42.80616830655812,42.28986445317102,42.18775759713164,"tensor([[0.5000]], dtype=torch.float64)",tensor([-255]),['n']
53.0,51.437623613651965,53.14702502237742,53.09296232863017,"tensor([[0.5000]], dtype=torch.float64)",tensor([-255]),['n']
34.0,39.4893497070175,33.70561261772791,32.8041013422242,"tensor([[0.5000]], dtype=torch.float64)",tensor([-255]),['n']
69.0,69.94637617634274,68.5113755770976,68.64508998641854,"tensor([[0.5000]], dtype=torch.float64)",tensor([-255]),['n']
56.0,56.528517215949634,55.59913347672147,55.873765893756435,"tensor([[0.5000]], dtype=torch.float64)",tensor([-255]),['s']
11.0,12.858474591667601,10.969510702502786,11.609778184130516,"tensor([[0.5000]], dtype=torch.float64)",tensor([-255]),['n']
15.0,23.31320959345465,14.634836533254708,14.899174978614827,"tensor([[0.5000]], dtype=torch.float64)",tensor([-255]),['s']
44.0,44.144243117883555,45.22566456548549,44.9984801303671,"tensor([[0.5000]], dtype=torch.float64)",tensor([-255]),['s']
8.0,46.21126872588927,7.686590133790164,7.792352332449785,"tensor([[0.5000]], dtype=torch.float64)",tensor([-255]),['n']
57.0,58.77492033193876,57.274362601202554,56.60828323195694,"tensor([[0.5000]], dtype=torch.float64)",tensor([-255]),['s']
21.0,21.13581804204007,21.10903382254177,20.96356670236882,"tensor([[0.5000]], dtype=torch.float64)",tensor([-255]),['n']
30.0,35.57322648601185,30.323946164532227,29.915918636409014,"tensor([[0.5000]], dtype=torch.float64)",tensor([-255]),['n']
36.0,34.43910162917067,35.95860026633999,35.94137386111217,"tensor([[0.5000]], dtype=torch.float64)",tensor([-255]),['s']
56.0,55.907673004086504,55.614642645183594,55.746801249002225,"tensor([[0.5000]], dtype=torch.float64)",tensor([-255]),['n']
47.0,44.50188340988963,47.778712590177165,48.37846871971669,"tensor([[0.5000]], dtype=torch.float64)",tensor([-255]),['n']
14.0,66.99258253852355,14.092670833012452,14.934589008071535,"tensor([[0.5000]], dtype=torch.float64)",tensor([-255]),['s']
36.0,35.77189196346876,36.44501136397922,36.265720433137425,"tensor([[0.5000]], dtype=torch.float64)",tensor([-255]),['s']
71.0,3.621466993632531,71.0,0.0,"tensor([[0.5000]], dtype=torch.float64)",tensor([-255]),['n']
53.0,48.941010692949206,52.37668440341977,52.94122905659564,"tensor([[0.5000]], dtype=torch.float64)",tensor([-255]),['s']
14.0,13.134424086851816,14.04710429860613,14.346408659615932,"tensor([[0.5000]], dtype=torch.float64)",tensor([-255]),['s']
37.0,34.493139515508126,37.196002161230496,36.992176467220496,"tensor([[0.5000]], dtype=torch.float64)",tensor([-255]),['s']
0.0,4.501851315129729,0.0,0.3893110482276087,"tensor([[0.5000]], dtype=torch.float64)",tensor([-255]),['n']
24.0,23.86246381067241,24.19680255454312,23.96487612862367,"tensor([[0.5000]], dtype=torch.float64)",tensor([-255]),['n']
38.0,39.186906006240136,38.34102317072961,38.7586663900461,"tensor([[0.5000]], dtype=torch.float64)",tensor([-255]),['n']
13.0,11.942267575839072,12.595033651769853,12.54862919952536,"tensor([[0.5000]], dtype=torch.float64)",tensor([-255]),['s']
64.0,63.89204724367401,63.162648902583925,63.44332493909382,"tensor([[0.5000]], dtype=torch.float64)",tensor([-255]),['s']
58.0,61.161077262165946,57.24442176813925,56.94503393116822,"tensor([[0.5000]], dtype=torch.float64)",tensor([-255]),['s']
13.0,14.489062987037098,12.906666363885918,13.24798400329972,"tensor([[0.5000]], dtype=torch.float64)",tensor([-255]),['s']
8.0,8.090848078281297,7.780025649749657,7.908653910744611,"tensor([[0.5000]], dtype=torch.float64)",tensor([-255]),['n']
47.0,47.063650693257905,47.13623080805071,47.1403276867804,"tensor([[0.5000]], dtype=torch.float64)",tensor([-255]),['n']
21.0,19.159534006082794,20.846909180486666,20.97907687597113,"tensor([[0.5000]], dtype=torch.float64)",tensor([-255]),['n']
32.0,28.87141248509083,32.29050702097077,32.21900944280157,"tensor([[0.5000]], dtype=torch.float64)",tensor([-255]),['n']
15.0,15.127507280298627,14.821994158878564,15.062451670253813,"tensor([[0.5000]], dtype=torch.float64)",tensor([-255]),['n']
40.0,41.67829110267557,40.391517453666864,41.77480191771935,"tensor([[0.5000]], dtype=torch.float64)",tensor([-255]),['n']
59.0,59.13572132091872,58.59956411181538,58.31153849681516,"tensor([[0.5000]], dtype=torch.float64)",tensor([-255]),['s']
23.0,20.216660767044242,22.64140826183014,22.627568491180345,"tensor([[0.5000]], dtype=torch.float64)",tensor([-255]),['s']
66.0,67.90351553288792,65.0830096033007,64.18731956603695,"tensor([[0.5000]], dtype=torch.float64)",tensor([-255]),['n']
56.0,55.70434854726375,55.98238694931912,55.8828373380546,"tensor([[0.5000]], dtype=torch.float64)",tensor([-255]),['s']
1.0,1.3699769571144724,1.1283504951471954,1.433794500524662,"tensor([[0.5000]], dtype=torch.float64)",tensor([-255]),['n']
41.0,26.330944743033868,46.06415301615207,42.08398188675256,"tensor([[0.5000]], dtype=torch.float64)",tensor([-255]),['s']
43.0,42.950004255286814,43.63388016610321,43.906157087545445,"tensor([[0.5000]], dtype=torch.float64)",tensor([-255]),['s']
5.0,7.745325136084489,4.797383140728214,5.032746227261437,"tensor([[0.5000]], dtype=torch.float64)",tensor([-255]),['n']
12.0,11.46876148435556,12.008676589290538,12.053362679147602,"tensor([[0.5000]], dtype=torch.float64)",tensor([-255]),['n']
1.0,70.90069769945558,0.9738402135821248,1.1315056628737676,"tensor([[0.5000]], dtype=torch.float64)",tensor([-255]),['s']
65.0,66.59897844499879,64.92444548414416,64.78386045638344,"tensor([[0.5000]], dtype=torch.float64)",tensor([-255]),['s']
51.0,50.386428445646494,50.932622340553756,51.09278768318135,"tensor([[0.5000]], dtype=torch.float64)",tensor([-255]),['n']
43.0,44.95907857795139,43.58699611309925,43.38461553196139,"tensor([[0.5000]], dtype=torch.float64)",tensor([-255]),['n']
25.0,27.006992835894746,24.425730476807725,24.98998903025803,"tensor([[0.5000]], dtype=torch.float64)",tensor([-255]),['s']
16.0,35.30288894836525,15.799134418731457,15.987850227537017,"tensor([[0.5000]], dtype=torch.float64)",tensor([-255]),['s']
70.0,68.4783850930613,69.7566531871949,69.54233954230813,"tensor([[0.5000]], dtype=torch.float64)",tensor([-255]),['s']
53.0,56.01815195918431,53.03897755965496,52.87383216282284,"tensor([[0.5000]], dtype=torch.float64)",tensor([-255]),['n']
0.0,3.064414846524228,0.020970901640000702,0.0,"tensor([[0.5000]], dtype=torch.float64)",tensor([-255]),['s']
8.0,9.55840955168047,8.126124162094696,8.00318960783649,"tensor([[0.5000]], dtype=torch.float64)",tensor([-255]),['s']
50.0,49.317593839742855,50.65881519766718,50.77397674966766,"tensor([[0.5000]], dtype=torch.float64)",tensor([-255]),['n']
7.0,5.119727130176188,6.848635894720967,7.357584508908509,"tensor([[0.5000]], dtype=torch.float64)",tensor([-255]),['n']
39.0,38.71810131007629,39.225376318034996,39.68216463410176,"tensor([[0.5000]], dtype=torch.float64)",tensor([-255]),['n']
18.0,17.019819892668558,17.917069436033344,17.974804353321403,"tensor([[0.5000]], dtype=torch.float64)",tensor([-255]),['n']
63.0,63.368289974374605,62.67568801953493,62.66452324731811,"tensor([[0.5000]], dtype=torch.float64)",tensor([-255]),['s']
51.0,48.891848677483296,51.31659630268569,51.348284382508034,"tensor([[0.5000]], dtype=torch.float64)",tensor([-255]),['s']
29.0,27.204602984853842,29.31305022770649,28.360711313531148,"tensor([[0.5000]], dtype=torch.float64)",tensor([-255]),['n']
25.0,34.74372673820463,25.52980309687254,25.051788613309075,"tensor([[0.5000]], dtype=torch.float64)",tensor([-255]),['s']
9.0,23.389682996923202,9.92719044121656,9.165150003651556,"tensor([[0.5000]], dtype=torch.float64)",tensor([-255]),['n']
40.0,36.67690000236573,40.4695541565997,40.93431636189664,"tensor([[0.5000]], dtype=torch.float64)",tensor([-255]),['n']
8.0,7.982661930910462,8.060855572186723,8.538443226695021,"tensor([[0.5000]], dtype=torch.float64)",tensor([-255]),['n']
3.0,3.287034037260936,2.6669674298077974,0.8800944064772618,"tensor([[0.5000]], dtype=torch.float64)",tensor([-255]),['n']
4.0,3.877918534507602,3.564731230166612,3.8476708568986577,"tensor([[0.5000]], dtype=torch.float64)",tensor([-255]),['s']
55.0,56.21183578834047,54.962212170884186,54.90755896134838,"tensor([[0.5000]], dtype=torch.float64)",tensor([-255]),['n']
53.0,55.76558913282726,52.93269241536644,52.9882787276077,"tensor([[0.5000]], dtype=torch.float64)",tensor([-255]),['s']
54.0,54.15327246495093,53.97409554520969,54.00389328999337,"tensor([[0.5000]], dtype=torch.float64)",tensor([-255]),['s']
30.0,27.040957113720857,30.125295161653764,29.680798106344966,"tensor([[0.5000]], dtype=torch.float64)",tensor([-255]),['n']
53.0,29.906759527660622,53.168882180504326,53.08207862978821,"tensor([[0.5000]], dtype=torch.float64)",tensor([-255]),['n']
59.0,58.9696698442716,58.844758113370936,58.49659962169318,"tensor([[0.5000]], dtype=torch.float64)",tensor([-255]),['n']
56.0,57.489621284637764,55.797724149301224,55.667248610054564,"tensor([[0.5000]], dtype=torch.float64)",tensor([-255]),['n']
57.0,60.08828975066797,56.655954736763356,56.327698968330665,"tensor([[0.5000]], dtype=torch.float64)",tensor([-255]),['n']
32.0,26.290316069876397,31.007940646798822,30.342248270903326,"tensor([[0.5000]], dtype=torch.float64)",tensor([-255]),['n']
45.0,42.58377412942944,45.618097507913056,45.82572522473733,"tensor([[0.5000]], dtype=torch.float64)",tensor([-255]),['s']
24.0,25.1511425067268,23.676093099472023,23.94233057549468,"tensor([[0.5000]], dtype=torch.float64)",tensor([-255]),['s']
5.0,7.5927491555472875,4.706727779007728,5.122494253792733,"tensor([[0.5000]], dtype=torch.float64)",tensor([-255]),['s']
44.0,34.2543615806493,44.36629334988854,44.740297340584505,"tensor([[0.5000]], dtype=torch.float64)",tensor([-255]),['n']
24.0,35.61389371865718,24.38343432897826,23.501162219882513,"tensor([[0.5000]], dtype=torch.float64)",tensor([-255]),['n']
65.0,3.5069819311687054,64.58585632824303,61.345668269213924,"tensor([[0.5000]], dtype=torch.float64)",tensor([-255]),['n']
62.0,3.0327030807923796,61.22053342605847,60.88946636246872,"tensor([[0.5000]], dtype=torch.float64)",tensor([-255]),['s']
19.0,18.442265126074616,18.923856403806607,18.91562481986436,"tensor([[0.5000]], dtype=torch.float64)",tensor([-255]),['n']
71.0,70.15426301362356,70.8832782567733,70.78877826440404,"tensor([[0.5000]], dtype=torch.float64)",tensor([-255]),['n']
69.0,2.141638263935572,69.08670100426934,69.08337772196951,"tensor([[0.5000]], dtype=torch.float64)",tensor([-255]),['s']
67.0,59.93921649450676,66.17370054036162,66.23878323040731,"tensor([[0.5000]], dtype=torch.float64)",tensor([-255]),['n']
51.0,48.77031147821806,51.626611640899824,51.929278058573175,"tensor([[0.5000]], dtype=torch.float64)",tensor([-255]),['s']
54.0,19.080832909740355,54.08934596143604,54.0626376251953,"tensor([[0.5000]], dtype=torch.float64)",tensor([-255]),['n']
49.0,50.84402139891769,48.95788795392455,49.67080529944368,"tensor([[0.5000]], dtype=torch.float64)",tensor([-255]),['s']
53.0,28.462143421279386,52.92272625909234,53.03030039793672,"tensor([[0.5000]], dtype=torch.float64)",tensor([-255]),['n']
52.0,51.09180440753062,52.46386432116055,52.778745624928405,"tensor([[0.5000]], dtype=torch.float64)",tensor([-255]),['n']
64.0,64.81619724900348,62.16372405291774,62.76248718797907,"tensor([[0.5000]], dtype=torch.float64)",tensor([-255]),['s']
44.0,58.947851535748626,44.505450592925406,44.87655636609611,"tensor([[0.5000]], dtype=torch.float64)",tensor([-255]),['n']
28.0,27.27527653681007,28.000792536251996,28.27008875865593,"tensor([[0.5000]], dtype=torch.float64)",tensor([-255]),['s']
43.0,43.72234010588828,43.57873941796206,43.999111750923426,"tensor([[0.5000]], dtype=torch.float64)",tensor([-255]),['s']
20.0,20.09890997685489,19.543134443225533,19.617755662566232,"tensor([[0.5000]], dtype=torch.float64)",tensor([-255]),['n']
54.0,53.541650364620466,53.92455770310139,53.942555695204064,"tensor([[0.5000]], dtype=torch.float64)",tensor([-255]),['n']
13.0,10.986888543167119,13.281297618972406,13.82251497067402,"tensor([[0.5000]], dtype=torch.float64)",tensor([-255]),['s']
3.0,5.027212580934719,3.111947603291236,3.602834437443006,"tensor([[0.5000]], dtype=torch.float64)",tensor([-255]),['n']
59.0,61.53085345680064,58.27632118448298,58.27271884145947,"tensor([[0.5000]], dtype=torch.float64)",tensor([-255]),['n']
11.0,9.928537445238373,11.40044525880171,12.002532937068061,"tensor([[0.5000]], dtype=torch.float64)",tensor([-255]),['s']
22.0,22.499370727073277,21.620329241150458,21.74996762230266,"tensor([[0.5000]], dtype=torch.float64)",tensor([-255]),['n']
56.0,56.940569931730394,55.7549562269474,55.69988273921179,"tensor([[0.5000]], dtype=torch.float64)",tensor([-255]),['s']
52.0,50.11711648005932,52.44603384119338,52.2982499831544,"tensor([[0.5000]], dtype=torch.float64)",tensor([-255]),['n']
10.0,7.863513157364967,10.560638863729162,10.021801860221005,"tensor([[0.5000]], dtype=torch.float64)",tensor([-255]),['s']
38.0,36.02485094805309,38.03388700303894,38.018018367303966,"tensor([[0.5000]], dtype=torch.float64)",tensor([-255]),['n']
44.0,45.20868255362497,45.02851851587444,45.027761490769706,"tensor([[0.5000]], dtype=torch.float64)",tensor([-255]),['n']
24.0,25.093692284356223,23.63153518718775,23.32637588276163,"tensor([[0.5000]], dtype=torch.float64)",tensor([-255]),['s']
7.0,6.994294446513367,7.01970941597707,7.1934732920750815,"tensor([[0.5000]], dtype=torch.float64)",tensor([-255]),['n']
5.0,0.7346193227520244,4.838256332640424,5.028544365391636,"tensor([[0.5000]], dtype=torch.float64)",tensor([-255]),['s']
8.0,8.218272475849668,7.982050205224127,7.732601257783247,"tensor([[0.5000]], dtype=torch.float64)",tensor([-255]),['n']
14.0,14.096681803040486,14.167805174744391,13.884279857534796,"tensor([[0.5000]], dtype=torch.float64)",tensor([-255]),['n']
8.0,5.926434905004528,8.925790963239303,8.576000207785484,"tensor([[0.5000]], dtype=torch.float64)",tensor([-255]),['s']
59.0,59.853259857861644,58.93341204043862,58.861124521459416,"tensor([[0.5000]], dtype=torch.float64)",tensor([-255]),['n']
33.0,34.974972299133306,33.06297095970392,32.96185952148542,"tensor([[0.5000]], dtype=torch.float64)",tensor([-255]),['n']
2.0,2.0351165063634715,1.891605102632336,3.5976483715866947,"tensor([[0.5000]], dtype=torch.float64)",tensor([-255]),['n']
54.0,53.30343299982468,53.98961520600301,54.01711370951919,"tensor([[0.5000]], dtype=torch.float64)",tensor([-255]),['s']
33.0,29.480739891874983,49.92310453617859,32.59419486362524,"tensor([[0.5000]], dtype=torch.float64)",tensor([-255]),['s']
36.0,34.75393632270546,35.773540462808384,35.95528710163676,"tensor([[0.5000]], dtype=torch.float64)",tensor([-255]),['n']
71.0,4.996420459790778,70.85084387049025,71.0,"tensor([[0.5000]], dtype=torch.float64)",tensor([-255]),['n']
65.0,3.2704529151851034,64.69184544188313,64.32583604985557,"tensor([[0.5000]], dtype=torch.float64)",tensor([-255]),['n']
68.0,62.70797606227889,67.75880626768013,67.93817985147642,"tensor([[0.5000]], dtype=torch.float64)",tensor([-255]),['s']
34.0,39.27477704620257,34.524471651915995,33.99381158378813,"tensor([[0.5000]], dtype=torch.float64)",tensor([-255]),['n']
59.0,59.859728332706396,58.34729849012851,58.04894330884291,"tensor([[0.5000]], dtype=torch.float64)",tensor([-255]),['s']
11.0,11.529919745875588,11.187229636789496,11.534202168720379,"tensor([[0.5000]], dtype=torch.float64)",tensor([-255]),['s']
56.0,57.09227909743617,55.78559811073411,55.61545825082077,"tensor([[0.5000]], dtype=torch.float64)",tensor([-255]),['s']
18.0,16.669855208275422,17.980199078482215,17.955689062992608,"tensor([[0.5000]], dtype=torch.float64)",tensor([-255]),['s']
23.0,25.248014112867075,23.010667019549746,22.96819136225121,"tensor([[0.5000]], dtype=torch.float64)",tensor([-255]),['n']
23.0,24.94595798182958,23.52935537845318,23.579045882062395,"tensor([[0.5000]], dtype=torch.float64)",tensor([-255]),['n']
54.0,7.221442272428766,54.13622511278484,53.99616391093084,"tensor([[0.5000]], dtype=torch.float64)",tensor([-255]),['n']
63.0,67.39680877980734,62.2409565322188,61.944058072871535,"tensor([[0.5000]], dtype=torch.float64)",tensor([-255]),['n']
0.0,68.13430785530397,71.0,70.90163794475693,"tensor([[0.5000]], dtype=torch.float64)",tensor([-255]),['n']
30.0,30.75035329985077,24.1383299297923,29.1589905726757,"tensor([[0.5000]], dtype=torch.float64)",tensor([-255]),['s']
64.0,63.75459977814076,63.525763552524054,63.04344143878211,"tensor([[0.5000]], dtype=torch.float64)",tensor([-255]),['n']
43.0,44.9071564858966,43.29888786551722,43.22194232872385,"tensor([[0.5000]], dtype=torch.float64)",tensor([-255]),['s']
59.0,59.16597795934535,58.372686489509455,58.13942486845981,"tensor([[0.5000]], dtype=torch.float64)",tensor([-255]),['s']
51.0,51.50392561307463,51.037259495743406,51.74155846884292,"tensor([[0.5000]], dtype=torch.float64)",tensor([-255]),['n']
50.0,50.87010861186316,50.14313086112327,50.10032680289042,"tensor([[0.5000]], dtype=torch.float64)",tensor([-255]),['n']
62.0,62.258833025811505,62.124671011437556,59.27111712978507,"tensor([[0.5000]], dtype=torch.float64)",tensor([-255]),['s']
51.0,49.653631299320146,51.24922100576912,51.868864467586775,"tensor([[0.5000]], dtype=torch.float64)",tensor([-255]),['n']
58.0,58.9727097630291,57.530166101915036,57.08075354423496,"tensor([[0.5000]], dtype=torch.float64)",tensor([-255]),['s']
21.0,37.678209169780295,20.86614370251496,20.4520167694118,"tensor([[0.5000]], dtype=torch.float64)",tensor([-255]),['n']
48.0,48.1444526644521,48.07082829456654,48.7703822050848,"tensor([[0.5000]], dtype=torch.float64)",tensor([-255]),['n']
17.0,61.32410894205299,17.343189274303846,17.125668030041762,"tensor([[0.5000]], dtype=torch.float64)",tensor([-255]),['s']
66.0,63.31557162534535,65.0673457818051,64.59673909666984,"tensor([[0.5000]], dtype=torch.float64)",tensor([-255]),['s']
57.0,57.79891190308229,56.62782093703715,56.321892659619266,"tensor([[0.5000]], dtype=torch.float64)",tensor([-255]),['n']
40.0,37.759061175161406,40.005718398894004,40.916344858648365,"tensor([[0.5000]], dtype=torch.float64)",tensor([-255]),['n']
22.0,42.5022505155373,22.043217082664377,22.02306421187131,"tensor([[0.5000]], dtype=torch.float64)",tensor([-255]),['n']
59.0,60.278215445582745,58.649729510589204,57.436881948174815,"tensor([[0.5000]], dtype=torch.float64)",tensor([-255]),['s']
9.0,7.04443988113222,8.506585875739349,8.839734492212173,"tensor([[0.5000]], dtype=torch.float64)",tensor([-255]),['n']
43.0,40.934996544751726,43.848903943918494,44.01614171476908,"tensor([[0.5000]], dtype=torch.float64)",tensor([-255]),['s']
14.0,68.10396634834106,13.990023118475587,14.339205903006476,"tensor([[0.5000]], dtype=torch.float64)",tensor([-255]),['n']
22.0,41.27651276761622,22.005308106759095,21.739559457262054,"tensor([[0.5000]], dtype=torch.float64)",tensor([-255]),['s']
44.0,36.24994576453339,44.12289184612749,45.13574110036241,"tensor([[0.5000]], dtype=torch.float64)",tensor([-255]),['s']
29.0,27.541678602254454,28.37005225782115,29.95484920589646,"tensor([[0.5000]], dtype=torch.float64)",tensor([-255]),['n']
20.0,20.253600644420708,19.711069723389766,19.720824698220977,"tensor([[0.5000]], dtype=torch.float64)",tensor([-255]),['s']
63.0,60.77629929621706,62.795813464045686,62.596671895577046,"tensor([[0.5000]], dtype=torch.float64)",tensor([-255]),['n']
67.0,63.88763343336407,65.97876266112016,66.0388183911699,"tensor([[0.5000]], dtype=torch.float64)",tensor([-255]),['s']
3.0,5.03056412596071,2.917661348045185,2.9421521321641473,"tensor([[0.5000]], dtype=torch.float64)",tensor([-255]),['n']
22.0,27.95896768341412,21.880476135857016,21.891727202384892,"tensor([[0.5000]], dtype=torch.float64)",tensor([-255]),['n']
38.0,40.05799193277291,38.01481954002103,37.887520423556225,"tensor([[0.5000]], dtype=torch.float64)",tensor([-255]),['s']
7.0,6.716352462184844,6.596914268608092,6.958610578485013,"tensor([[0.5000]], dtype=torch.float64)",tensor([-255]),['n']
0.0,68.7462931619603,0.0,0.502587074530509,"tensor([[0.5000]], dtype=torch.float64)",tensor([-255]),['s']
29.0,23.284910663987702,29.477906744847076,29.09844456660351,"tensor([[0.5000]], dtype=torch.float64)",tensor([-255]),['n']
3.0,3.218640970378315,2.77177883963739,9.081127228268265,"tensor([[0.5000]], dtype=torch.float64)",tensor([-255]),['s']
49.0,50.285992034871725,49.54992206061388,48.15697682446186,"tensor([[0.5000]], dtype=torch.float64)",tensor([-255]),['n']
8.0,8.519471892460075,7.739556358891458,8.971928636240396,"tensor([[0.5000]], dtype=torch.float64)",tensor([-255]),['s']
60.0,59.01329204950001,59.26264181507141,58.908016590430506,"tensor([[0.5000]], dtype=torch.float64)",tensor([-255]),['s']
40.0,42.87837510118358,40.68488368758419,40.82009848168108,"tensor([[0.5000]], dtype=torch.float64)",tensor([-255]),['s']
57.0,57.44479056543919,56.811774857255536,56.67364574371296,"tensor([[0.5000]], dtype=torch.float64)",tensor([-255]),['n']
70.0,69.4041216515021,70.96164645781023,68.23408177114793,"tensor([[0.5000]], dtype=torch.float64)",tensor([-255]),['s']
36.0,33.709650070821056,36.15728922042595,35.80127379849601,"tensor([[0.5000]], dtype=torch.float64)",tensor([-255]),['n']
63.0,66.0319942067986,62.92563457326273,62.83023311366378,"tensor([[0.5000]], dtype=torch.float64)",tensor([-255]),['s']
16.0,17.831224545890432,16.225992441540537,16.127839609798123,"tensor([[0.5000]], dtype=torch.float64)",tensor([-255]),['s']
2.0,9.691745397667475,2.1690724590814914,2.1995824810099864,"tensor([[0.5000]], dtype=torch.float64)",tensor([-255]),['s']
15.0,24.916693918498535,14.796055208783208,14.32455325699733,"tensor([[0.5000]], dtype=torch.float64)",tensor([-255]),['n']
34.0,33.89230574566393,34.064085497694855,33.82937128617987,"tensor([[0.5000]], dtype=torch.float64)",tensor([-255]),['n']
4.0,1.722552176049238,3.712136956869149,3.831506849739418,"tensor([[0.5000]], dtype=torch.float64)",tensor([-255]),['n']
28.0,27.999049314756057,27.867272692825612,27.90452036886504,"tensor([[0.5000]], dtype=torch.float64)",tensor([-255]),['s']
0.0,67.33611567770097,0.0,0.0,"tensor([[0.5000]], dtype=torch.float64)",tensor([-255]),['n']
68.0,68.93021906511231,67.30411263876242,67.51879890347996,"tensor([[0.5000]], dtype=torch.float64)",tensor([-255]),['n']
29.0,26.455369756944346,29.270966178416167,28.996895768886194,"tensor([[0.5000]], dtype=torch.float64)",tensor([-255]),['s']
48.0,47.87692592209167,48.73186607894266,48.93659856705611,"tensor([[0.5000]], dtype=torch.float64)",tensor([-255]),['s']
50.0,49.281408992748446,50.25326828596631,50.419304967392975,"tensor([[0.5000]], dtype=torch.float64)",tensor([-255]),['s']
38.0,31.41191152385666,37.875680979364304,38.30281596459074,"tensor([[0.5000]], dtype=torch.float64)",tensor([-255]),['n']
65.0,63.87505749976182,64.64249449057087,64.91598103119078,"tensor([[0.5000]], dtype=torch.float64)",tensor([-255]),['n']
22.0,22.965663833797564,22.186692819783804,22.05534613914159,"tensor([[0.5000]], dtype=torch.float64)",tensor([-255]),['n']
31.0,32.219485700377945,31.395451554662582,28.83254357911073,"tensor([[0.5000]], dtype=torch.float64)",tensor([-255]),['n']
62.0,65.86415616918944,61.12912588970132,61.077795822465944,"tensor([[0.5000]], dtype=torch.float64)",tensor([-255]),['n']
3.0,4.925413703063132,3.351783905363841,3.968786764709555,"tensor([[0.5000]], dtype=torch.float64)",tensor([-255]),['s']
21.0,34.59897257086486,20.99482116822097,20.95024767109164,"tensor([[0.5000]], dtype=torch.float64)",tensor([-255]),['n']
36.0,38.15436623854724,35.94618083638825,35.3807414471443,"tensor([[0.5000]], dtype=torch.float64)",tensor([-255]),['n']
21.0,25.00892277111312,20.61913574115351,20.12960209260597,"tensor([[0.5000]], dtype=torch.float64)",tensor([-255]),['n']
35.0,34.97668892995373,35.146945823816154,35.13264947008144,"tensor([[0.5000]], dtype=torch.float64)",tensor([-255]),['s']
34.0,32.37821861719212,34.21464444177248,33.92597619100345,"tensor([[0.5000]], dtype=torch.float64)",tensor([-255]),['n']
59.0,59.207553748593284,58.598177350905175,57.9244004999473,"tensor([[0.5000]], dtype=torch.float64)",tensor([-255]),['n']
46.0,46.63104640060232,46.33794320967426,46.965510820755846,"tensor([[0.5000]], dtype=torch.float64)",tensor([-255]),['n']
67.0,69.02479135949204,66.32710345607519,66.10789165293563,"tensor([[0.5000]], dtype=torch.float64)",tensor([-255]),['n']
14.0,13.948312950057227,13.963571094422822,14.316845463708667,"tensor([[0.5000]], dtype=torch.float64)",tensor([-255]),['s']
18.0,61.655237717622626,18.164710585747343,18.068599108268153,"tensor([[0.5000]], dtype=torch.float64)",tensor([-255]),['n']
33.0,28.399181626371927,33.890733423815895,30.485736491504827,"tensor([[0.5000]], dtype=torch.float64)",tensor([-255]),['n']
29.0,28.76171619134462,28.215104203813084,28.671492398721515,"tensor([[0.5000]], dtype=torch.float64)",tensor([-255]),['s']
35.0,40.01646601452198,35.25083354405501,35.224639887558396,"tensor([[0.5000]], dtype=torch.float64)",tensor([-255]),['s']
30.0,29.817085197507218,30.1091276053155,27.588107203550198,"tensor([[0.5000]], dtype=torch.float64)",tensor([-255]),['n']
71.0,65.77209884646035,70.87075312670434,70.24031894500783,"tensor([[0.5000]], dtype=torch.float64)",tensor([-255]),['n']
30.0,28.4111200556992,29.991345303262896,28.900949664552808,"tensor([[0.5000]], dtype=torch.float64)",tensor([-255]),['n']
17.0,19.15201476407708,16.799812753232086,16.858375853558435,"tensor([[0.5000]], dtype=torch.float64)",tensor([-255]),['n']
16.0,19.839279989410983,16.06784377339563,15.964684505653256,"tensor([[0.5000]], dtype=torch.float64)",tensor([-255]),['s']
48.0,49.4516357675913,48.35522490053206,48.40940675859496,"tensor([[0.5000]], dtype=torch.float64)",tensor([-255]),['n']
17.0,13.37656861100125,17.217813768324397,17.349310911249784,"tensor([[0.5000]], dtype=torch.float64)",tensor([-255]),['n']
50.0,49.90706839721437,50.136585203973524,50.17944113624831,"tensor([[0.5000]], dtype=torch.float64)",tensor([-255]),['s']
5.0,7.470043159036001,4.579275585286167,4.805695141498214,"tensor([[0.5000]], dtype=torch.float64)",tensor([-255]),['n']
70.0,67.3950037813509,69.81174266120773,69.83141958774566,"tensor([[0.5000]], dtype=torch.float64)",tensor([-255]),['s']
44.0,43.72292546164457,44.557792461694945,44.879206306279535,"tensor([[0.5000]], dtype=torch.float64)",tensor([-255]),['n']
71.0,1.169705895500531,70.67805391955902,70.80353190427105,"tensor([[0.5000]], dtype=torch.float64)",tensor([-255]),['n']
10.0,11.268520906398379,9.76745579696384,9.90680519766982,"tensor([[0.5000]], dtype=torch.float64)",tensor([-255]),['n']
60.0,61.1103495140196,59.1314982892875,58.86961368919473,"tensor([[0.5000]], dtype=torch.float64)",tensor([-255]),['s']
34.0,32.032918752278114,34.09932657735135,34.49656017512646,"tensor([[0.5000]], dtype=torch.float64)",tensor([-255]),['n']
22.0,38.797380947225335,22.086955677473664,21.907684921705076,"tensor([[0.5000]], dtype=torch.float64)",tensor([-255]),['s']
50.0,48.91706040822046,50.492093383288115,50.79310789785184,"tensor([[0.5000]], dtype=torch.float64)",tensor([-255]),['s']
44.0,43.37625453695043,44.4121067382648,44.402685922363716,"tensor([[0.5000]], dtype=torch.float64)",tensor([-255]),['n']
42.0,42.93058494759754,42.47825313906721,42.65490419016467,"tensor([[0.5000]], dtype=torch.float64)",tensor([-255]),['n']
17.0,17.002656083241412,17.183876723848066,16.99942807523754,"tensor([[0.5000]], dtype=torch.float64)",tensor([-255]),['s']
29.0,30.1458812829875,29.197765649798388,28.28899404158971,"tensor([[0.5000]], dtype=torch.float64)",tensor([-255]),['s']
38.0,33.77854310580747,37.99283368579198,38.08867667040629,"tensor([[0.5000]], dtype=torch.float64)",tensor([-255]),['s']
16.0,67.93025256905135,16.396966328379147,16.136842608904676,"tensor([[0.5000]], dtype=torch.float64)",tensor([-255]),['n']
1.0,70.41714943898572,0.7135207096870755,0.7010420761298994,"tensor([[0.5000]], dtype=torch.float64)",tensor([-255]),['s']
67.0,66.06083466357325,66.49734302195093,66.48404854263674,"tensor([[0.5000]], dtype=torch.float64)",tensor([-255]),['s']
62.0,62.90852919706451,61.656763493247226,61.29374811899011,"tensor([[0.5000]], dtype=torch.float64)",tensor([-255]),['s']
46.0,46.89443652336923,46.00562840838437,47.53815711442893,"tensor([[0.5000]], dtype=torch.float64)",tensor([-255]),['n']
1.0,70.88999763031862,0.9197104135860495,0.030315841259091782,"tensor([[0.5000]], dtype=torch.float64)",tensor([-255]),['n']
29.0,28.248475104181995,28.618570164078246,28.67295568398593,"tensor([[0.5000]], dtype=torch.float64)",tensor([-255]),['n']
24.0,45.972391470032115,24.041444533192287,23.95966490994988,"tensor([[0.5000]], dtype=torch.float64)",tensor([-255]),['s']
36.0,37.2087851033786,35.794497297799815,35.819449280406204,"tensor([[0.5000]], dtype=torch.float64)",tensor([-255]),['s']
26.0,27.96686976241717,25.905423281056116,25.740330516486694,"tensor([[0.5000]], dtype=torch.float64)",tensor([-255]),['s']
31.0,31.474463243506605,30.945163707072314,31.078422489471546,"tensor([[0.5000]], dtype=torch.float64)",tensor([-255]),['s']
36.0,40.12187064790956,35.97341513366224,35.796328870218126,"tensor([[0.5000]], dtype=torch.float64)",tensor([-255]),['s']
66.0,64.86066353197647,63.4029705650308,64.84522767420717,"tensor([[0.5000]], dtype=torch.float64)",tensor([-255]),['s']
18.0,17.688269150405574,17.95830521134292,17.976175962994073,"tensor([[0.5000]], dtype=torch.float64)",tensor([-255]),['n']
31.0,35.60260672032773,31.466425308419407,31.344044872239607,"tensor([[0.5000]], dtype=torch.float64)",tensor([-255]),['s']
13.0,9.804590213022887,13.173475594909037,13.208289158182644,"tensor([[0.5000]], dtype=torch.float64)",tensor([-255]),['s']
61.0,61.0189278554917,60.35519199834524,60.08552214257078,"tensor([[0.5000]], dtype=torch.float64)",tensor([-255]),['s']
33.0,33.75589651789843,32.822808659974676,33.403182052217616,"tensor([[0.5000]], dtype=torch.float64)",tensor([-255]),['s']
35.0,34.02420617618037,35.18963421700043,34.353910308164096,"tensor([[0.5000]], dtype=torch.float64)",tensor([-255]),['s']
35.0,31.51340483771626,34.798417308838914,34.34754330762021,"tensor([[0.5000]], dtype=torch.float64)",tensor([-255]),['s']
37.0,34.35421730007779,36.77178322417136,36.30450138417896,"tensor([[0.5000]], dtype=torch.float64)",tensor([-255]),['n']
28.0,29.90724068782792,27.424384972359658,27.54626593439228,"tensor([[0.5000]], dtype=torch.float64)",tensor([-255]),['n']
56.0,55.933193398642686,55.833016218988405,55.9517483746278,"tensor([[0.5000]], dtype=torch.float64)",tensor([-255]),['n']
22.0,21.059301737072953,22.032919979242358,21.66054041212469,"tensor([[0.5000]], dtype=torch.float64)",tensor([-255]),['n']
34.0,35.63179330926739,34.110716141292855,33.54576755378942,"tensor([[0.5000]], dtype=torch.float64)",tensor([-255]),['s']
56.0,55.337082043393764,55.93552684640492,55.98805789263323,"tensor([[0.5000]], dtype=torch.float64)",tensor([-255]),['n']
71.0,70.21349327369805,70.95453811945451,70.38374820715866,"tensor([[0.5000]], dtype=torch.float64)",tensor([-255]),['s']
2.0,4.9562358308204795,1.6770837797194575,1.5176932095759836,"tensor([[0.5000]], dtype=torch.float64)",tensor([-255]),['n']
21.0,21.3557403719866,20.725644352173852,20.743165164002,"tensor([[0.5000]], dtype=torch.float64)",tensor([-255]),['n']
4.0,4.7372248406356015,4.923987405542727,4.004691084308597,"tensor([[0.5000]], dtype=torch.float64)",tensor([-255]),['s']
18.0,42.30379711470491,17.995451584535143,17.97444734217651,"tensor([[0.5000]], dtype=torch.float64)",tensor([-255]),['n']
69.0,63.95710831318452,68.66170146287392,68.69410540843933,"tensor([[0.5000]], dtype=torch.float64)",tensor([-255]),['s']
60.0,60.644726117938696,59.53846342141517,58.999178374249226,"tensor([[0.5000]], dtype=torch.float64)",tensor([-255]),['n']
17.0,17.362665786533753,17.03943342039685,17.027866084043282,"tensor([[0.5000]], dtype=torch.float64)",tensor([-255]),['n']
21.0,22.910028166678174,21.066550027104903,21.094449604359074,"tensor([[0.5000]], dtype=torch.float64)",tensor([-255]),['s']
58.0,54.31940405771327,57.7169833550219,57.56859133516242,"tensor([[0.5000]], dtype=torch.float64)",tensor([-255]),['s']
41.0,42.02569550614359,41.694036881978235,41.481618032290974,"tensor([[0.5000]], dtype=torch.float64)",tensor([-255]),['s']
43.0,41.879168562065274,43.53323822814426,43.724462391465615,"tensor([[0.5000]], dtype=torch.float64)",tensor([-255]),['n']
1.0,1.4157738689780683,1.0254226583430155,1.224506991237965,"tensor([[0.5000]], dtype=torch.float64)",tensor([-255]),['n']
27.0,33.72951025120314,27.024043563055525,26.733798179346312,"tensor([[0.5000]], dtype=torch.float64)",tensor([-255]),['n']
12.0,12.899398776428395,11.993021850555735,12.227806632924219,"tensor([[0.5000]], dtype=torch.float64)",tensor([-255]),['s']
4.0,5.991795743496746,4.862191075291147,6.175562323098869,"tensor([[0.5000]], dtype=torch.float64)",tensor([-255]),['s']
32.0,31.30260264960713,32.28880351563583,31.99846528441631,"tensor([[0.5000]], dtype=torch.float64)",tensor([-255]),['n']
65.0,68.27520318933534,64.19766065398481,64.17852024950474,"tensor([[0.5000]], dtype=torch.float64)",tensor([-255]),['s']
55.0,57.089550785742446,54.82276846621521,54.85056153840847,"tensor([[0.5000]], dtype=torch.float64)",tensor([-255]),['n']
45.0,36.12623280147877,46.424634875319335,46.07688236747384,"tensor([[0.5000]], dtype=torch.float64)",tensor([-255]),['s']
0.0,67.86656742557948,71.0,0.0,"tensor([[0.5000]], dtype=torch.float64)",tensor([-255]),['s']
53.0,53.03677896309138,53.539946406880276,53.18323347268278,"tensor([[0.5000]], dtype=torch.float64)",tensor([-255]),['s']
33.0,34.99957181156776,33.033722126038526,32.763158896012996,"tensor([[0.5000]], dtype=torch.float64)",tensor([-255]),['s']
11.0,48.97929140268834,11.951779924591635,11.876134942827663,"tensor([[0.5000]], dtype=torch.float64)",tensor([-255]),['s']
3.0,9.855453672341136,3.2830052127485825,3.019227349496763,"tensor([[0.5000]], dtype=torch.float64)",tensor([-255]),['s']
24.0,27.275910238318133,23.41740484174796,23.755485097512825,"tensor([[0.5000]], dtype=torch.float64)",tensor([-255]),['n']
6.0,62.570620530487446,5.877306365200002,6.189552536335957,"tensor([[0.5000]], dtype=torch.float64)",tensor([-255]),['s']
1.0,5.002478861613805,1.0455386058147063,1.719362299267098,"tensor([[0.5000]], dtype=torch.float64)",tensor([-255]),['n']
31.0,28.5020421805189,31.177974519969364,31.07490668204366,"tensor([[0.5000]], dtype=torch.float64)",tensor([-255]),['n']
26.0,26.949191641153178,25.299672337281205,25.044725466830563,"tensor([[0.5000]], dtype=torch.float64)",tensor([-255]),['n']
67.0,66.38166746586012,65.98670445282944,65.81410263162962,"tensor([[0.5000]], dtype=torch.float64)",tensor([-255]),['s']
2.0,6.137387025783568,2.2454539934325015,3.6481838006019793,"tensor([[0.5000]], dtype=torch.float64)",tensor([-255]),['s']
6.0,3.7298603150637453,5.842653894048965,6.582048762935338,"tensor([[0.5000]], dtype=torch.float64)",tensor([-255]),['s']
9.0,9.91996749012456,8.816196447555358,9.045973254557376,"tensor([[0.5000]], dtype=torch.float64)",tensor([-255]),['s']
70.0,2.9802236149081947,70.22476206278667,68.68115553907447,"tensor([[0.5000]], dtype=torch.float64)",tensor([-255]),['n']
18.0,20.727197700434623,18.017436524288822,18.008583860364244,"tensor([[0.5000]], dtype=torch.float64)",tensor([-255]),['n']
32.0,28.12437238282795,32.08837370412838,31.223156000975024,"tensor([[0.5000]], dtype=torch.float64)",tensor([-255]),['n']
50.0,52.03270158954865,50.607323938947744,50.52986351835619,"tensor([[0.5000]], dtype=torch.float64)",tensor([-255]),['s']
56.0,26.75377204611741,55.79551799981183,55.84742525108523,"tensor([[0.5000]], dtype=torch.float64)",tensor([-255]),['n']
11.0,11.22597097314069,11.213024592528006,11.255065258960968,"tensor([[0.5000]], dtype=torch.float64)",tensor([-255]),['s']
49.0,41.456227099579124,49.1863131685519,49.108504978424584,"tensor([[0.5000]], dtype=torch.float64)",tensor([-255]),['n']
4.0,8.237539393013204,3.920401356666002,4.741054322746989,"tensor([[0.5000]], dtype=torch.float64)",tensor([-255]),['n']
56.0,56.21322532150448,55.706854982909725,55.8722125830005,"tensor([[0.5000]], dtype=torch.float64)",tensor([-255]),['s']
39.0,35.60803652056025,39.00927301177123,38.927843210791465,"tensor([[0.5000]], dtype=torch.float64)",tensor([-255]),['n']
32.0,39.80215524313003,32.28115691424869,32.20508763275351,"tensor([[0.5000]], dtype=torch.float64)",tensor([-255]),['s']
7.0,46.22210680565041,7.260354631354112,7.62650492729873,"tensor([[0.5000]], dtype=torch.float64)",tensor([-255]),['s']
50.0,49.219683488478765,50.27725841752609,50.57250384371026,"tensor([[0.5000]], dtype=torch.float64)",tensor([-255]),['n']
59.0,3.110120716284414,58.46936744254848,57.9621727983905,"tensor([[0.5000]], dtype=torch.float64)",tensor([-255]),['n']
29.0,33.11349548125031,29.169232490809293,28.886247099385017,"tensor([[0.5000]], dtype=torch.float64)",tensor([-255]),['s']
32.0,33.269984655988296,32.60863785517378,32.8526953308362,"tensor([[0.5000]], dtype=torch.float64)",tensor([-255]),['s']
52.0,51.947889887115394,52.58858195961673,52.77100534448116,"tensor([[0.5000]], dtype=torch.float64)",tensor([-255]),['n']
16.0,15.710537367156334,16.35344504289201,16.2589251151792,"tensor([[0.5000]], dtype=torch.float64)",tensor([-255]),['n']
14.0,62.31225686829359,13.465793199779188,14.03721750201096,"tensor([[0.5000]], dtype=torch.float64)",tensor([-255]),['s']
66.0,62.93098829634739,14.214141660098893,65.62274648441162,"tensor([[0.5000]], dtype=torch.float64)",tensor([-255]),['s']
8.0,70.84841505334128,8.086255936877162,7.9880591202937214,"tensor([[0.5000]], dtype=torch.float64)",tensor([-255]),['n']
59.0,60.47095275993499,58.85277718699263,57.57177221505766,"tensor([[0.5000]], dtype=torch.float64)",tensor([-255]),['s']
52.0,52.048250913975046,52.21052443301482,52.05949992919202,"tensor([[0.5000]], dtype=torch.float64)",tensor([-255]),['s']
38.0,42.059775434264594,39.03938188179626,38.43225721676314,"tensor([[0.5000]], dtype=torch.float64)",tensor([-255]),['s']
18.0,15.477581988528481,18.140630348098707,18.114035360966106,"tensor([[0.5000]], dtype=torch.float64)",tensor([-255]),['n']
71.0,0.0,70.86080805377706,71.0,"tensor([[0.5000]], dtype=torch.float64)",tensor([-255]),['n']
67.0,64.32679463479583,66.73182056907783,66.80935052993982,"tensor([[0.5000]], dtype=torch.float64)",tensor([-255]),['n']
1.0,4.233059277903523,1.0306820597567277,1.1048216761892506,"tensor([[0.5000]], dtype=torch.float64)",tensor([-255]),['n']
51.0,31.163334567715857,51.25046634513481,51.15587785972434,"tensor([[0.5000]], dtype=torch.float64)",tensor([-255]),['n']
69.0,69.44132998047924,69.25438502791857,68.76706947333066,"tensor([[0.5000]], dtype=torch.float64)",tensor([-255]),['s']
12.0,11.190618835840112,11.929827880683797,11.982471327569954,"tensor([[0.5000]], dtype=torch.float64)",tensor([-255]),['s']
26.0,27.29670036173206,25.171358448795228,25.090360039126814,"tensor([[0.5000]], dtype=torch.float64)",tensor([-255]),['s']
15.0,14.720360902678188,14.893147992841207,15.204760005722695,"tensor([[0.5000]], dtype=torch.float64)",tensor([-255]),['n']
66.0,62.664423675246766,65.44074936205739,65.89910419137624,"tensor([[0.5000]], dtype=torch.float64)",tensor([-255]),['s']
13.0,13.27351289526787,13.277300574031784,13.626822792205235,"tensor([[0.5000]], dtype=torch.float64)",tensor([-255]),['n']
50.0,49.50797034809908,50.47965180663509,50.60527655382774,"tensor([[0.5000]], dtype=torch.float64)",tensor([-255]),['n']
64.0,59.07298717322233,63.32599678908584,63.48252390889788,"tensor([[0.5000]], dtype=torch.float64)",tensor([-255]),['s']
2.0,4.971918262112091,2.0770388888650193,2.5210865536539337,"tensor([[0.5000]], dtype=torch.float64)",tensor([-255]),['s']
27.0,27.847262881044333,27.13615174924326,26.704020497322446,"tensor([[0.5000]], dtype=torch.float64)",tensor([-255]),['s']
22.0,24.12263053393587,22.3369400919491,22.137685534910716,"tensor([[0.5000]], dtype=torch.float64)",tensor([-255]),['s']
26.0,24.341235092402616,26.20937180442567,26.051451665383016,"tensor([[0.5000]], dtype=torch.float64)",tensor([-255]),['n']
3.0,69.99402471565682,3.6731374986074248,3.464849070760753,"tensor([[0.5000]], dtype=torch.float64)",tensor([-255]),['s']
56.0,56.11170324361598,55.26890640118438,55.214213196557225,"tensor([[0.5000]], dtype=torch.float64)",tensor([-255]),['s']
28.0,23.58863572701619,28.021210429105558,28.131463952712696,"tensor([[0.5000]], dtype=torch.float64)",tensor([-255]),['n']
4.0,3.238354964676277,3.8226041737716328,4.451219714331333,"tensor([[0.5000]], dtype=torch.float64)",tensor([-255]),['n']
68.0,68.4690391716477,67.89930378327044,67.67185364262453,"tensor([[0.5000]], dtype=torch.float64)",tensor([-255]),['n']
20.0,26.99664265058493,19.958411236208786,20.015749313346166,"tensor([[0.5000]], dtype=torch.float64)",tensor([-255]),['n']
52.0,49.295554237636836,52.17161376091544,52.409738091539445,"tensor([[0.5000]], dtype=torch.float64)",tensor([-255]),['n']
53.0,52.37523202940246,53.438668499917284,53.203873879030446,"tensor([[0.5000]], dtype=torch.float64)",tensor([-255]),['s']
32.0,38.1303089083717,32.251754741266865,32.06798341963854,"tensor([[0.5000]], dtype=torch.float64)",tensor([-255]),['n']
30.0,28.952005221168132,30.854313201023963,30.53600470831813,"tensor([[0.5000]], dtype=torch.float64)",tensor([-255]),['n']
12.0,7.971208610204323,12.021826954106421,11.459360376840568,"tensor([[0.5000]], dtype=torch.float64)",tensor([-255]),['s']
6.0,3.6544034673708774,6.4294516449107455,6.387082010031541,"tensor([[0.5000]], dtype=torch.float64)",tensor([-255]),['n']
70.0,66.18228268314542,69.67310494296605,67.1657582299855,"tensor([[0.5000]], dtype=torch.float64)",tensor([-255]),['n']
3.0,0.9548537891804303,2.760847061906978,2.8116210106567032,"tensor([[0.5000]], dtype=torch.float64)",tensor([-255]),['s']
19.0,19.946109411625756,18.969814602225252,19.02027615207121,"tensor([[0.5000]], dtype=torch.float64)",tensor([-255]),['s']
1.0,1.9037494434297486,0.7626881745552733,0.7348889258547413,"tensor([[0.5000]], dtype=torch.float64)",tensor([-255]),['s']
36.0,34.095262290399155,36.45347591575294,36.96420504938071,"tensor([[0.5000]], dtype=torch.float64)",tensor([-255]),['s']
21.0,18.87544568435863,20.87736868124033,20.93928541251453,"tensor([[0.5000]], dtype=torch.float64)",tensor([-255]),['s']
26.0,24.085397915057207,25.858653549983362,25.929939988168062,"tensor([[0.5000]], dtype=torch.float64)",tensor([-255]),['n']
44.0,42.88482076930235,44.42220998927247,44.52829342424554,"tensor([[0.5000]], dtype=torch.float64)",tensor([-255]),['s']
68.0,69.87346844115473,67.94818947149727,67.98440309243959,"tensor([[0.5000]], dtype=torch.float64)",tensor([-255]),['s']
18.0,21.038152470263917,18.164470136856306,18.042170544409235,"tensor([[0.5000]], dtype=torch.float64)",tensor([-255]),['s']
14.0,14.627462239005816,14.038999609358294,14.056198667646113,"tensor([[0.5000]], dtype=torch.float64)",tensor([-255]),['n']
4.0,7.9287189497247015,4.133851870324593,4.622700502735759,"tensor([[0.5000]], dtype=torch.float64)",tensor([-255]),['n']
22.0,58.85745108177771,22.562871792429377,22.129909403393384,"tensor([[0.5000]], dtype=torch.float64)",tensor([-255]),['s']
39.0,28.403461591177322,38.946043228085195,38.266875818396954,"tensor([[0.5000]], dtype=torch.float64)",tensor([-255]),['s']
43.0,39.52228729900216,43.12528175621557,42.93272657827676,"tensor([[0.5000]], dtype=torch.float64)",tensor([-255]),['s']
68.0,67.57285491728867,68.69834810313037,67.28643867212513,"tensor([[0.5000]], dtype=torch.float64)",tensor([-255]),['s']
62.0,59.44816202372465,61.25012460029116,61.137445356987406,"tensor([[0.5000]], dtype=torch.float64)",tensor([-255]),['n']
0.0,69.40041373330148,71.0,0.639644054516111,"tensor([[0.5000]], dtype=torch.float64)",tensor([-255]),['s']
30.0,27.54319013046424,30.284458978897515,30.587238601273945,"tensor([[0.5000]], dtype=torch.float64)",tensor([-255]),['n']
23.0,28.205933444540225,23.34525494087081,23.08379759793401,"tensor([[0.5000]], dtype=torch.float64)",tensor([-255]),['n']
58.0,57.74733645475169,57.479595445185055,57.084696852642296,"tensor([[0.5000]], dtype=torch.float64)",tensor([-255]),['n']
58.0,59.638827653747015,57.866762593701495,57.647983002803,"tensor([[0.5000]], dtype=torch.float64)",tensor([-255]),['n']
10.0,46.48453827970069,10.853232175138958,10.845208511157463,"tensor([[0.5000]], dtype=torch.float64)",tensor([-255]),['n']
8.0,4.090723836806884,8.293746334953937,8.308503978519791,"tensor([[0.5000]], dtype=torch.float64)",tensor([-255]),['n']
21.0,36.422676785027406,20.648437464138272,20.45296503859088,"tensor([[0.5000]], dtype=torch.float64)",tensor([-255]),['s']
47.0,49.19780077584117,47.50295281233424,47.85554209879419,"tensor([[0.5000]], dtype=torch.float64)",tensor([-255]),['n']
26.0,24.608409985370756,25.892162132800937,25.278367985022864,"tensor([[0.5000]], dtype=torch.float64)",tensor([-255]),['n']
42.0,40.284698894080144,42.565717301580975,43.17023288693506,"tensor([[0.5000]], dtype=torch.float64)",tensor([-255]),['n']
42.0,42.037828781309244,42.19125792799291,42.373404090298585,"tensor([[0.5000]], dtype=torch.float64)",tensor([-255]),['n']
32.0,34.35600568388224,32.355670349905395,32.2200505591183,"tensor([[0.5000]], dtype=torch.float64)",tensor([-255]),['n']
40.0,35.54634636291678,40.52783066672828,40.29332381590133,"tensor([[0.5000]], dtype=torch.float64)",tensor([-255]),['s']
37.0,40.1142408379966,37.20373179018464,37.16059153150384,"tensor([[0.5000]], dtype=torch.float64)",tensor([-255]),['s']
48.0,48.02073952366875,48.4048856169877,48.874992504404624,"tensor([[0.5000]], dtype=torch.float64)",tensor([-255]),['n']
35.0,35.006672239697906,54.78834398758661,26.034049179880657,"tensor([[0.5000]], dtype=torch.float64)",tensor([-255]),['s']
34.0,26.698222711143504,23.8038107689237,47.904014302886566,"tensor([[0.5000]], dtype=torch.float64)",tensor([-255]),['s']
66.0,64.95372646117939,65.8121858811344,65.82432118209543,"tensor([[0.5000]], dtype=torch.float64)",tensor([-255]),['n']
47.0,37.69957009657943,48.80704797413204,48.22521687453062,"tensor([[0.5000]], dtype=torch.float64)",tensor([-255]),['s']
4.0,69.61317017602295,3.31582470682191,5.5576086588751075,"tensor([[0.5000]], dtype=torch.float64)",tensor([-255]),['n']
5.0,4.710123906532628,7.768567231996697,5.268420239250829,"tensor([[0.5000]], dtype=torch.float64)",tensor([-255]),['s']
47.0,46.875696428523334,47.00572661491981,47.81781377298421,"tensor([[0.5000]], dtype=torch.float64)",tensor([-255]),['s']
0.0,3.4432636933799077,0.0,0.0,"tensor([[0.5000]], dtype=torch.float64)",tensor([-255]),['n']
55.0,30.003443484080485,54.783818959226004,54.62254493335631,"tensor([[0.5000]], dtype=torch.float64)",tensor([-255]),['n']
31.0,40.69847231995695,30.39732066766678,30.77830582104531,"tensor([[0.5000]], dtype=torch.float64)",tensor([-255]),['s']
62.0,64.80364661917473,61.281997472698734,61.12225353561215,"tensor([[0.5000]], dtype=torch.float64)",tensor([-255]),['n']
71.0,1.5884345251394762,71.0,70.41775489366111,"tensor([[0.5000]], dtype=torch.float64)",tensor([-255]),['n']
41.0,42.43994969205471,42.15250084232822,41.83964815061793,"tensor([[0.5000]], dtype=torch.float64)",tensor([-255]),['s']
30.0,30.280377420737864,29.94297388942121,28.776289077858255,"tensor([[0.5000]], dtype=torch.float64)",tensor([-255]),['s']
23.0,62.02488541849973,23.4166461772039,23.02266763994569,"tensor([[0.5000]], dtype=torch.float64)",tensor([-255]),['s']
7.0,7.843259312363811,7.927414784063802,7.964211141836638,"tensor([[0.5000]], dtype=torch.float64)",tensor([-255]),['n']
26.0,26.25991073491089,25.84802255941761,25.169543027706915,"tensor([[0.5000]], dtype=torch.float64)",tensor([-255]),['s']
63.0,63.59054647868769,62.537557324062526,62.592751289940544,"tensor([[0.5000]], dtype=torch.float64)",tensor([-255]),['s']
51.0,34.15207443500884,51.153096503153165,51.648540612807324,"tensor([[0.5000]], dtype=torch.float64)",tensor([-255]),['n']
7.0,69.98088830858396,6.829252032906045,7.338664403362677,"tensor([[0.5000]], dtype=torch.float64)",tensor([-255]),['n']
65.0,66.02866944012692,64.8555600568069,64.75235552388524,"tensor([[0.5000]], dtype=torch.float64)",tensor([-255]),['n']
2.0,4.788039331911304,2.11113559171572,3.267511271412865,"tensor([[0.5000]], dtype=torch.float64)",tensor([-255]),['n']
5.0,70.65537693261848,4.558373227907777,5.171241976716917,"tensor([[0.5000]], dtype=torch.float64)",tensor([-255]),['s']
4.0,4.069393579990685,3.6024375971206677,3.8908158719647203,"tensor([[0.5000]], dtype=torch.float64)",tensor([-255]),['n']
38.0,30.18641431366434,38.18950080626013,38.75486474168398,"tensor([[0.5000]], dtype=torch.float64)",tensor([-255]),['s']
56.0,56.37161260380595,55.7825446038812,55.870634917828816,"tensor([[0.5000]], dtype=torch.float64)",tensor([-255]),['n']
52.0,38.97954018003578,51.86234184099227,52.292655924699986,"tensor([[0.5000]], dtype=torch.float64)",tensor([-255]),['s']
31.0,32.91170031698269,29.82143168713939,29.640790802917028,"tensor([[0.5000]], dtype=torch.float64)",tensor([-255]),['s']
61.0,63.04334680269426,60.27984763380895,59.98877411099424,"tensor([[0.5000]], dtype=torch.float64)",tensor([-255]),['s']
44.0,41.85438693142589,44.25741447309623,44.375878358085,"tensor([[0.5000]], dtype=torch.float64)",tensor([-255]),['n']
1.0,69.44970924784832,0.9275089683279188,0.74504277188011,"tensor([[0.5000]], dtype=torch.float64)",tensor([-255]),['n']
4.0,0.876097038836864,4.030662803710421,4.725885840934906,"tensor([[0.5000]], dtype=torch.float64)",tensor([-255]),['n']
23.0,22.308001840206508,23.44317982282433,23.288233120872366,"tensor([[0.5000]], dtype=torch.float64)",tensor([-255]),['s']
63.0,1.1367563468902058,62.56769162021914,62.6959881542005,"tensor([[0.5000]], dtype=torch.float64)",tensor([-255]),['n']
44.0,43.03100160264408,44.682628455182865,44.771491051698995,"tensor([[0.5000]], dtype=torch.float64)",tensor([-255]),['s']
69.0,66.06986510828494,68.84765022101887,69.05642433524778,"tensor([[0.5000]], dtype=torch.float64)",tensor([-255]),['s']
55.0,15.658279817276984,54.64159456796175,54.89788789833774,"tensor([[0.5000]], dtype=torch.float64)",tensor([-255]),['s']
5.0,2.499360061097245,4.71091637732073,4.88206206347688,"tensor([[0.5000]], dtype=torch.float64)",tensor([-255]),['n']
32.0,35.02854158989298,32.24449698117118,32.0253618154725,"tensor([[0.5000]], dtype=torch.float64)",tensor([-255]),['s']
66.0,65.21148646175484,65.1357893271986,65.4653629986916,"tensor([[0.5000]], dtype=torch.float64)",tensor([-255]),['s']
37.0,24.90305978623904,37.22537809033267,37.15049316300741,"tensor([[0.5000]], dtype=torch.float64)",tensor([-255]),['s']
3.0,4.849498058045602,2.8520537457129276,3.2665799645341007,"tensor([[0.5000]], dtype=torch.float64)",tensor([-255]),['n']
14.0,15.128725829454604,14.209144126681725,14.008141747606702,"tensor([[0.5000]], dtype=torch.float64)",tensor([-255]),['s']
48.0,47.759717928354156,48.53054117194382,48.671566915199364,"tensor([[0.5000]], dtype=torch.float64)",tensor([-255]),['s']
40.0,37.729700169125934,40.23106994060264,40.375707231374065,"tensor([[0.5000]], dtype=torch.float64)",tensor([-255]),['s']
24.0,24.26988598618839,23.595759831252337,23.634798197164,"tensor([[0.5000]], dtype=torch.float64)",tensor([-255]),['s']
31.0,31.015242561405827,31.257432220095698,31.609107182614768,"tensor([[0.5000]], dtype=torch.float64)",tensor([-255]),['s']
34.0,36.03393053766672,34.28519355185828,34.3624661789603,"tensor([[0.5000]], dtype=torch.float64)",tensor([-255]),['n']
56.0,53.14258979336058,56.00343957947236,55.9801238451196,"tensor([[0.5000]], dtype=torch.float64)",tensor([-255]),['s']
71.0,64.76217913532541,71.0,71.0,"tensor([[0.5000]], dtype=torch.float64)",tensor([-255]),['s']
58.0,7.791248070966574,58.047318239087765,57.404653114685544,"tensor([[0.5000]], dtype=torch.float64)",tensor([-255]),['n']
66.0,63.05020951515658,65.51731371274872,65.57755997456009,"tensor([[0.5000]], dtype=torch.float64)",tensor([-255]),['n']
30.0,26.22645373972753,30.170794131540706,30.17648024659662,"tensor([[0.5000]], dtype=torch.float64)",tensor([-255]),['s']
54.0,30.8563741053951,54.245885193422765,54.18768831367182,"tensor([[0.5000]], dtype=torch.float64)",tensor([-255]),['s']
37.0,40.234131390432836,37.127402195050166,36.718709596631065,"tensor([[0.5000]], dtype=torch.float64)",tensor([-255]),['s']
54.0,53.28375534490251,54.0434447195121,54.045672086564494,"tensor([[0.5000]], dtype=torch.float64)",tensor([-255]),['s']
42.0,44.046715882488485,42.53221574423225,43.87666430282356,"tensor([[0.5000]], dtype=torch.float64)",tensor([-255]),['n']
40.0,38.182169881355335,40.22532399203713,40.2894045667876,"tensor([[0.5000]], dtype=torch.float64)",tensor([-255]),['s']
45.0,43.03983692571833,45.609193957243306,45.89172100991949,"tensor([[0.5000]], dtype=torch.float64)",tensor([-255]),['n']
28.0,26.054350985146996,28.026287015131327,27.615479868990487,"tensor([[0.5000]], dtype=torch.float64)",tensor([-255]),['n']
58.0,56.896699635463136,57.565395463585,57.353272998610606,"tensor([[0.5000]], dtype=torch.float64)",tensor([-255]),['n']
41.0,38.97013578193632,40.60348499085378,41.355855783867106,"tensor([[0.5000]], dtype=torch.float64)",tensor([-255]),['n']
1.0,69.01122307874388,0.6942803697575686,0.6345246832573741,"tensor([[0.5000]], dtype=torch.float64)",tensor([-255]),['s']
18.0,20.18092448134216,18.064534260783187,18.006824377954626,"tensor([[0.5000]], dtype=torch.float64)",tensor([-255]),['n']
10.0,8.678397959624503,10.979309668287248,10.658425485699933,"tensor([[0.5000]], dtype=torch.float64)",tensor([-255]),['s']
40.0,39.4344488922755,39.79179433285174,39.287009998806006,"tensor([[0.5000]], dtype=torch.float64)",tensor([-255]),['s']
19.0,20.779950179803265,19.043011213348226,19.068387370910898,"tensor([[0.5000]], dtype=torch.float64)",tensor([-255]),['n']
22.0,59.26180856669697,21.95001772399555,21.513486857180073,"tensor([[0.5000]], dtype=torch.float64)",tensor([-255]),['s']
58.0,57.084137231160376,57.867995227118946,57.135423167057176,"tensor([[0.5000]], dtype=torch.float64)",tensor([-255]),['s']
38.0,37.922942219238536,38.20689950951259,39.007980164151384,"tensor([[0.5000]], dtype=torch.float64)",tensor([-255]),['n']
71.0,1.9033941204852693,70.58785629206778,70.83527338542343,"tensor([[0.5000]], dtype=torch.float64)",tensor([-255]),['s']
34.0,39.25545783776828,34.30687746018356,34.39327664287708,"tensor([[0.5000]], dtype=torch.float64)",tensor([-255]),['n']
15.0,64.09099454625307,15.28940157765347,15.17846440849148,"tensor([[0.5000]], dtype=torch.float64)",tensor([-255]),['s']
28.0,28.207648001939855,27.57207780206328,24.668892953789722,"tensor([[0.5000]], dtype=torch.float64)",tensor([-255]),['s']
26.0,26.81684917917974,26.073619376065217,25.91128331446111,"tensor([[0.5000]], dtype=torch.float64)",tensor([-255]),['n']
24.0,22.94992844358081,24.156648588377152,23.773940483501573,"tensor([[0.5000]], dtype=torch.float64)",tensor([-255]),['n']
51.0,49.93873557279727,51.42643697289943,51.74398407007901,"tensor([[0.5000]], dtype=torch.float64)",tensor([-255]),['n']
38.0,37.178494605677656,38.211777760776165,38.60501400490292,"tensor([[0.5000]], dtype=torch.float64)",tensor([-255]),['n']
65.0,67.7414506848096,64.60909563395987,63.79010579216781,"tensor([[0.5000]], dtype=torch.float64)",tensor([-255]),['s']
60.0,22.308958981665562,59.37871530579916,59.13415566774614,"tensor([[0.5000]], dtype=torch.float64)",tensor([-255]),['n']
52.0,53.63508680141644,52.14563492768367,52.056894144519,"tensor([[0.5000]], dtype=torch.float64)",tensor([-255]),['n']
52.0,51.34805961111563,52.213348055792025,52.23590543492394,"tensor([[0.5000]], dtype=torch.float64)",tensor([-255]),['n']
24.0,25.631979849343942,24.370401679597975,24.377359196312863,"tensor([[0.5000]], dtype=torch.float64)",tensor([-255]),['s']
46.0,37.247516378552604,48.73509485307916,47.25791029650352,"tensor([[0.5000]], dtype=torch.float64)",tensor([-255]),['s']
35.0,38.1745632501009,35.122481937586294,34.4094263594148,"tensor([[0.5000]], dtype=torch.float64)",tensor([-255]),['s']
66.0,3.113518737952017,65.76679069685659,65.80788163432719,"tensor([[0.5000]], dtype=torch.float64)",tensor([-255]),['s']
31.0,28.508999583659197,31.17803253457869,31.03801564745305,"tensor([[0.5000]], dtype=torch.float64)",tensor([-255]),['s']
20.0,61.998028548027264,20.22413278937994,20.054787179139893,"tensor([[0.5000]], dtype=torch.float64)",tensor([-255]),['n']
46.0,47.50814754154168,46.88436877754977,46.51877967757139,"tensor([[0.5000]], dtype=torch.float64)",tensor([-255]),['s']
15.0,13.758214416140444,15.204187258118964,15.159812791213179,"tensor([[0.5000]], dtype=torch.float64)",tensor([-255]),['s']
59.0,60.653304437131105,58.115872922984906,58.22188934944236,"tensor([[0.5000]], dtype=torch.float64)",tensor([-255]),['s']
31.0,32.69685072620736,31.345644962117067,30.980956130599484,"tensor([[0.5000]], dtype=torch.float64)",tensor([-255]),['s']
53.0,53.88107098282599,52.9865926839757,53.00121677633414,"tensor([[0.5000]], dtype=torch.float64)",tensor([-255]),['n']
9.0,10.792239542656887,8.853199665393086,9.150061648199065,"tensor([[0.5000]], dtype=torch.float64)",tensor([-255]),['n']
71.0,69.89074002880412,71.0,70.97987852149325,"tensor([[0.5000]], dtype=torch.float64)",tensor([-255]),['s']
49.0,38.208089278174114,49.0401237151538,50.04377238628079,"tensor([[0.5000]], dtype=torch.float64)",tensor([-255]),['s']
47.0,46.01146893348049,47.62870081678722,47.69977177152015,"tensor([[0.5000]], dtype=torch.float64)",tensor([-255]),['s']
24.0,21.981415394654878,24.089137718772434,23.68309728682649,"tensor([[0.5000]], dtype=torch.float64)",tensor([-255]),['n']
65.0,63.29088112822465,64.67556948019973,63.934588198304944,"tensor([[0.5000]], dtype=torch.float64)",tensor([-255]),['s']
62.0,61.45968372586135,61.69684500974491,61.8370617744994,"tensor([[0.5000]], dtype=torch.float64)",tensor([-255]),['n']
8.0,10.084717112280533,7.591741190983982,7.773796149397436,"tensor([[0.5000]], dtype=torch.float64)",tensor([-255]),['s']
54.0,53.1702559932159,54.225912200278124,54.122883076230465,"tensor([[0.5000]], dtype=torch.float64)",tensor([-255]),['s']
53.0,52.19091145614701,53.061289931477376,53.095798069612435,"tensor([[0.5000]], dtype=torch.float64)",tensor([-255]),['n']
48.0,50.28878255467946,48.71446660805182,49.038927476495004,"tensor([[0.5000]], dtype=torch.float64)",tensor([-255]),['n']
4.0,6.9013989211238815,4.050332226797993,4.839742099896595,"tensor([[0.5000]], dtype=torch.float64)",tensor([-255]),['s']
29.0,26.192799738791578,29.208819792644107,28.956788288444738,"tensor([[0.5000]], dtype=torch.float64)",tensor([-255]),['n']
11.0,12.673659509708234,11.420061533617407,11.414683324859984,"tensor([[0.5000]], dtype=torch.float64)",tensor([-255]),['n']
10.0,16.079941362942616,9.958876034376134,10.438366549132189,"tensor([[0.5000]], dtype=torch.float64)",tensor([-255]),['s']
5.0,8.829246496103023,10.971634239062519,4.7591941252800485,"tensor([[0.5000]], dtype=torch.float64)",tensor([-255]),['s']
21.0,19.967633014926164,20.846283513305554,20.849668260259335,"tensor([[0.5000]], dtype=torch.float64)",tensor([-255]),['s']
38.0,33.57806925791852,38.01786395785711,38.309748348167766,"tensor([[0.5000]], dtype=torch.float64)",tensor([-255]),['s']
12.0,9.798198540453177,11.677167856797753,12.14178067569496,"tensor([[0.5000]], dtype=torch.float64)",tensor([-255]),['n']
44.0,40.783905437752765,45.56492126773673,45.70589453732181,"tensor([[0.5000]], dtype=torch.float64)",tensor([-255]),['n']
50.0,51.8994614188673,50.74692027321619,50.25257436589653,"tensor([[0.5000]], dtype=torch.float64)",tensor([-255]),['s']
53.0,19.449647342057233,53.230752555434506,53.039154589133965,"tensor([[0.5000]], dtype=torch.float64)",tensor([-255]),['n']
35.0,34.71278800039467,35.01777950337224,34.85392209959464,"tensor([[0.5000]], dtype=torch.float64)",tensor([-255]),['n']
65.0,62.142217093474585,64.74605038025722,63.32309989590112,"tensor([[0.5000]], dtype=torch.float64)",tensor([-255]),['s']
35.0,36.073678702634254,35.37170477093922,35.218399443618246,"tensor([[0.5000]], dtype=torch.float64)",tensor([-255]),['s']
42.0,42.81204195798596,42.76840647215276,43.022617932738676,"tensor([[0.5000]], dtype=torch.float64)",tensor([-255]),['n']
51.0,49.097341329448696,51.47235111181412,51.669762419493686,"tensor([[0.5000]], dtype=torch.float64)",tensor([-255]),['n']
24.0,22.18252838575052,23.901528646855013,23.575051949099233,"tensor([[0.5000]], dtype=torch.float64)",tensor([-255]),['s']
53.0,53.18758839221143,53.61028206878017,53.338709093984605,"tensor([[0.5000]], dtype=torch.float64)",tensor([-255]),['s']
42.0,43.83534286561907,42.09251841761633,42.24179326799785,"tensor([[0.5000]], dtype=torch.float64)",tensor([-255]),['n']
8.0,8.654945307296032,8.778653924544985,8.31539275232017,"tensor([[0.5000]], dtype=torch.float64)",tensor([-255]),['n']
39.0,41.418980523738846,39.22424786576474,41.735005440911145,"tensor([[0.5000]], dtype=torch.float64)",tensor([-255]),['n']
9.0,8.891203176394246,8.632051665139175,8.950656249190336,"tensor([[0.5000]], dtype=torch.float64)",tensor([-255]),['n']
39.0,33.69869091888016,39.66232758813731,40.090775705095425,"tensor([[0.5000]], dtype=torch.float64)",tensor([-255]),['s']
27.0,27.20609904225552,27.30465158876639,27.138823042951376,"tensor([[0.5000]], dtype=torch.float64)",tensor([-255]),['n']
45.0,42.645795811255894,45.56685182065262,46.24458438647952,"tensor([[0.5000]], dtype=torch.float64)",tensor([-255]),['n']
39.0,39.99681499594068,39.52208475208515,40.1544212161808,"tensor([[0.5000]], dtype=torch.float64)",tensor([-255]),['s']
51.0,50.31880405444221,51.28278106542676,51.35845740055667,"tensor([[0.5000]], dtype=torch.float64)",tensor([-255]),['s']
52.0,51.97954591665018,52.30788706056942,52.30024267334942,"tensor([[0.5000]], dtype=torch.float64)",tensor([-255]),['n']
27.0,26.10186274246228,26.979774886628558,26.92980430335386,"tensor([[0.5000]], dtype=torch.float64)",tensor([-255]),['n']
57.0,59.12032366015822,56.46502047121965,56.24606509263387,"tensor([[0.5000]], dtype=torch.float64)",tensor([-255]),['s']
36.0,35.69261734475819,36.00356421364459,36.04397060601498,"tensor([[0.5000]], dtype=torch.float64)",tensor([-255]),['s']
35.0,46.67931707549823,35.29390162183327,35.35664418434476,"tensor([[0.5000]], dtype=torch.float64)",tensor([-255]),['n']
25.0,62.29092670145454,25.22730115892697,24.955054239964152,"tensor([[0.5000]], dtype=torch.float64)",tensor([-255]),['n']
38.0,39.9171084551962,38.22354305389649,39.56070534016235,"tensor([[0.5000]], dtype=torch.float64)",tensor([-255]),['n']
47.0,43.095044446816104,48.086694576368934,48.82841131283444,"tensor([[0.5000]], dtype=torch.float64)",tensor([-255]),['n']
18.0,19.377174271776354,18.350437117379176,18.267101234285295,"tensor([[0.5000]], dtype=torch.float64)",tensor([-255]),['s']
44.0,45.034967472410045,44.97350230443411,45.431193451379706,"tensor([[0.5000]], dtype=torch.float64)",tensor([-255]),['s']
63.0,3.09479899271638,62.37550877538525,61.718833610638086,"tensor([[0.5000]], dtype=torch.float64)",tensor([-255]),['s']
50.0,49.22908427372638,50.142730808182776,50.29977433047446,"tensor([[0.5000]], dtype=torch.float64)",tensor([-255]),['n']
41.0,40.3461170658824,40.751514374038706,41.67784435552924,"tensor([[0.5000]], dtype=torch.float64)",tensor([-255]),['s']
38.0,36.86843566626922,38.287768868637514,38.67100513453779,"tensor([[0.5000]], dtype=torch.float64)",tensor([-255]),['n']
35.0,30.829359646755954,34.29773681152794,34.20049208221714,"tensor([[0.5000]], dtype=torch.float64)",tensor([-255]),['s']
23.0,24.176718078551836,23.083281527009923,22.967921005995503,"tensor([[0.5000]], dtype=torch.float64)",tensor([-255]),['n']
43.0,42.993153100249586,44.80958011025066,44.89901645491168,"tensor([[0.5000]], dtype=torch.float64)",tensor([-255]),['n']
0.0,69.25362086290093,0.01412926036483944,0.02965384766833706,"tensor([[0.5000]], dtype=torch.float64)",tensor([-255]),['n']
50.0,31.99204052256167,50.43487982557375,50.71420958807382,"tensor([[0.5000]], dtype=torch.float64)",tensor([-255]),['n']
42.0,42.508395561867374,42.6981283405156,42.84953409172069,"tensor([[0.5000]], dtype=torch.float64)",tensor([-255]),['n']
56.0,28.605318562423548,55.91358792407088,55.9390459532481,"tensor([[0.5000]], dtype=torch.float64)",tensor([-255]),['n']
61.0,60.33104452640652,60.13740569400414,59.92289383025067,"tensor([[0.5000]], dtype=torch.float64)",tensor([-255]),['s']
43.0,40.47026123313623,43.047522241978236,43.53239751474662,"tensor([[0.5000]], dtype=torch.float64)",tensor([-255]),['s']
41.0,37.76477891020621,41.017849329534364,41.11743791974976,"tensor([[0.5000]], dtype=torch.float64)",tensor([-255]),['n']
44.0,45.92066096683347,44.43902569683619,44.46865222095546,"tensor([[0.5000]], dtype=torch.float64)",tensor([-255]),['n']
36.0,48.060335295735,36.21827753079503,35.91014774244708,"tensor([[0.5000]], dtype=torch.float64)",tensor([-255]),['s']
28.0,28.215862375220695,28.770358341919625,28.753009877237616,"tensor([[0.5000]], dtype=torch.float64)",tensor([-255]),['s']
9.0,5.91277071174434,9.350094972970709,9.04743376152151,"tensor([[0.5000]], dtype=torch.float64)",tensor([-255]),['s']
25.0,25.173791022829544,24.821248013670367,24.81498154874266,"tensor([[0.5000]], dtype=torch.float64)",tensor([-255]),['n']
25.0,27.823402711351957,24.663856627108387,24.647030138078932,"tensor([[0.5000]], dtype=torch.float64)",tensor([-255]),['n']
15.0,12.135337036991704,15.282945151683105,15.679859759487064,"tensor([[0.5000]], dtype=torch.float64)",tensor([-255]),['n']
66.0,66.24431875959651,64.99022183983384,64.96657076615911,"tensor([[0.5000]], dtype=torch.float64)",tensor([-255]),['n']
30.0,30.49018801735191,30.60150527950638,28.80529282129839,"tensor([[0.5000]], dtype=torch.float64)",tensor([-255]),['n']
22.0,20.88140947684286,21.753375047558425,21.63599892809248,"tensor([[0.5000]], dtype=torch.float64)",tensor([-255]),['n']
19.0,20.373088968678147,18.975043549362244,18.966893013859274,"tensor([[0.5000]], dtype=torch.float64)",tensor([-255]),['n']
19.0,20.728493850410587,19.006462567098428,18.949235787005502,"tensor([[0.5000]], dtype=torch.float64)",tensor([-255]),['n']
5.0,5.161284381474443,11.880583078153276,4.98381736484025,"tensor([[0.5000]], dtype=torch.float64)",tensor([-255]),['s']
28.0,24.16271079351451,27.89926348842677,27.30460662097677,"tensor([[0.5000]], dtype=torch.float64)",tensor([-255]),['s']
8.0,9.770489137478698,8.384970080864102,8.969531362041979,"tensor([[0.5000]], dtype=torch.float64)",tensor([-255]),['n']
63.0,19.960467047577314,62.566686495354155,62.63864729325275,"tensor([[0.5000]], dtype=torch.float64)",tensor([-255]),['n']
29.0,30.148110999662144,29.037418371218237,28.79710953622376,"tensor([[0.5000]], dtype=torch.float64)",tensor([-255]),['s']
36.0,36.56804759950613,36.38431464578278,36.610015972205055,"tensor([[0.5000]], dtype=torch.float64)",tensor([-255]),['s']
63.0,62.707446630726196,62.570520532131425,61.70277261125622,"tensor([[0.5000]], dtype=torch.float64)",tensor([-255]),['n']
40.0,40.82762378509632,40.53964831146949,40.872614168714854,"tensor([[0.5000]], dtype=torch.float64)",tensor([-255]),['n']
3.0,5.677661320526079,2.8043999065947562,1.9462052239289986,"tensor([[0.5000]], dtype=torch.float64)",tensor([-255]),['s']
3.0,5.689511311406312,2.809912443533392,2.820117958390072,"tensor([[0.5000]], dtype=torch.float64)",tensor([-255]),['s']
48.0,47.66977670784647,48.023476587278665,48.81563600728454,"tensor([[0.5000]], dtype=torch.float64)",tensor([-255]),['s']
46.0,45.874856987951986,46.89418569882072,46.975895667711285,"tensor([[0.5000]], dtype=torch.float64)",tensor([-255]),['n']
5.0,6.307634006234349,4.898542621082114,5.16301325402483,"tensor([[0.5000]], dtype=torch.float64)",tensor([-255]),['n']
27.0,26.06068758381741,26.056020361736348,26.522543538777725,"tensor([[0.5000]], dtype=torch.float64)",tensor([-255]),['s']
27.0,26.62519268745516,27.437988839271494,27.112612736118564,"tensor([[0.5000]], dtype=torch.float64)",tensor([-255]),['n']
38.0,38.212461898493956,38.72992495984485,39.039272163010004,"tensor([[0.5000]], dtype=torch.float64)",tensor([-255]),['s']
21.0,19.75855688344063,20.781018870141644,20.770686092061133,"tensor([[0.5000]], dtype=torch.float64)",tensor([-255]),['s']
3.0,10.812962038431936,3.0983714830122073,3.373157772655717,"tensor([[0.5000]], dtype=torch.float64)",tensor([-255]),['n']
50.0,50.208585748334514,50.12119509959887,50.66812981628436,"tensor([[0.5000]], dtype=torch.float64)",tensor([-255]),['s']
67.0,64.38258224063708,66.14227594606999,66.92809248674045,"tensor([[0.5000]], dtype=torch.float64)",tensor([-255]),['s']
33.0,30.024465682579255,32.99215945733566,32.86359934315014,"tensor([[0.5000]], dtype=torch.float64)",tensor([-255]),['n']
27.0,30.151755002747205,26.39664370596191,26.723234133896906,"tensor([[0.5000]], dtype=torch.float64)",tensor([-255]),['n']
46.0,47.56308815750231,46.77792330726662,46.918400712495256,"tensor([[0.5000]], dtype=torch.float64)",tensor([-255]),['n']
38.0,41.64776996662699,38.1841633394866,38.72275723965747,"tensor([[0.5000]], dtype=torch.float64)",tensor([-255]),['n']
21.0,23.228477682319163,21.188281896612335,21.032696771453647,"tensor([[0.5000]], dtype=torch.float64)",tensor([-255]),['n']
64.0,61.07939319782668,63.92742669969309,63.76967506396793,"tensor([[0.5000]], dtype=torch.float64)",tensor([-255]),['n']
55.0,52.76006577176843,54.9964914590362,54.99436012807504,"tensor([[0.5000]], dtype=torch.float64)",tensor([-255]),['s']
2.0,2.205186076877702,2.1726277271489365,2.928352928912199,"tensor([[0.5000]], dtype=torch.float64)",tensor([-255]),['s']
70.0,3.7940589632137254,69.83199323947849,69.90340791596627,"tensor([[0.5000]], dtype=torch.float64)",tensor([-255]),['n']
55.0,56.46443292130208,54.96648853903089,54.781340548767176,"tensor([[0.5000]], dtype=torch.float64)",tensor([-255]),['n']
9.0,7.059333049501411,9.000619289833793,9.226913769255228,"tensor([[0.5000]], dtype=torch.float64)",tensor([-255]),['n']
68.0,66.9070195702567,67.34910193648373,67.28706608170583,"tensor([[0.5000]], dtype=torch.float64)",tensor([-255]),['n']
68.0,63.96179706297947,67.87143243646338,68.29189450344049,"tensor([[0.5000]], dtype=torch.float64)",tensor([-255]),['n']
69.0,70.11175571028726,68.8327751201268,69.57595390009898,"tensor([[0.5000]], dtype=torch.float64)",tensor([-255]),['s']
1.0,1.7470292282056585,1.148040877863529,1.0621371143796519,"tensor([[0.5000]], dtype=torch.float64)",tensor([-255]),['s']
4.0,5.088185966400424,3.9838409873809346,3.5601566706049543,"tensor([[0.5000]], dtype=torch.float64)",tensor([-255]),['s']
6.0,6.915040661879943,5.470675972337532,5.2883202078129985,"tensor([[0.5000]], dtype=torch.float64)",tensor([-255]),['n']
15.0,13.984769795891342,15.226844466471638,15.316409964245372,"tensor([[0.5000]], dtype=torch.float64)",tensor([-255]),['n']
11.0,12.787053609506632,11.62690648472106,12.101863067211102,"tensor([[0.5000]], dtype=torch.float64)",tensor([-255]),['s']
52.0,48.80458716307257,52.4373220146898,52.69628854864012,"tensor([[0.5000]], dtype=torch.float64)",tensor([-255]),['n']
0.0,34.59579415415033,0.1692901506455611,1.4674105530252541,"tensor([[0.5000]], dtype=torch.float64)",tensor([-255]),['s']
33.0,58.99569677453946,33.160327915347445,33.94191131656169,"tensor([[0.5000]], dtype=torch.float64)",tensor([-255]),['s']
50.0,50.427898444294634,50.31298244601011,50.26028810166053,"tensor([[0.5000]], dtype=torch.float64)",tensor([-255]),['s']
8.0,8.941974649220109,6.582158608279542,7.119594401486231,"tensor([[0.5000]], dtype=torch.float64)",tensor([-255]),['s']
65.0,65.63377645457369,64.6578537413521,64.58431183732101,"tensor([[0.5000]], dtype=torch.float64)",tensor([-255]),['n']
2.0,5.955632808187347,1.9000161185622306,2.1273478348035484,"tensor([[0.5000]], dtype=torch.float64)",tensor([-255]),['n']
32.0,31.999114787828635,32.09817097580188,32.09252818651418,"tensor([[0.5000]], dtype=torch.float64)",tensor([-255]),['s']
35.0,29.62953150048771,35.13115222172045,35.063767919232994,"tensor([[0.5000]], dtype=torch.float64)",tensor([-255]),['n']
42.0,41.69903971835869,42.73202360121869,42.65818188535962,"tensor([[0.5000]], dtype=torch.float64)",tensor([-255]),['s']
10.0,8.596352614307461,9.77572890353225,9.959403028740557,"tensor([[0.5000]], dtype=torch.float64)",tensor([-255]),['n']
8.0,9.613230928004123,7.89087061952435,9.332899099619825,"tensor([[0.5000]], dtype=torch.float64)",tensor([-255]),['n']
41.0,42.36800439999475,41.68366880041231,42.801178168192344,"tensor([[0.5000]], dtype=torch.float64)",tensor([-255]),['n']
22.0,59.42812315354524,22.289094270385455,22.58586566938968,"tensor([[0.5000]], dtype=torch.float64)",tensor([-255]),['n']
66.0,66.39109106910588,65.88741011626672,65.68693107950037,"tensor([[0.5000]], dtype=torch.float64)",tensor([-255]),['n']
29.0,30.013170614901476,28.87452402359133,28.596684531150437,"tensor([[0.5000]], dtype=torch.float64)",tensor([-255]),['n']
2.0,6.844689696124813,1.8431761499867607,1.942896327389995,"tensor([[0.5000]], dtype=torch.float64)",tensor([-255]),['n']
57.0,56.83322401053748,56.90812037428531,56.33705942482826,"tensor([[0.5000]], dtype=torch.float64)",tensor([-255]),['s']
9.0,8.797043478280838,9.360068760931128,9.71221200187026,"tensor([[0.5000]], dtype=torch.float64)",tensor([-255]),['s']
19.0,22.735689164217533,18.93408772965316,18.972488303649627,"tensor([[0.5000]], dtype=torch.float64)",tensor([-255]),['n']
35.0,37.01168886314394,34.96325323000342,34.513198303502456,"tensor([[0.5000]], dtype=torch.float64)",tensor([-255]),['s']
1.0,69.1262728032599,0.8666372980473518,0.5618695820327939,"tensor([[0.5000]], dtype=torch.float64)",tensor([-255]),['n']
32.0,30.436062368965217,31.754851725430047,32.05027637448961,"tensor([[0.5000]], dtype=torch.float64)",tensor([-255]),['s']
2.0,4.721085128295538,2.238985656775507,2.815463058586158,"tensor([[0.5000]], dtype=torch.float64)",tensor([-255]),['s']
60.0,60.00430449215847,59.833879262903004,59.41576262139754,"tensor([[0.5000]], dtype=torch.float64)",tensor([-255]),['n']
66.0,65.13405115312884,65.11046405092894,64.78939712725703,"tensor([[0.5000]], dtype=torch.float64)",tensor([-255]),['n']
67.0,1.5381535019835308,66.57761854517716,66.42807955745647,"tensor([[0.5000]], dtype=torch.float64)",tensor([-255]),['n']
52.0,53.31496355584577,52.27272073013425,52.16048260669867,"tensor([[0.5000]], dtype=torch.float64)",tensor([-255]),['n']
1.0,2.0141993900570094,1.2573134736015026,1.885547132186409,"tensor([[0.5000]], dtype=torch.float64)",tensor([-255]),['n']
3.0,7.1563626136400025,3.2346995995853276,3.6828843053583764,"tensor([[0.5000]], dtype=torch.float64)",tensor([-255]),['s']
39.0,27.401383589018124,39.184719701666445,38.77043069013366,"tensor([[0.5000]], dtype=torch.float64)",tensor([-255]),['n']
20.0,21.231321810016322,19.697740778951445,19.758273398496634,"tensor([[0.5000]], dtype=torch.float64)",tensor([-255]),['n']
60.0,58.56350334845685,59.815945612416705,59.269233140818486,"tensor([[0.5000]], dtype=torch.float64)",tensor([-255]),['s']
40.0,42.011060702153614,40.10512514678852,40.241376763410564,"tensor([[0.5000]], dtype=torch.float64)",tensor([-255]),['n']
3.0,0.2384594846526663,14.855807424435103,2.878576372312951,"tensor([[0.5000]], dtype=torch.float64)",tensor([-255]),['s']
64.0,61.175627086562095,63.254837508300575,62.36761334821254,"tensor([[0.5000]], dtype=torch.float64)",tensor([-255]),['n']
44.0,42.34873884647784,44.187432676528616,44.28333505268595,"tensor([[0.5000]], dtype=torch.float64)",tensor([-255]),['n']
70.0,3.982332844791506,69.94276445958683,70.15571280976052,"tensor([[0.5000]], dtype=torch.float64)",tensor([-255]),['n']
5.0,3.50228910407959,5.054079526140301,5.430679686855865,"tensor([[0.5000]], dtype=torch.float64)",tensor([-255]),['n']
19.0,19.01410648436535,18.872428995110223,18.956363536592615,"tensor([[0.5000]], dtype=torch.float64)",tensor([-255]),['n']
0.0,4.586816680030071,0.20417611005634173,0.6608013613877544,"tensor([[0.5000]], dtype=torch.float64)",tensor([-255]),['n']
14.0,15.047443713467793,13.92397644767226,14.489417920180053,"tensor([[0.5000]], dtype=torch.float64)",tensor([-255]),['s']
53.0,54.34183613475284,53.22671902970809,53.044280331088075,"tensor([[0.5000]], dtype=torch.float64)",tensor([-255]),['n']
0.0,69.17136151006835,0.2401019965379769,9.245996390886727,"tensor([[0.5000]], dtype=torch.float64)",tensor([-255]),['s']
62.0,60.235256847917896,61.76510165434025,61.45127686373208,"tensor([[0.5000]], dtype=torch.float64)",tensor([-255]),['n']
68.0,66.16559940155808,67.32295916782698,68.02279693747701,"tensor([[0.5000]], dtype=torch.float64)",tensor([-255]),['s']
27.0,35.08004131903726,26.50584711737108,25.526996121787807,"tensor([[0.5000]], dtype=torch.float64)",tensor([-255]),['n']
17.0,17.980076194377418,17.026153994649405,17.08261848552605,"tensor([[0.5000]], dtype=torch.float64)",tensor([-255]),['s']
52.0,28.921330173230537,52.0066974838427,52.01559469117908,"tensor([[0.5000]], dtype=torch.float64)",tensor([-255]),['s']
0.0,7.9243216706184505,0.58294828140131,1.3707649811661011,"tensor([[0.5000]], dtype=torch.float64)",tensor([-255]),['n']
32.0,32.336749525956414,32.00916663365084,31.776794861800884,"tensor([[0.5000]], dtype=torch.float64)",tensor([-255]),['n']
11.0,45.720509952166424,11.459873052790408,11.36169912059447,"tensor([[0.5000]], dtype=torch.float64)",tensor([-255]),['n']
21.0,21.00554387081165,20.93611333611736,20.73045727817614,"tensor([[0.5000]], dtype=torch.float64)",tensor([-255]),['s']
27.0,27.82011292676533,26.826015890955432,26.48017838303566,"tensor([[0.5000]], dtype=torch.float64)",tensor([-255]),['s']
8.0,5.544616336227406,8.820139483484523,10.700507048435744,"tensor([[0.5000]], dtype=torch.float64)",tensor([-255]),['s']
34.0,32.97130444366087,34.131831589632604,34.04192800786605,"tensor([[0.5000]], dtype=torch.float64)",tensor([-255]),['n']
8.0,9.85107144048625,8.19446509314009,8.908951653843264,"tensor([[0.5000]], dtype=torch.float64)",tensor([-255]),['n']
38.0,40.023248629760815,38.100795499704134,38.132110765022205,"tensor([[0.5000]], dtype=torch.float64)",tensor([-255]),['n']
22.0,21.65273172900339,21.600387555763255,21.664216365410724,"tensor([[0.5000]], dtype=torch.float64)",tensor([-255]),['n']
57.0,59.062597768045734,56.61892270558313,56.360549373564695,"tensor([[0.5000]], dtype=torch.float64)",tensor([-255]),['n']
17.0,16.925543361468563,17.350828879135396,17.102683785849095,"tensor([[0.5000]], dtype=torch.float64)",tensor([-255]),['s']
41.0,40.61915054549444,41.10554879997221,41.09265024666932,"tensor([[0.5000]], dtype=torch.float64)",tensor([-255]),['s']
56.0,56.002304294467784,55.32533964239249,55.208369803242654,"tensor([[0.5000]], dtype=torch.float64)",tensor([-255]),['s']
6.0,7.164269699410897,5.821315435921517,6.396592901423797,"tensor([[0.5000]], dtype=torch.float64)",tensor([-255]),['s']
53.0,50.076750160090036,53.062222245696994,53.12511235037584,"tensor([[0.5000]], dtype=torch.float64)",tensor([-255]),['s']
13.0,15.742057154728842,12.815852731285023,13.505177446884705,"tensor([[0.5000]], dtype=torch.float64)",tensor([-255]),['s']
20.0,21.951212119746316,19.52990777697239,19.550540593626554,"tensor([[0.5000]], dtype=torch.float64)",tensor([-255]),['n']
1.0,1.7682373112700323,7.5218322057353815,7.441060121238152,"tensor([[0.5000]], dtype=torch.float64)",tensor([-255]),['s']
45.0,47.82719708769401,44.971996049658244,45.4247798379883,"tensor([[0.5000]], dtype=torch.float64)",tensor([-255]),['s']
43.0,44.277367237336165,43.59843278250688,43.859745050800875,"tensor([[0.5000]], dtype=torch.float64)",tensor([-255]),['n']
48.0,45.47053273571181,48.75597888359756,48.69675324774238,"tensor([[0.5000]], dtype=torch.float64)",tensor([-255]),['s']
29.0,26.837827121277773,28.589094941269863,28.1600597925955,"tensor([[0.5000]], dtype=torch.float64)",tensor([-255]),['s']
23.0,26.720641269622973,22.991446641364117,22.992406464145823,"tensor([[0.5000]], dtype=torch.float64)",tensor([-255]),['s']
47.0,41.589566885549885,47.29464181805848,47.900959298939775,"tensor([[0.5000]], dtype=torch.float64)",tensor([-255]),['n']
46.0,46.828091210895934,46.3205261655918,47.74323903337294,"tensor([[0.5000]], dtype=torch.float64)",tensor([-255]),['n']
54.0,56.035409104505504,53.769562669546424,53.374972734159215,"tensor([[0.5000]], dtype=torch.float64)",tensor([-255]),['s']
5.0,3.2676936451374248,5.010411888301037,5.120197877142397,"tensor([[0.5000]], dtype=torch.float64)",tensor([-255]),['s']
23.0,24.711415266353754,23.21534356291432,22.862875115858913,"tensor([[0.5000]], dtype=torch.float64)",tensor([-255]),['n']
6.0,69.98824774538635,6.18613673117213,6.378614120065821,"tensor([[0.5000]], dtype=torch.float64)",tensor([-255]),['n']
16.0,50.7576847111367,16.179817613457633,16.21680012169006,"tensor([[0.5000]], dtype=torch.float64)",tensor([-255]),['s']
5.0,67.92773492245672,5.2469087752787145,5.084199675427519,"tensor([[0.5000]], dtype=torch.float64)",tensor([-255]),['s']
31.0,27.25320537918456,31.1252324002057,31.04788154720334,"tensor([[0.5000]], dtype=torch.float64)",tensor([-255]),['n']
34.0,31.993196488567477,34.07005350338381,33.00466252826025,"tensor([[0.5000]], dtype=torch.float64)",tensor([-255]),['n']
32.0,29.7172966605186,32.20711242384536,32.28795161329662,"tensor([[0.5000]], dtype=torch.float64)",tensor([-255]),['n']
37.0,35.02406202901425,37.197958547878876,37.28393264505147,"tensor([[0.5000]], dtype=torch.float64)",tensor([-255]),['s']
36.0,35.638093887163706,35.86281615762473,35.802431465844776,"tensor([[0.5000]], dtype=torch.float64)",tensor([-255]),['n']
21.0,21.89109627367536,21.030809915248074,20.94092729737808,"tensor([[0.5000]], dtype=torch.float64)",tensor([-255]),['n']
44.0,34.75895953381913,44.49072520048556,44.70626737740714,"tensor([[0.5000]], dtype=torch.float64)",tensor([-255]),['n']
4.0,4.004094806782314,4.1029528896088685,4.066636250597366,"tensor([[0.5000]], dtype=torch.float64)",tensor([-255]),['s']
66.0,60.65229082738185,65.91959242650525,65.12027888216612,"tensor([[0.5000]], dtype=torch.float64)",tensor([-255]),['n']
44.0,36.08179788038886,44.9182718173303,45.00426302877505,"tensor([[0.5000]], dtype=torch.float64)",tensor([-255]),['s']
43.0,36.05485892646439,43.70853340762379,43.757428247168036,"tensor([[0.5000]], dtype=torch.float64)",tensor([-255]),['s']
11.0,69.41080705934232,11.532656753487146,11.282123146972502,"tensor([[0.5000]], dtype=torch.float64)",tensor([-255]),['s']
34.0,32.49631861167726,34.43906564772001,33.85096447971557,"tensor([[0.5000]], dtype=torch.float64)",tensor([-255]),['n']
12.0,10.026832340536416,11.678908213646817,11.870119794513101,"tensor([[0.5000]], dtype=torch.float64)",tensor([-255]),['n']
39.0,40.74529390641844,38.99692526774712,39.203382194151736,"tensor([[0.5000]], dtype=torch.float64)",tensor([-255]),['s']
60.0,61.153067534547574,59.28404034425262,59.09734160811457,"tensor([[0.5000]], dtype=torch.float64)",tensor([-255]),['n']
36.0,30.349245344179046,35.627691874287365,34.71600399342685,"tensor([[0.5000]], dtype=torch.float64)",tensor([-255]),['n']
3.0,3.2848706728239088,2.815151202071897,2.8291177397132503,"tensor([[0.5000]], dtype=torch.float64)",tensor([-255]),['s']
62.0,59.169199121363576,61.65073598911682,61.100808591041066,"tensor([[0.5000]], dtype=torch.float64)",tensor([-255]),['n']
36.0,37.34715512031616,35.97754711030929,35.923708636124715,"tensor([[0.5000]], dtype=torch.float64)",tensor([-255]),['n']
23.0,23.067588890872926,23.00484683121165,22.89328603737666,"tensor([[0.5000]], dtype=torch.float64)",tensor([-255]),['n']
71.0,67.90654873628513,70.19817991985887,70.41093038280948,"tensor([[0.5000]], dtype=torch.float64)",tensor([-255]),['s']
59.0,55.25140276723977,58.578718069508156,58.136474724966824,"tensor([[0.5000]], dtype=torch.float64)",tensor([-255]),['n']
20.0,39.83869008283176,20.059969663913314,20.015172644934747,"tensor([[0.5000]], dtype=torch.float64)",tensor([-255]),['n']
64.0,61.214497155206644,63.720781841692336,63.433613350580615,"tensor([[0.5000]], dtype=torch.float64)",tensor([-255]),['n']
13.0,23.940956837081337,13.325127161164087,13.377897391205597,"tensor([[0.5000]], dtype=torch.float64)",tensor([-255]),['n']
19.0,19.123157552435845,18.912924694650883,19.033780899457714,"tensor([[0.5000]], dtype=torch.float64)",tensor([-255]),['s']
70.0,3.2004337586551115,69.91892527398014,69.73305534930454,"tensor([[0.5000]], dtype=torch.float64)",tensor([-255]),['n']
41.0,25.027800683375723,41.36442875431736,41.25047531508453,"tensor([[0.5000]], dtype=torch.float64)",tensor([-255]),['n']
0.0,0.54787254027816,0.22279660423466546,0.6268844379681302,"tensor([[0.5000]], dtype=torch.float64)",tensor([-255]),['n']
4.0,4.553162817170801,3.897229285112032,4.287481056728908,"tensor([[0.5000]], dtype=torch.float64)",tensor([-255]),['s']
27.0,26.995077564291066,26.668622073746736,26.242481666884384,"tensor([[0.5000]], dtype=torch.float64)",tensor([-255]),['s']
42.0,44.94811929732609,42.66926043270574,42.80377524060121,"tensor([[0.5000]], dtype=torch.float64)",tensor([-255]),['s']
35.0,31.72538190282066,35.0323891129515,35.198706148017486,"tensor([[0.5000]], dtype=torch.float64)",tensor([-255]),['s']
69.0,65.4633383797602,68.3901867663739,68.23157141173719,"tensor([[0.5000]], dtype=torch.float64)",tensor([-255]),['s']
39.0,36.07325697588726,38.92269952311661,39.30654141848381,"tensor([[0.5000]], dtype=torch.float64)",tensor([-255]),['s']
23.0,25.120062936070966,23.102500287660217,22.94688180608831,"tensor([[0.5000]], dtype=torch.float64)",tensor([-255]),['s']
26.0,24.827978101588265,26.06338028826144,25.967077524323336,"tensor([[0.5000]], dtype=torch.float64)",tensor([-255]),['n']
29.0,27.765839453412642,29.209342732405922,28.94902923997708,"tensor([[0.5000]], dtype=torch.float64)",tensor([-255]),['n']
44.0,44.62415833356825,44.32856290859523,44.632107916486106,"tensor([[0.5000]], dtype=torch.float64)",tensor([-255]),['s']
1.0,5.899944091976762,0.9640728880226384,1.6983057515099047,"tensor([[0.5000]], dtype=torch.float64)",tensor([-255]),['s']
7.0,7.642562805850492,7.191096213204635,7.828015032269274,"tensor([[0.5000]], dtype=torch.float64)",tensor([-255]),['n']
36.0,41.9613044598844,36.00972512591171,35.92423894746436,"tensor([[0.5000]], dtype=torch.float64)",tensor([-255]),['s']
0.0,0.004037897804211714,0.1585761139545776,0.12429091719764665,"tensor([[0.5000]], dtype=torch.float64)",tensor([-255]),['n']
16.0,63.604706735443386,15.886919221238903,15.953341377371505,"tensor([[0.5000]], dtype=torch.float64)",tensor([-255]),['n']
58.0,60.53112359586825,57.377271997107485,57.131370907196995,"tensor([[0.5000]], dtype=torch.float64)",tensor([-255]),['n']
60.0,58.767234248710906,59.92998421048861,59.90385896202285,"tensor([[0.5000]], dtype=torch.float64)",tensor([-255]),['n']
67.0,34.374846546283734,66.76897116246928,66.64295157554484,"tensor([[0.5000]], dtype=torch.float64)",tensor([-255]),['s']
11.0,10.215827461553438,11.488810860440816,11.097633882316805,"tensor([[0.5000]], dtype=torch.float64)",tensor([-255]),['s']
45.0,43.02345958883927,45.83204451292217,45.87678581906907,"tensor([[0.5000]], dtype=torch.float64)",tensor([-255]),['n']
58.0,59.14985056603257,57.87408898003374,57.61555519532218,"tensor([[0.5000]], dtype=torch.float64)",tensor([-255]),['s']
38.0,38.107406633319435,38.70303334527761,38.82662928478453,"tensor([[0.5000]], dtype=torch.float64)",tensor([-255]),['n']
42.0,40.0156383747548,42.30752523270497,43.51678360447062,"tensor([[0.5000]], dtype=torch.float64)",tensor([-255]),['n']
9.0,58.76847064465378,9.484792467228266,9.289899596908487,"tensor([[0.5000]], dtype=torch.float64)",tensor([-255]),['n']
21.0,38.14972127059462,21.15126106134818,20.738332592039406,"tensor([[0.5000]], dtype=torch.float64)",tensor([-255]),['s']
70.0,70.62332211599332,69.93970963948325,69.97359452166019,"tensor([[0.5000]], dtype=torch.float64)",tensor([-255]),['s']
31.0,32.01807096700783,23.26465141886801,30.040162524848828,"tensor([[0.5000]], dtype=torch.float64)",tensor([-255]),['s']
11.0,11.230244473597823,10.977388939303253,11.097498921783565,"tensor([[0.5000]], dtype=torch.float64)",tensor([-255]),['s']
9.0,10.956830336242204,10.84914597188263,10.979781967487108,"tensor([[0.5000]], dtype=torch.float64)",tensor([-255]),['s']
24.0,22.241312921671323,24.07764213795312,23.98366015061426,"tensor([[0.5000]], dtype=torch.float64)",tensor([-255]),['s']
44.0,45.247216472775975,45.53765074059325,46.07711903950928,"tensor([[0.5000]], dtype=torch.float64)",tensor([-255]),['s']
2.0,7.711446767959018,2.071889461496263,2.003255660217646,"tensor([[0.5000]], dtype=torch.float64)",tensor([-255]),['s']
32.0,31.917715693715422,32.234244517771394,31.991243531408973,"tensor([[0.5000]], dtype=torch.float64)",tensor([-255]),['s']
8.0,8.08449524294064,8.017821869157995,8.043858160721355,"tensor([[0.5000]], dtype=torch.float64)",tensor([-255]),['s']
40.0,42.11818897420837,40.39648304579899,40.26689699324542,"tensor([[0.5000]], dtype=torch.float64)",tensor([-255]),['n']
47.0,48.892262046087,47.114711896157395,47.198130544641735,"tensor([[0.5000]], dtype=torch.float64)",tensor([-255]),['n']
37.0,36.24648888049951,37.14991334388886,37.17953334271428,"tensor([[0.5000]], dtype=torch.float64)",tensor([-255]),['s']
20.0,65.93950469636565,20.217287522465067,20.067785626684802,"tensor([[0.5000]], dtype=torch.float64)",tensor([-255]),['s']
51.0,31.291413405640807,51.35462436847396,51.14078738220971,"tensor([[0.5000]], dtype=torch.float64)",tensor([-255]),['s']
68.0,65.16223037425893,67.16509917701894,67.28603316440478,"tensor([[0.5000]], dtype=torch.float64)",tensor([-255]),['s']
12.0,12.963631819958573,12.02364244489468,12.06884396712156,"tensor([[0.5000]], dtype=torch.float64)",tensor([-255]),['s']
24.0,61.69349657509738,24.12360750681728,23.944294267196835,"tensor([[0.5000]], dtype=torch.float64)",tensor([-255]),['s']
17.0,14.286121930952753,17.15665916687868,17.729053875252205,"tensor([[0.5000]], dtype=torch.float64)",tensor([-255]),['s']
55.0,55.050514748230654,54.986378080406766,54.91730608170296,"tensor([[0.5000]], dtype=torch.float64)",tensor([-255]),['n']
32.0,32.36831678052832,31.668431253943933,31.541829207627224,"tensor([[0.5000]], dtype=torch.float64)",tensor([-255]),['s']
59.0,59.047671090742455,58.732561292055706,58.51367748441591,"tensor([[0.5000]], dtype=torch.float64)",tensor([-255]),['n']
46.0,46.874334653632296,46.476515282415754,47.18725482704632,"tensor([[0.5000]], dtype=torch.float64)",tensor([-255]),['n']
69.0,67.95208464374664,68.80974886933257,68.914000105576,"tensor([[0.5000]], dtype=torch.float64)",tensor([-255]),['n']
13.0,10.252844927509713,14.239347772445566,13.186730205983181,"tensor([[0.5000]], dtype=torch.float64)",tensor([-255]),['s']
53.0,52.03988782334226,53.193188706229066,53.27176979576836,"tensor([[0.5000]], dtype=torch.float64)",tensor([-255]),['s']
3.0,5.157897814871632,3.4661445330034963,3.8078048026254954,"tensor([[0.5000]], dtype=torch.float64)",tensor([-255]),['s']
24.0,25.895433214885514,24.184839759400294,24.36668635223015,"tensor([[0.5000]], dtype=torch.float64)",tensor([-255]),['n']
45.0,43.94025876806677,45.80357581230978,45.88985128235619,"tensor([[0.5000]], dtype=torch.float64)",tensor([-255]),['s']
34.0,38.035086580707336,34.025497480635664,33.81700635958664,"tensor([[0.5000]], dtype=torch.float64)",tensor([-255]),['n']
64.0,63.85093564596127,63.236534253843274,63.04145187367956,"tensor([[0.5000]], dtype=torch.float64)",tensor([-255]),['n']
40.0,40.96471556857966,48.63100524252,41.803434568335476,"tensor([[0.5000]], dtype=torch.float64)",tensor([-255]),['s']
8.0,46.1736764776783,7.759084645808624,7.587213656879718,"tensor([[0.5000]], dtype=torch.float64)",tensor([-255]),['s']
53.0,51.931575654243964,53.1991669111335,53.128416234678376,"tensor([[0.5000]], dtype=torch.float64)",tensor([-255]),['n']
66.0,60.76697393275459,63.549062319779495,65.0804552478027,"tensor([[0.5000]], dtype=torch.float64)",tensor([-255]),['s']
42.0,34.141893650439876,42.22433623628134,42.249676421472124,"tensor([[0.5000]], dtype=torch.float64)",tensor([-255]),['s']
69.0,69.32316107107826,68.70675702409655,68.03696677416876,"tensor([[0.5000]], dtype=torch.float64)",tensor([-255]),['s']
43.0,42.66621258607064,43.38200969899427,43.39677802285683,"tensor([[0.5000]], dtype=torch.float64)",tensor([-255]),['s']
70.0,0.9151365482684621,70.03467487533328,69.63384953915224,"tensor([[0.5000]], dtype=torch.float64)",tensor([-255]),['s']
9.0,69.58799071256513,8.931436802443509,9.36638490041713,"tensor([[0.5000]], dtype=torch.float64)",tensor([-255]),['s']
49.0,10.661027731499866,49.58591442784709,49.95926371731183,"tensor([[0.5000]], dtype=torch.float64)",tensor([-255]),['s']
22.0,28.463372801009516,22.187293190477497,22.391631874590985,"tensor([[0.5000]], dtype=torch.float64)",tensor([-255]),['s']
15.0,16.28851392750512,15.554378020823536,15.165738921236676,"tensor([[0.5000]], dtype=torch.float64)",tensor([-255]),['s']
33.0,32.94634616769783,33.497483620807444,33.292158786132305,"tensor([[0.5000]], dtype=torch.float64)",tensor([-255]),['s']
32.0,35.195646781177594,32.217296276413954,31.346878434827843,"tensor([[0.5000]], dtype=torch.float64)",tensor([-255]),['s']
15.0,25.192065682563722,14.922692066731395,14.976763741470535,"tensor([[0.5000]], dtype=torch.float64)",tensor([-255]),['n']
62.0,61.09345194114759,60.94252908010301,61.03819770007246,"tensor([[0.5000]], dtype=torch.float64)",tensor([-255]),['s']
18.0,18.57587678967483,17.817939548801306,17.871621590062233,"tensor([[0.5000]], dtype=torch.float64)",tensor([-255]),['s']
59.0,60.93195748548386,58.382523522395815,58.11219113726684,"tensor([[0.5000]], dtype=torch.float64)",tensor([-255]),['n']
43.0,45.017591367105794,43.30405657268965,43.25281428541489,"tensor([[0.5000]], dtype=torch.float64)",tensor([-255]),['n']
28.0,29.27348020248499,27.795221650839583,26.59419504164132,"tensor([[0.5000]], dtype=torch.float64)",tensor([-255]),['n']
32.0,31.391638428097096,32.27069419033928,31.809619174689953,"tensor([[0.5000]], dtype=torch.float64)",tensor([-255]),['s']
26.0,26.069747826019242,26.06328944151367,26.1313263263168,"tensor([[0.5000]], dtype=torch.float64)",tensor([-255]),['s']
49.0,51.93270487306099,49.24582333192668,49.11760648016841,"tensor([[0.5000]], dtype=torch.float64)",tensor([-255]),['n']
29.0,29.418222658463957,28.875205349252685,28.75106537370226,"tensor([[0.5000]], dtype=torch.float64)",tensor([-255]),['s']
0.0,2.3564536752646292,0.0,0.0,"tensor([[0.5000]], dtype=torch.float64)",tensor([-255]),['n']
67.0,66.83766567331962,18.818593673693556,66.88320145239739,"tensor([[0.5000]], dtype=torch.float64)",tensor([-255]),['s']
1.0,3.2937080227564843,0.6021976361457165,0.5852946861869095,"tensor([[0.5000]], dtype=torch.float64)",tensor([-255]),['s']
41.0,39.819379778930575,41.71709402032151,41.65753613990021,"tensor([[0.5000]], dtype=torch.float64)",tensor([-255]),['n']
43.0,41.620112776841935,43.38728326629122,44.91021910200151,"tensor([[0.5000]], dtype=torch.float64)",tensor([-255]),['n']
55.0,53.796880653967705,54.67367066668125,54.80520680369701,"tensor([[0.5000]], dtype=torch.float64)",tensor([-255]),['n']
67.0,65.59722753258967,67.02819156535541,67.08662039443149,"tensor([[0.5000]], dtype=torch.float64)",tensor([-255]),['s']
13.0,13.04816653293078,12.870444219595655,13.07135907543771,"tensor([[0.5000]], dtype=torch.float64)",tensor([-255]),['s']
54.0,54.017645252402474,53.994888454760485,54.00636306539768,"tensor([[0.5000]], dtype=torch.float64)",tensor([-255]),['n']
33.0,32.1093776850334,32.77960839656181,31.340716201218846,"tensor([[0.5000]], dtype=torch.float64)",tensor([-255]),['n']
5.0,2.4203258095104605,4.612767042649735,4.7805944213575575,"tensor([[0.5000]], dtype=torch.float64)",tensor([-255]),['n']
58.0,59.80242951637034,57.59686972147284,57.17292632433954,"tensor([[0.5000]], dtype=torch.float64)",tensor([-255]),['s']
55.0,56.01850340606768,54.867564415597336,54.912460836066074,"tensor([[0.5000]], dtype=torch.float64)",tensor([-255]),['s']
3.0,1.2005997921568416,2.856751114921749,2.7920946435236593,"tensor([[0.5000]], dtype=torch.float64)",tensor([-255]),['n']
57.0,27.414032058087813,56.4407821021774,56.364835703688,"tensor([[0.5000]], dtype=torch.float64)",tensor([-255]),['s']
44.0,43.16717016038024,44.53027895714543,44.4922194833872,"tensor([[0.5000]], dtype=torch.float64)",tensor([-255]),['n']
39.0,36.77738602318012,39.072585916431414,39.19577570697219,"tensor([[0.5000]], dtype=torch.float64)",tensor([-255]),['s']
59.0,34.215917976600515,58.47715488454049,58.28488260858784,"tensor([[0.5000]], dtype=torch.float64)",tensor([-255]),['n']
59.0,59.68250040301072,58.80181859892747,58.37095476901003,"tensor([[0.5000]], dtype=torch.float64)",tensor([-255]),['n']
31.0,32.69494717962674,30.778045529070585,29.614517710764115,"tensor([[0.5000]], dtype=torch.float64)",tensor([-255]),['n']
69.0,65.92022086734423,69.0728184805659,67.68700033609295,"tensor([[0.5000]], dtype=torch.float64)",tensor([-255]),['n']
47.0,47.637117981669576,47.143019477479676,47.3768905447112,"tensor([[0.5000]], dtype=torch.float64)",tensor([-255]),['s']
4.0,5.321726926725198,3.92495097662093,3.5316192346984043,"tensor([[0.5000]], dtype=torch.float64)",tensor([-255]),['s']
1.0,4.419688077292962,0.8483162432818503,0.0,"tensor([[0.5000]], dtype=torch.float64)",tensor([-255]),['n']
2.0,5.855402523814023,2.0660064629395856,2.492676661989015,"tensor([[0.5000]], dtype=torch.float64)",tensor([-255]),['n']
64.0,63.06134695157214,63.712063702103784,63.7547060140589,"tensor([[0.5000]], dtype=torch.float64)",tensor([-255]),['n']
71.0,10.164854495181686,71.0,71.0,"tensor([[0.5000]], dtype=torch.float64)",tensor([-255]),['s']
34.0,38.62089277563953,34.39670096055251,33.73598436527256,"tensor([[0.5000]], dtype=torch.float64)",tensor([-255]),['s']
45.0,42.28909277236133,45.41049693344752,45.84765859909193,"tensor([[0.5000]], dtype=torch.float64)",tensor([-255]),['n']
56.0,56.29862319465724,55.565464597957664,55.24774559458287,"tensor([[0.5000]], dtype=torch.float64)",tensor([-255]),['n']
65.0,64.27644092076713,64.45187640030868,64.18315349316958,"tensor([[0.5000]], dtype=torch.float64)",tensor([-255]),['n']
58.0,57.97526388113272,57.703723039360305,57.092674739336005,"tensor([[0.5000]], dtype=torch.float64)",tensor([-255]),['s']
18.0,18.12270257069968,17.969868057856345,17.9878531877343,"tensor([[0.5000]], dtype=torch.float64)",tensor([-255]),['s']
32.0,27.7513489059902,32.31151712421441,32.50136191682126,"tensor([[0.5000]], dtype=torch.float64)",tensor([-255]),['s']
64.0,63.15006833135054,63.32683391421124,63.39529096246711,"tensor([[0.5000]], dtype=torch.float64)",tensor([-255]),['s']
33.0,39.519375321228466,32.84813697175987,32.89081487535036,"tensor([[0.5000]], dtype=torch.float64)",tensor([-255]),['s']
55.0,58.73929558528203,54.78877492045575,54.900100763658216,"tensor([[0.5000]], dtype=torch.float64)",tensor([-255]),['n']
40.0,39.58069926865508,40.53349916941504,40.35878679893195,"tensor([[0.5000]], dtype=torch.float64)",tensor([-255]),['n']
69.0,68.75666763621354,68.95222149409129,69.16749318340769,"tensor([[0.5000]], dtype=torch.float64)",tensor([-255]),['n']
11.0,45.19260757196105,10.825510021119157,10.984531412203049,"tensor([[0.5000]], dtype=torch.float64)",tensor([-255]),['s']
42.0,34.144891518265666,42.44933454644923,42.201911831792984,"tensor([[0.5000]], dtype=torch.float64)",tensor([-255]),['s']
58.0,29.483725464439075,58.00577026805908,57.26513666147362,"tensor([[0.5000]], dtype=torch.float64)",tensor([-255]),['n']
16.0,14.79913979081639,15.803030259637222,16.027549792139624,"tensor([[0.5000]], dtype=torch.float64)",tensor([-255]),['s']
51.0,41.14521104174364,51.17436661307801,51.258228445687536,"tensor([[0.5000]], dtype=torch.float64)",tensor([-255]),['s']
25.0,22.502021883279447,25.1118332161672,24.996572017780014,"tensor([[0.5000]], dtype=torch.float64)",tensor([-255]),['n']
66.0,65.00754838843912,65.60972332013274,65.0415775179564,"tensor([[0.5000]], dtype=torch.float64)",tensor([-255]),['n']
45.0,44.98314908638911,45.427752251931274,45.848043122197154,"tensor([[0.5000]], dtype=torch.float64)",tensor([-255]),['n']
41.0,42.29873997732017,41.4548287343604,41.071854206985904,"tensor([[0.5000]], dtype=torch.float64)",tensor([-255]),['s']
29.0,29.799621264947195,29.19542222023532,29.04515605303697,"tensor([[0.5000]], dtype=torch.float64)",tensor([-255]),['n']
13.0,13.489999736579794,12.858056921721445,13.00057005810054,"tensor([[0.5000]], dtype=torch.float64)",tensor([-255]),['n']
71.0,70.92919936111007,70.76862043632285,70.52103093683542,"tensor([[0.5000]], dtype=torch.float64)",tensor([-255]),['s']
51.0,49.2482205369536,51.15533534992675,51.79861689028949,"tensor([[0.5000]], dtype=torch.float64)",tensor([-255]),['s']
53.0,30.939445731925353,53.147501797248886,53.112861856815684,"tensor([[0.5000]], dtype=torch.float64)",tensor([-255]),['n']
32.0,33.59721464292638,27.18513913011955,32.51911814165048,"tensor([[0.5000]], dtype=torch.float64)",tensor([-255]),['s']
69.0,69.98927420655826,68.91573301368733,68.9195330015002,"tensor([[0.5000]], dtype=torch.float64)",tensor([-255]),['s']
46.0,44.095141160677315,46.29923994590496,46.185392860440814,"tensor([[0.5000]], dtype=torch.float64)",tensor([-255]),['s']
53.0,56.252559050254256,53.011625669343196,52.96287426409503,"tensor([[0.5000]], dtype=torch.float64)",tensor([-255]),['s']
65.0,63.96190144716014,64.7242359527561,64.74678521186685,"tensor([[0.5000]], dtype=torch.float64)",tensor([-255]),['n']
11.0,68.14480312138754,11.24035716549198,12.509286392962466,"tensor([[0.5000]], dtype=torch.float64)",tensor([-255]),['s']
9.0,7.580401450508999,10.716632132705657,11.0541889810106,"tensor([[0.5000]], dtype=torch.float64)",tensor([-255]),['s']
5.0,2.2661563200420938,4.715785732453393,4.754824732634953,"tensor([[0.5000]], dtype=torch.float64)",tensor([-255]),['n']
1.0,4.783587798976173,1.0748199422735643,0.9037950667755461,"tensor([[0.5000]], dtype=torch.float64)",tensor([-255]),['n']
48.0,49.308820941231154,48.86135196201787,49.01749135963355,"tensor([[0.5000]], dtype=torch.float64)",tensor([-255]),['s']
56.0,56.2020285961414,55.78505637235087,55.776791800665954,"tensor([[0.5000]], dtype=torch.float64)",tensor([-255]),['s']
63.0,60.16503524217701,62.47333575219665,61.58497343895575,"tensor([[0.5000]], dtype=torch.float64)",tensor([-255]),['n']
47.0,46.91553882000696,47.36484388591381,48.11431787909963,"tensor([[0.5000]], dtype=torch.float64)",tensor([-255]),['n']
46.0,38.098808964919634,46.586101137739085,46.33894230789364,"tensor([[0.5000]], dtype=torch.float64)",tensor([-255]),['s']
50.0,50.07727875158493,50.640201136651015,50.88169888681635,"tensor([[0.5000]], dtype=torch.float64)",tensor([-255]),['s']
23.0,22.951897847825283,22.692625106681994,22.728532324145696,"tensor([[0.5000]], dtype=torch.float64)",tensor([-255]),['n']
60.0,61.49776424321321,59.40609395336768,59.014565346010016,"tensor([[0.5000]], dtype=torch.float64)",tensor([-255]),['n']
3.0,8.833348962573282,2.79529881258071,3.1104576329492204,"tensor([[0.5000]], dtype=torch.float64)",tensor([-255]),['n']
55.0,30.26735523597852,54.981365041280256,54.99278783809853,"tensor([[0.5000]], dtype=torch.float64)",tensor([-255]),['n']
30.0,27.752649554180408,30.382025097421117,29.97909932558004,"tensor([[0.5000]], dtype=torch.float64)",tensor([-255]),['n']
41.0,41.847631709925,41.05383919428098,42.56951555575421,"tensor([[0.5000]], dtype=torch.float64)",tensor([-255]),['n']
42.0,42.943561833704976,42.46489033229195,42.62441487502007,"tensor([[0.5000]], dtype=torch.float64)",tensor([-255]),['n']
61.0,60.52789268038137,60.18824907486011,60.026781827434,"tensor([[0.5000]], dtype=torch.float64)",tensor([-255]),['n']
57.0,56.181837045930706,56.839632103262254,56.556140571756224,"tensor([[0.5000]], dtype=torch.float64)",tensor([-255]),['n']
10.0,9.952434410088589,9.966013290227922,10.680761597146855,"tensor([[0.5000]], dtype=torch.float64)",tensor([-255]),['n']
59.0,56.92095047887622,58.64974079512667,58.10493314230054,"tensor([[0.5000]], dtype=torch.float64)",tensor([-255]),['s']
21.0,21.109605488492406,20.971446772438327,20.950315420118944,"tensor([[0.5000]], dtype=torch.float64)",tensor([-255]),['n']
64.0,64.92373778270212,63.021774669021084,62.9309595090935,"tensor([[0.5000]], dtype=torch.float64)",tensor([-255]),['n']
30.0,28.86923820888321,29.820809133723976,29.937020452776128,"tensor([[0.5000]], dtype=torch.float64)",tensor([-255]),['s']
37.0,37.01698706906693,36.9450958368823,37.37145929206028,"tensor([[0.5000]], dtype=torch.float64)",tensor([-255]),['s']
37.0,35.0811841934228,36.36362592855729,35.70599043697336,"tensor([[0.5000]], dtype=torch.float64)",tensor([-255]),['s']
71.0,1.909214303714764,70.95500277131354,70.86064082136657,"tensor([[0.5000]], dtype=torch.float64)",tensor([-255]),['s']
24.0,25.080159822540253,24.22645103098625,24.10235002298507,"tensor([[0.5000]], dtype=torch.float64)",tensor([-255]),['n']
48.0,45.88842890343505,48.655676093583985,48.63253965178082,"tensor([[0.5000]], dtype=torch.float64)",tensor([-255]),['n']
45.0,45.12858290602871,45.649092037870126,45.42112633598197,"tensor([[0.5000]], dtype=torch.float64)",tensor([-255]),['n']
38.0,42.52209394672987,38.7016100714501,38.18357035612048,"tensor([[0.5000]], dtype=torch.float64)",tensor([-255]),['s']
65.0,65.33045359343309,63.33023626661521,63.519358038793584,"tensor([[0.5000]], dtype=torch.float64)",tensor([-255]),['s']
23.0,24.932350406778376,22.85812358266649,22.982558653772394,"tensor([[0.5000]], dtype=torch.float64)",tensor([-255]),['s']
9.0,9.931126400131983,8.963556054563385,8.980677947607557,"tensor([[0.5000]], dtype=torch.float64)",tensor([-255]),['s']
38.0,40.54103534442519,38.004828009026824,38.501763543712066,"tensor([[0.5000]], dtype=torch.float64)",tensor([-255]),['s']
33.0,33.848868727525996,33.13505588359589,31.697841075931443,"tensor([[0.5000]], dtype=torch.float64)",tensor([-255]),['s']
48.0,38.88090285856711,50.780586222332,49.66274120370764,"tensor([[0.5000]], dtype=torch.float64)",tensor([-255]),['s']
51.0,52.28913552147917,51.16596769907585,51.220533745858994,"tensor([[0.5000]], dtype=torch.float64)",tensor([-255]),['n']
32.0,33.96190200130916,32.102724090492664,32.061388255440995,"tensor([[0.5000]], dtype=torch.float64)",tensor([-255]),['n']
70.0,68.24965780501824,68.98947490890426,68.27428157952109,"tensor([[0.5000]], dtype=torch.float64)",tensor([-255]),['s']
38.0,31.826595061708392,37.873795472557354,38.860407687171815,"tensor([[0.5000]], dtype=torch.float64)",tensor([-255]),['s']
25.0,25.716943955853672,25.001020265056358,25.014860064941743,"tensor([[0.5000]], dtype=torch.float64)",tensor([-255]),['n']
11.0,11.92640662938819,10.905459565257614,10.950781286781183,"tensor([[0.5000]], dtype=torch.float64)",tensor([-255]),['n']
65.0,2.2382189725997073,59.156069112123944,64.05025303121784,"tensor([[0.5000]], dtype=torch.float64)",tensor([-255]),['s']
56.0,7.982209039198418,55.91343704091272,55.871885387925445,"tensor([[0.5000]], dtype=torch.float64)",tensor([-255]),['s']
48.0,45.73069530869536,48.824610709592164,48.84297423426308,"tensor([[0.5000]], dtype=torch.float64)",tensor([-255]),['n']
17.0,15.763085123965457,16.941298614228568,16.977690404716654,"tensor([[0.5000]], dtype=torch.float64)",tensor([-255]),['n']
16.0,14.475803531917125,15.874575403576305,15.99149575145857,"tensor([[0.5000]], dtype=torch.float64)",tensor([-255]),['n']
70.0,66.73285534577164,69.69188301251889,69.35599310263338,"tensor([[0.5000]], dtype=torch.float64)",tensor([-255]),['n']
2.0,5.920625587154321,3.235423483805415,3.789479283734685,"tensor([[0.5000]], dtype=torch.float64)",tensor([-255]),['s']
52.0,26.866857248026484,52.25310272925396,52.19237252927077,"tensor([[0.5000]], dtype=torch.float64)",tensor([-255]),['s']
48.0,32.22739814440932,48.75785204364944,48.7719999140544,"tensor([[0.5000]], dtype=torch.float64)",tensor([-255]),['s']
50.0,36.750951731706806,50.61369962027485,50.82504275510182,"tensor([[0.5000]], dtype=torch.float64)",tensor([-255]),['s']
33.0,34.81578009226689,33.71697948693565,33.15580534664992,"tensor([[0.5000]], dtype=torch.float64)",tensor([-255]),['s']
51.0,51.962312117095465,51.14771642859023,51.63342005323474,"tensor([[0.5000]], dtype=torch.float64)",tensor([-255]),['s']
34.0,34.38251077479666,34.12768499211922,33.88209431018953,"tensor([[0.5000]], dtype=torch.float64)",tensor([-255]),['s']
66.0,11.2523097864573,65.5089422046735,65.69880734008346,"tensor([[0.5000]], dtype=torch.float64)",tensor([-255]),['s']
48.0,46.848385945818876,48.34484869941742,48.75307629855404,"tensor([[0.5000]], dtype=torch.float64)",tensor([-255]),['n']
24.0,26.61436480263763,23.963127821076935,23.073491451987294,"tensor([[0.5000]], dtype=torch.float64)",tensor([-255]),['n']
15.0,15.55486910047275,15.350889263343904,15.14124350276991,"tensor([[0.5000]], dtype=torch.float64)",tensor([-255]),['n']
11.0,4.386549012486146,11.072528001670664,11.115274117193357,"tensor([[0.5000]], dtype=torch.float64)",tensor([-255]),['n']
67.0,64.92422487840813,66.2376778453112,65.70307684370846,"tensor([[0.5000]], dtype=torch.float64)",tensor([-255]),['s']
7.0,6.734445157080287,10.767577850288852,8.281181199123674,"tensor([[0.5000]], dtype=torch.float64)",tensor([-255]),['s']
63.0,1.8399320414506593,62.78623101125454,62.78276524792126,"tensor([[0.5000]], dtype=torch.float64)",tensor([-255]),['s']
40.0,41.412472595345186,40.46883501747285,40.51048858608194,"tensor([[0.5000]], dtype=torch.float64)",tensor([-255]),['n']
66.0,61.98626748538972,65.95006111112227,65.57869123637687,"tensor([[0.5000]], dtype=torch.float64)",tensor([-255]),['s']
65.0,63.34607984398063,64.4752676697541,64.00258843006296,"tensor([[0.5000]], dtype=torch.float64)",tensor([-255]),['s']
52.0,50.19443187588776,52.35657737281716,52.17015443220188,"tensor([[0.5000]], dtype=torch.float64)",tensor([-255]),['n']
65.0,63.97188594342167,64.77124423847188,62.78923127164316,"tensor([[0.5000]], dtype=torch.float64)",tensor([-255]),['n']
21.0,24.18454641093893,20.82943867322221,20.941780578089386,"tensor([[0.5000]], dtype=torch.float64)",tensor([-255]),['s']
53.0,50.78084917884789,53.18604952285229,53.157905254173244,"tensor([[0.5000]], dtype=torch.float64)",tensor([-255]),['s']
27.0,27.67771209807509,27.09063079729385,27.056850447910513,"tensor([[0.5000]], dtype=torch.float64)",tensor([-255]),['s']
49.0,49.95825711653299,49.23509255094863,49.43111563264604,"tensor([[0.5000]], dtype=torch.float64)",tensor([-255]),['n']
8.0,7.890100260987587,7.617046875651519,7.337883244341678,"tensor([[0.5000]], dtype=torch.float64)",tensor([-255]),['s']
37.0,38.10955441569401,36.926041295480175,36.80775270740456,"tensor([[0.5000]], dtype=torch.float64)",tensor([-255]),['s']
6.0,1.3719615103661766,5.863639953785215,6.033647647199061,"tensor([[0.5000]], dtype=torch.float64)",tensor([-255]),['n']
50.0,51.622733367562205,50.233924551697406,50.88048284616116,"tensor([[0.5000]], dtype=torch.float64)",tensor([-255]),['s']
12.0,45.76909513090664,11.95966867830809,12.333748209973042,"tensor([[0.5000]], dtype=torch.float64)",tensor([-255]),['n']
11.0,10.752909902559248,11.116837068158764,11.228381330045512,"tensor([[0.5000]], dtype=torch.float64)",tensor([-255]),['s']
57.0,59.35954044904469,56.42245819089452,56.15736923601962,"tensor([[0.5000]], dtype=torch.float64)",tensor([-255]),['n']
69.0,1.7537554654785956,68.6744259310087,68.14866111657767,"tensor([[0.5000]], dtype=torch.float64)",tensor([-255]),['s']
65.0,66.11801091427378,64.79503250608697,65.06137005422816,"tensor([[0.5000]], dtype=torch.float64)",tensor([-255]),['n']
30.0,28.727060088939396,30.20723929770169,30.159048759376045,"tensor([[0.5000]], dtype=torch.float64)",tensor([-255]),['n']
33.0,36.81928171979266,33.29277760209031,33.01803572755484,"tensor([[0.5000]], dtype=torch.float64)",tensor([-255]),['n']
40.0,35.986744004297954,46.407632990093866,41.04354900443713,"tensor([[0.5000]], dtype=torch.float64)",tensor([-255]),['s']
16.0,15.531410408864087,16.111423381492642,16.310771860099365,"tensor([[0.5000]], dtype=torch.float64)",tensor([-255]),['n']
56.0,29.078739382552993,55.81328311319658,55.803287009617364,"tensor([[0.5000]], dtype=torch.float64)",tensor([-255]),['s']
39.0,41.62564287417371,39.198695007587965,39.48722346956948,"tensor([[0.5000]], dtype=torch.float64)",tensor([-255]),['n']
1.0,6.998724951018131,1.2198256491489947,1.5240422246189054,"tensor([[0.5000]], dtype=torch.float64)",tensor([-255]),['n']
19.0,21.037817715170114,18.922229919176925,18.902322924698197,"tensor([[0.5000]], dtype=torch.float64)",tensor([-255]),['n']
28.0,29.382708320394634,27.762880702852073,27.49066675194043,"tensor([[0.5000]], dtype=torch.float64)",tensor([-255]),['s']
9.0,9.073656849077002,8.966257474995286,9.849073066077278,"tensor([[0.5000]], dtype=torch.float64)",tensor([-255]),['n']
19.0,21.18266175921563,19.07243338158459,18.9136638930675,"tensor([[0.5000]], dtype=torch.float64)",tensor([-255]),['s']
68.0,68.16801243133108,67.81631595485781,68.65978846986522,"tensor([[0.5000]], dtype=torch.float64)",tensor([-255]),['n']
11.0,9.026372207922657,11.381456373674128,11.418550359815148,"tensor([[0.5000]], dtype=torch.float64)",tensor([-255]),['n']
22.0,63.2508378667426,22.073345281504128,21.878448122615836,"tensor([[0.5000]], dtype=torch.float64)",tensor([-255]),['n']
56.0,56.006387415464665,55.6464096636135,55.876675691079335,"tensor([[0.5000]], dtype=torch.float64)",tensor([-255]),['s']
52.0,50.04530910765021,52.09708274618561,52.08045737011423,"tensor([[0.5000]], dtype=torch.float64)",tensor([-255]),['n']
1.0,1.9798859420324413,1.3272131415237816,1.9949001838675209,"tensor([[0.5000]], dtype=torch.float64)",tensor([-255]),['n']
44.0,46.86536936444999,44.12299999439948,43.975485864179525,"tensor([[0.5000]], dtype=torch.float64)",tensor([-255]),['s']
51.0,50.724435708605185,51.562121253754164,51.96025594477589,"tensor([[0.5000]], dtype=torch.float64)",tensor([-255]),['s']
27.0,24.057561980339127,27.23638977088941,27.340379122044705,"tensor([[0.5000]], dtype=torch.float64)",tensor([-255]),['n']
46.0,37.071428284793186,46.27063293057907,46.21774614846798,"tensor([[0.5000]], dtype=torch.float64)",tensor([-255]),['s']
36.0,36.9429395027379,35.87800664368201,36.60075943461328,"tensor([[0.5000]], dtype=torch.float64)",tensor([-255]),['s']
27.0,29.54617613440179,27.482645719274398,27.377057881734665,"tensor([[0.5000]], dtype=torch.float64)",tensor([-255]),['s']
25.0,34.243737083869306,24.51727832454868,24.92828417871365,"tensor([[0.5000]], dtype=torch.float64)",tensor([-255]),['s']
50.0,51.95752782417158,50.33553819817911,50.896433226451194,"tensor([[0.5000]], dtype=torch.float64)",tensor([-255]),['s']
23.0,23.77035676558358,22.839357667726095,22.625162293551078,"tensor([[0.5000]], dtype=torch.float64)",tensor([-255]),['n']
5.0,5.288546006471739,4.905771826052523,4.891316842702653,"tensor([[0.5000]], dtype=torch.float64)",tensor([-255]),['s']
0.0,67.96502604376562,0.0,0.0,"tensor([[0.5000]], dtype=torch.float64)",tensor([-255]),['n']
27.0,28.915573627693487,27.17251699412839,27.060885428457027,"tensor([[0.5000]], dtype=torch.float64)",tensor([-255]),['s']
7.0,9.026539840804215,7.361366111781677,8.22930563998831,"tensor([[0.5000]], dtype=torch.float64)",tensor([-255]),['n']
30.0,35.08781027608349,30.31914502656858,30.173601274583447,"tensor([[0.5000]], dtype=torch.float64)",tensor([-255]),['s']
52.0,28.67645072335539,51.93484665385547,52.14460379341666,"tensor([[0.5000]], dtype=torch.float64)",tensor([-255]),['s']
4.0,4.463121999672075,4.011208886314532,4.7394813457911225,"tensor([[0.5000]], dtype=torch.float64)",tensor([-255]),['n']
7.0,7.7903896457994914,7.021391977570584,7.19377367540221,"tensor([[0.5000]], dtype=torch.float64)",tensor([-255]),['s']
23.0,22.92915954841931,24.04169279265426,23.850059193547363,"tensor([[0.5000]], dtype=torch.float64)",tensor([-255]),['s']
26.0,27.067370468858662,26.119944266364307,25.4659517155158,"tensor([[0.5000]], dtype=torch.float64)",tensor([-255]),['s']
56.0,58.82464570804884,55.977565082382306,55.65078452455715,"tensor([[0.5000]], dtype=torch.float64)",tensor([-255]),['s']
45.0,45.917931943988705,45.59417937458206,45.56049618947828,"tensor([[0.5000]], dtype=torch.float64)",tensor([-255]),['n']
14.0,14.942705076206051,13.64818648053289,13.965965405704674,"tensor([[0.5000]], dtype=torch.float64)",tensor([-255]),['s']
37.0,35.50453934694225,37.02442251674413,37.230718850050636,"tensor([[0.5000]], dtype=torch.float64)",tensor([-255]),['n']
3.0,6.198390686838248,2.0802644783479116,1.7668826814391068,"tensor([[0.5000]], dtype=torch.float64)",tensor([-255]),['s']
15.0,15.016564195811,15.190094747199256,15.53835561509754,"tensor([[0.5000]], dtype=torch.float64)",tensor([-255]),['s']
21.0,61.91110772023937,21.24323768647151,21.12592138811996,"tensor([[0.5000]], dtype=torch.float64)",tensor([-255]),['n']
8.0,11.116970170987141,9.08441242166288,8.755665999122863,"tensor([[0.5000]], dtype=torch.float64)",tensor([-255]),['n']
40.0,36.12529421579039,39.87849629238845,39.92924690367485,"tensor([[0.5000]], dtype=torch.float64)",tensor([-255]),['n']
5.0,3.8349581026380175,5.5316400549723665,5.667087236286698,"tensor([[0.5000]], dtype=torch.float64)",tensor([-255]),['n']
3.0,4.03514232746695,2.710102219567269,2.9367380004705748,"tensor([[0.5000]], dtype=torch.float64)",tensor([-255]),['s']
52.0,52.18810410136332,52.30282934169534,52.201104712687666,"tensor([[0.5000]], dtype=torch.float64)",tensor([-255]),['n']
50.0,50.032048906410104,50.65665711586752,50.91957333048036,"tensor([[0.5000]], dtype=torch.float64)",tensor([-255]),['n']
46.0,45.14101322217312,46.813757246647164,46.95912858673536,"tensor([[0.5000]], dtype=torch.float64)",tensor([-255]),['s']
42.0,42.86563265358778,42.28183627812053,43.92656380748001,"tensor([[0.5000]], dtype=torch.float64)",tensor([-255]),['n']
2.0,3.036483916231655,1.7303594110516136,1.8505972499418653,"tensor([[0.5000]], dtype=torch.float64)",tensor([-255]),['n']
23.0,23.233304918545965,23.068584350399668,22.126118392261827,"tensor([[0.5000]], dtype=torch.float64)",tensor([-255]),['s']
47.0,49.356966535133765,47.70289319890621,48.212659028591425,"tensor([[0.5000]], dtype=torch.float64)",tensor([-255]),['n']
53.0,50.83531424660386,53.428236018923926,53.13897802443099,"tensor([[0.5000]], dtype=torch.float64)",tensor([-255]),['s']
2.0,7.865317901869908,1.9362368584790854,1.8746394313776436,"tensor([[0.5000]], dtype=torch.float64)",tensor([-255]),['s']
54.0,51.989456574338845,54.02636492336051,54.16439748742613,"tensor([[0.5000]], dtype=torch.float64)",tensor([-255]),['s']
44.0,34.14407686465554,44.47901084861768,44.475732188547205,"tensor([[0.5000]], dtype=torch.float64)",tensor([-255]),['n']
71.0,70.6787822915822,70.96465401268796,0.0,"tensor([[0.5000]], dtype=torch.float64)",tensor([-255]),['n']
13.0,10.981056788249788,13.153320485393362,13.01325355005009,"tensor([[0.5000]], dtype=torch.float64)",tensor([-255]),['n']
68.0,68.81735145024817,67.41710765146233,67.34227838874843,"tensor([[0.5000]], dtype=torch.float64)",tensor([-255]),['n']
37.0,31.080428815305815,37.531504546934364,38.328622766204035,"tensor([[0.5000]], dtype=torch.float64)",tensor([-255]),['n']
33.0,30.234456036520086,33.041480708375346,32.22978448524258,"tensor([[0.5000]], dtype=torch.float64)",tensor([-255]),['n']
10.0,7.220403479182749,9.371632362257124,9.424221880257342,"tensor([[0.5000]], dtype=torch.float64)",tensor([-255]),['n']
12.0,8.924276916356954,12.204786057007112,13.190204775176985,"tensor([[0.5000]], dtype=torch.float64)",tensor([-255]),['n']
51.0,49.04857874278696,51.372856158697466,51.533959950431665,"tensor([[0.5000]], dtype=torch.float64)",tensor([-255]),['n']
38.0,33.63825871497234,38.06032890685132,38.3025287753649,"tensor([[0.5000]], dtype=torch.float64)",tensor([-255]),['n']
13.0,11.910612319780167,13.089987617166743,13.764357700110084,"tensor([[0.5000]], dtype=torch.float64)",tensor([-255]),['n']
60.0,57.93555133248201,59.65816200858193,59.81115775881595,"tensor([[0.5000]], dtype=torch.float64)",tensor([-255]),['n']
18.0,17.97188001165302,18.015597155310694,17.99501262438909,"tensor([[0.5000]], dtype=torch.float64)",tensor([-255]),['s']
71.0,69.95255546780686,70.77062377896002,70.78730260747206,"tensor([[0.5000]], dtype=torch.float64)",tensor([-255]),['n']
47.0,48.37718283611445,47.09573875503562,47.654763148606534,"tensor([[0.5000]], dtype=torch.float64)",tensor([-255]),['s']
56.0,55.98004954639193,55.34279000503734,55.62475113483205,"tensor([[0.5000]], dtype=torch.float64)",tensor([-255]),['s']
69.0,70.78945614258157,68.70293102483355,68.73987501898537,"tensor([[0.5000]], dtype=torch.float64)",tensor([-255]),['s']
21.0,23.110339749225133,21.20950622368799,20.879482960912235,"tensor([[0.5000]], dtype=torch.float64)",tensor([-255]),['n']
16.0,15.847617217640122,15.84111077421274,15.892295294335282,"tensor([[0.5000]], dtype=torch.float64)",tensor([-255]),['s']
13.0,13.039274926009067,13.123573789908347,13.00663299740204,"tensor([[0.5000]], dtype=torch.float64)",tensor([-255]),['s']
22.0,23.09256661160884,22.48806034794905,22.369706872482276,"tensor([[0.5000]], dtype=torch.float64)",tensor([-255]),['s']
11.0,10.714452199805741,10.738301481017592,11.188843417240946,"tensor([[0.5000]], dtype=torch.float64)",tensor([-255]),['s']
57.0,37.24049969890105,56.52161241093258,56.668572663950506,"tensor([[0.5000]], dtype=torch.float64)",tensor([-255]),['n']
4.0,3.206646812651224,4.021793285455962,4.666008494786257,"tensor([[0.5000]], dtype=torch.float64)",tensor([-255]),['n']
50.0,47.501005389208245,50.306247457911965,50.201447330120374,"tensor([[0.5000]], dtype=torch.float64)",tensor([-255]),['s']
65.0,66.12396453847583,64.66501683169193,64.64156989640163,"tensor([[0.5000]], dtype=torch.float64)",tensor([-255]),['n']
33.0,33.208310730902106,33.0391570001963,33.01593547782385,"tensor([[0.5000]], dtype=torch.float64)",tensor([-255]),['s']
30.0,26.219019430360177,30.344636154475676,30.192037384188737,"tensor([[0.5000]], dtype=torch.float64)",tensor([-255]),['s']
17.0,69.82196973695044,17.053138900055984,17.005783582159122,"tensor([[0.5000]], dtype=torch.float64)",tensor([-255]),['n']
4.0,3.6521669859652377,3.665515393456449,4.026175451914238,"tensor([[0.5000]], dtype=torch.float64)",tensor([-255]),['n']
45.0,46.88292715975081,45.79705703313211,45.82468486359667,"tensor([[0.5000]], dtype=torch.float64)",tensor([-255]),['n']
8.0,7.82705312349954,8.472239687836243,8.419794955428154,"tensor([[0.5000]], dtype=torch.float64)",tensor([-255]),['n']
61.0,61.25950770713274,59.77139099445103,59.97404563899866,"tensor([[0.5000]], dtype=torch.float64)",tensor([-255]),['s']
46.0,36.233400749033656,46.555533742459716,47.492458085529,"tensor([[0.5000]], dtype=torch.float64)",tensor([-255]),['s']
69.0,65.5616902320051,68.89754777488736,68.01390335164922,"tensor([[0.5000]], dtype=torch.float64)",tensor([-255]),['n']
22.0,35.642875689362725,21.90032490357458,21.89237879580185,"tensor([[0.5000]], dtype=torch.float64)",tensor([-255]),['s']
52.0,50.64398631493357,52.1696452866418,52.72990301744255,"tensor([[0.5000]], dtype=torch.float64)",tensor([-255]),['n']
26.0,25.138544538597657,26.728485969219143,26.715520100126326,"tensor([[0.5000]], dtype=torch.float64)",tensor([-255]),['s']
2.0,2.646026876213491,1.9295150356409954,1.7887839309558413,"tensor([[0.5000]], dtype=torch.float64)",tensor([-255]),['s']
69.0,67.21217444793467,68.77712418618452,68.56420111838754,"tensor([[0.5000]], dtype=torch.float64)",tensor([-255]),['n']
27.0,29.712527322059913,26.634540224286116,26.882823284817785,"tensor([[0.5000]], dtype=torch.float64)",tensor([-255]),['n']
67.0,65.1222158819212,66.32378696807744,66.30651801411283,"tensor([[0.5000]], dtype=torch.float64)",tensor([-255]),['n']
1.0,3.8609178442344794,1.4902625403271537,1.7491012026489987,"tensor([[0.5000]], dtype=torch.float64)",tensor([-255]),['n']
51.0,50.29700637793178,51.57539857549605,51.89467834147385,"tensor([[0.5000]], dtype=torch.float64)",tensor([-255]),['n']
47.0,33.04101834116315,48.03234225505561,48.020282657212924,"tensor([[0.5000]], dtype=torch.float64)",tensor([-255]),['s']
13.0,11.609048471660827,13.25235972343704,13.750939368327252,"tensor([[0.5000]], dtype=torch.float64)",tensor([-255]),['s']
39.0,38.80075246918612,39.41946100453972,39.8886721036173,"tensor([[0.5000]], dtype=torch.float64)",tensor([-255]),['n']
10.0,15.068354795829947,9.646909250891897,9.756568187344682,"tensor([[0.5000]], dtype=torch.float64)",tensor([-255]),['s']
12.0,8.262048082059543,11.752935075989928,12.227178411201098,"tensor([[0.5000]], dtype=torch.float64)",tensor([-255]),['n']
31.0,30.080028693859653,31.270329366839814,31.311931771866504,"tensor([[0.5000]], dtype=torch.float64)",tensor([-255]),['s']
33.0,29.718273453642844,32.84758157461676,31.145662735782953,"tensor([[0.5000]], dtype=torch.float64)",tensor([-255]),['s']
32.0,33.324874891256535,32.10955735288124,32.07513952519553,"tensor([[0.5000]], dtype=torch.float64)",tensor([-255]),['n']
36.0,32.51717204317489,35.05005350407671,33.943724471678884,"tensor([[0.5000]], dtype=torch.float64)",tensor([-255]),['s']
3.0,5.828549636015186,3.716701054014023,4.366490968701814,"tensor([[0.5000]], dtype=torch.float64)",tensor([-255]),['n']
16.0,14.045711438403114,16.145246821412314,16.110274511688353,"tensor([[0.5000]], dtype=torch.float64)",tensor([-255]),['n']
33.0,33.13263395667739,33.27370127085613,33.22569461237091,"tensor([[0.5000]], dtype=torch.float64)",tensor([-255]),['s']
42.0,41.857392011605825,42.430714566779564,42.710452387388415,"tensor([[0.5000]], dtype=torch.float64)",tensor([-255]),['s']
3.0,5.195921456426621,2.978581178079652,3.5577191893296805,"tensor([[0.5000]], dtype=torch.float64)",tensor([-255]),['n']
57.0,56.912268274786676,56.66638253135017,56.57402554338564,"tensor([[0.5000]], dtype=torch.float64)",tensor([-255]),['s']
31.0,33.657400532023885,30.61726202155475,30.109057050205454,"tensor([[0.5000]], dtype=torch.float64)",tensor([-255]),['s']
57.0,59.226952692842325,56.861607750138425,56.24576149438717,"tensor([[0.5000]], dtype=torch.float64)",tensor([-255]),['s']
42.0,40.462549467238496,46.48904139980755,45.34902961626073,"tensor([[0.5000]], dtype=torch.float64)",tensor([-255]),['s']
7.0,5.768594209258906,6.837470128712932,10.177381599976892,"tensor([[0.5000]], dtype=torch.float64)",tensor([-255]),['s']
42.0,33.95511833109185,42.66685144044966,42.94065346328928,"tensor([[0.5000]], dtype=torch.float64)",tensor([-255]),['n']
20.0,20.02910218220719,19.869331243134525,19.933000775632657,"tensor([[0.5000]], dtype=torch.float64)",tensor([-255]),['s']
54.0,55.422175737085084,53.8453481200403,53.902184118607096,"tensor([[0.5000]], dtype=torch.float64)",tensor([-255]),['s']
26.0,24.089212313830444,25.81823125666607,25.703334560644407,"tensor([[0.5000]], dtype=torch.float64)",tensor([-255]),['n']
38.0,33.89701492449321,38.353553429794374,38.95280227829806,"tensor([[0.5000]], dtype=torch.float64)",tensor([-255]),['s']
7.0,6.925361690939448,6.952031785498637,6.907210336130457,"tensor([[0.5000]], dtype=torch.float64)",tensor([-255]),['n']
69.0,68.20704485291553,69.05160164734184,69.1578267309689,"tensor([[0.5000]], dtype=torch.float64)",tensor([-255]),['n']
44.0,42.97850687270903,44.531548513119226,44.777059288561006,"tensor([[0.5000]], dtype=torch.float64)",tensor([-255]),['s']
28.0,29.479606464468596,28.240195064259034,27.746899800811015,"tensor([[0.5000]], dtype=torch.float64)",tensor([-255]),['n']
63.0,62.057868221089436,62.58719802163486,61.2728635991187,"tensor([[0.5000]], dtype=torch.float64)",tensor([-255]),['n']
69.0,69.8391476462782,68.99310870217288,68.84749098699474,"tensor([[0.5000]], dtype=torch.float64)",tensor([-255]),['n']
67.0,65.96200101773518,66.21479543452276,67.61783658105695,"tensor([[0.5000]], dtype=torch.float64)",tensor([-255]),['s']
22.0,21.694189236318525,22.166050274360142,21.916680717855822,"tensor([[0.5000]], dtype=torch.float64)",tensor([-255]),['s']
64.0,62.01685598023713,63.40914335958674,62.61958343385075,"tensor([[0.5000]], dtype=torch.float64)",tensor([-255]),['s']
12.0,68.64585575436716,13.570292354609508,13.55581390300758,"tensor([[0.5000]], dtype=torch.float64)",tensor([-255]),['s']
22.0,20.88725857655489,22.19166235047024,22.038339141013633,"tensor([[0.5000]], dtype=torch.float64)",tensor([-255]),['s']
14.0,14.183258633922811,14.29615319681053,14.777604395828137,"tensor([[0.5000]], dtype=torch.float64)",tensor([-255]),['s']
9.0,11.758227257210507,8.377735458505082,8.328872730573222,"tensor([[0.5000]], dtype=torch.float64)",tensor([-255]),['n']
68.0,66.24950019159759,62.29780867011225,65.03366312460726,"tensor([[0.5000]], dtype=torch.float64)",tensor([-255]),['s']
27.0,59.16474067665018,26.84944304529939,26.942360266484666,"tensor([[0.5000]], dtype=torch.float64)",tensor([-255]),['n']
46.0,46.64860504786513,46.101049572498475,47.28249029597528,"tensor([[0.5000]], dtype=torch.float64)",tensor([-255]),['n']
4.0,3.1552479908810867,4.100910376353038,4.599215237909685,"tensor([[0.5000]], dtype=torch.float64)",tensor([-255]),['n']
55.0,52.900733662500116,54.86964319177113,54.957712983651334,"tensor([[0.5000]], dtype=torch.float64)",tensor([-255]),['n']
20.0,67.37819828397068,20.13031247247465,19.899069196933947,"tensor([[0.5000]], dtype=torch.float64)",tensor([-255]),['s']
6.0,9.236156429322467,6.417891674037672,6.606665859783838,"tensor([[0.5000]], dtype=torch.float64)",tensor([-255]),['s']
55.0,56.13222305079464,54.88760008246905,54.972268681140285,"tensor([[0.5000]], dtype=torch.float64)",tensor([-255]),['n']
56.0,59.043173275174524,55.704218987786035,55.84291228252873,"tensor([[0.5000]], dtype=torch.float64)",tensor([-255]),['n']
39.0,27.85413358049321,39.00506790473969,39.1936797118538,"tensor([[0.5000]], dtype=torch.float64)",tensor([-255]),['s']
34.0,37.13236734399263,33.56517959786505,33.59768256539436,"tensor([[0.5000]], dtype=torch.float64)",tensor([-255]),['s']
67.0,66.14918065078268,67.04247948734556,67.02325080823789,"tensor([[0.5000]], dtype=torch.float64)",tensor([-255]),['s']
31.0,31.189728281428074,30.880163954071914,30.666515713389025,"tensor([[0.5000]], dtype=torch.float64)",tensor([-255]),['n']
16.0,14.978483657924986,15.47345394831846,16.045789489704685,"tensor([[0.5000]], dtype=torch.float64)",tensor([-255]),['s']
58.0,59.16820051829501,57.52748494609064,57.288021801609176,"tensor([[0.5000]], dtype=torch.float64)",tensor([-255]),['s']
14.0,15.677532050931895,13.65088622013967,14.083071925822491,"tensor([[0.5000]], dtype=torch.float64)",tensor([-255]),['s']
16.0,15.932947934093715,16.09435864641904,16.0224560593603,"tensor([[0.5000]], dtype=torch.float64)",tensor([-255]),['s']
58.0,33.391158205271665,57.79255714700272,57.90021118942448,"tensor([[0.5000]], dtype=torch.float64)",tensor([-255]),['n']
32.0,32.82328811156731,31.881183899205297,30.973974064608797,"tensor([[0.5000]], dtype=torch.float64)",tensor([-255]),['n']
63.0,62.754351379663355,62.173602844651235,61.87245863403028,"tensor([[0.5000]], dtype=torch.float64)",tensor([-255]),['s']
24.0,23.79070657802034,24.299339334958066,24.16198487422429,"tensor([[0.5000]], dtype=torch.float64)",tensor([-255]),['s']
52.0,18.44650110090318,52.17689017074822,52.08725300405622,"tensor([[0.5000]], dtype=torch.float64)",tensor([-255]),['s']
34.0,27.472685546994157,33.85661247165016,33.81952489166566,"tensor([[0.5000]], dtype=torch.float64)",tensor([-255]),['n']
46.0,46.17910797797812,46.61186491125015,46.95711959906591,"tensor([[0.5000]], dtype=torch.float64)",tensor([-255]),['s']
33.0,39.781006563391294,33.040938065548275,32.94226508881394,"tensor([[0.5000]], dtype=torch.float64)",tensor([-255]),['n']
3.0,7.778301904645854,2.99052483795645,3.00477289750641,"tensor([[0.5000]], dtype=torch.float64)",tensor([-255]),['n']
20.0,20.950419940231157,20.178332375171614,20.139913791682105,"tensor([[0.5000]], dtype=torch.float64)",tensor([-255]),['n']
53.0,55.97275638178503,52.604649521561235,52.97671643514937,"tensor([[0.5000]], dtype=torch.float64)",tensor([-255]),['s']
34.0,35.96547188398652,34.123418408825906,33.59619982474131,"tensor([[0.5000]], dtype=torch.float64)",tensor([-255]),['s']
65.0,66.81065008110525,64.50216303966353,64.6482644705344,"tensor([[0.5000]], dtype=torch.float64)",tensor([-255]),['n']
66.0,66.3506984619853,65.90033602258895,64.79533147359173,"tensor([[0.5000]], dtype=torch.float64)",tensor([-255]),['n']
19.0,19.04456457391172,18.889947598542456,18.994823657968407,"tensor([[0.5000]], dtype=torch.float64)",tensor([-255]),['n']
61.0,60.1196900817341,60.442826573066,60.184460852904,"tensor([[0.5000]], dtype=torch.float64)",tensor([-255]),['n']
53.0,52.006910686327586,53.10049900837882,53.063497462844204,"tensor([[0.5000]], dtype=torch.float64)",tensor([-255]),['n']
41.0,43.80818511105066,41.512479327789585,41.31908350017203,"tensor([[0.5000]], dtype=torch.float64)",tensor([-255]),['n']
37.0,34.94074293706818,37.089742277279704,37.207108062797204,"tensor([[0.5000]], dtype=torch.float64)",tensor([-255]),['n']
12.0,10.878434900215836,11.631751624695823,11.904417841492759,"tensor([[0.5000]], dtype=torch.float64)",tensor([-255]),['s']
52.0,28.147392753838353,51.95810627237266,51.98134789746665,"tensor([[0.5000]], dtype=torch.float64)",tensor([-255]),['n']
0.0,70.27692438835166,0.0,0.0,"tensor([[0.5000]], dtype=torch.float64)",tensor([-255]),['n']
4.0,7.895942306787797,3.7759081681963913,4.333207865695539,"tensor([[0.5000]], dtype=torch.float64)",tensor([-255]),['n']
36.0,45.20173514301946,36.003629250803776,36.044141535756474,"tensor([[0.5000]], dtype=torch.float64)",tensor([-255]),['s']
23.0,27.975332320324853,22.415137439497826,22.713523000818665,"tensor([[0.5000]], dtype=torch.float64)",tensor([-255]),['n']
60.0,4.002206278344949,59.4721385926199,59.0966857221414,"tensor([[0.5000]], dtype=torch.float64)",tensor([-255]),['n']
3.0,3.393513855762458,2.0816532703485016,3.545052931189383,"tensor([[0.5000]], dtype=torch.float64)",tensor([-255]),['s']
59.0,56.11288312770611,58.87468450332053,58.93392141953965,"tensor([[0.5000]], dtype=torch.float64)",tensor([-255]),['s']
34.0,32.245681205527795,34.185222096218006,34.51557313248049,"tensor([[0.5000]], dtype=torch.float64)",tensor([-255]),['s']
58.0,56.90648655753185,57.53706220825564,57.24297197666393,"tensor([[0.5000]], dtype=torch.float64)",tensor([-255]),['n']
52.0,52.07880388324416,52.45600927174066,52.58478970045265,"tensor([[0.5000]], dtype=torch.float64)",tensor([-255]),['s']
33.0,32.04455647113344,33.04984729767574,33.01913922760816,"tensor([[0.5000]], dtype=torch.float64)",tensor([-255]),['s']
49.0,9.654374455710853,49.42686980175165,49.82537155460208,"tensor([[0.5000]], dtype=torch.float64)",tensor([-255]),['s']
18.0,17.868042740399968,18.176242289096383,18.128974318432373,"tensor([[0.5000]], dtype=torch.float64)",tensor([-255]),['s']
27.0,29.091434930420206,26.968933503787643,26.955286055194886,"tensor([[0.5000]], dtype=torch.float64)",tensor([-255]),['n']
39.0,31.172617590147375,39.077836146010995,39.016104657739,"tensor([[0.5000]], dtype=torch.float64)",tensor([-255]),['n']
4.0,3.4788656382972443,3.92564549298542,3.920338369352881,"tensor([[0.5000]], dtype=torch.float64)",tensor([-255]),['s']
60.0,62.09597272902069,59.738196056148766,59.03802029375377,"tensor([[0.5000]], dtype=torch.float64)",tensor([-255]),['n']
22.0,22.825838701290163,22.104657126189114,21.66174309892827,"tensor([[0.5000]], dtype=torch.float64)",tensor([-255]),['s']
33.0,31.793767881989005,32.953401572643116,32.8845698602581,"tensor([[0.5000]], dtype=torch.float64)",tensor([-255]),['n']
31.0,33.59343011497987,30.432179405513654,30.34229498036703,"tensor([[0.5000]], dtype=torch.float64)",tensor([-255]),['n']
5.0,5.8377527526183215,5.632327651786139,5.3337190049584295,"tensor([[0.5000]], dtype=torch.float64)",tensor([-255]),['s']
49.0,49.63414825043161,49.69565204183845,49.900682149840556,"tensor([[0.5000]], dtype=torch.float64)",tensor([-255]),['s']
43.0,40.2621523974911,43.25048324543265,45.223879499738764,"tensor([[0.5000]], dtype=torch.float64)",tensor([-255]),['n']
61.0,60.760378308127656,60.155734916934,60.03061141100344,"tensor([[0.5000]], dtype=torch.float64)",tensor([-255]),['n']
7.0,7.096208745039342,6.640220760072353,6.70130869820565,"tensor([[0.5000]], dtype=torch.float64)",tensor([-255]),['n']
39.0,40.73867434567775,38.96869391998996,40.83017107272972,"tensor([[0.5000]], dtype=torch.float64)",tensor([-255]),['n']
3.0,2.9437095365852257,2.5692783265622814,2.5725384802734106,"tensor([[0.5000]], dtype=torch.float64)",tensor([-255]),['s']
40.0,35.03633157910262,40.15508232189581,40.22310048429941,"tensor([[0.5000]], dtype=torch.float64)",tensor([-255]),['n']
26.0,30.207367781837412,26.20629370801481,26.10589931362759,"tensor([[0.5000]], dtype=torch.float64)",tensor([-255]),['n']
3.0,4.11263509378915,3.3867195515458297,3.208438277851397,"tensor([[0.5000]], dtype=torch.float64)",tensor([-255]),['s']
15.0,14.682139919788693,15.145141562428778,15.108704047822094,"tensor([[0.5000]], dtype=torch.float64)",tensor([-255]),['n']
1.0,8.668556196191595,1.036331556760625,1.294587686977596,"tensor([[0.5000]], dtype=torch.float64)",tensor([-255]),['n']
45.0,41.4351467739696,46.47584168415386,46.74041998247909,"tensor([[0.5000]], dtype=torch.float64)",tensor([-255]),['s']
14.0,68.14631156517392,14.092863250164719,13.993879954266916,"tensor([[0.5000]], dtype=torch.float64)",tensor([-255]),['s']
30.0,29.83853902872425,29.83676942914037,29.62815794274139,"tensor([[0.5000]], dtype=torch.float64)",tensor([-255]),['n']
0.0,68.30804065623919,0.0,71.0,"tensor([[0.5000]], dtype=torch.float64)",tensor([-255]),['n']
7.0,4.7742687629939,6.386486320859675,6.407240077752949,"tensor([[0.5000]], dtype=torch.float64)",tensor([-255]),['n']
19.0,19.90507750605459,18.45560114013748,18.55492629209163,"tensor([[0.5000]], dtype=torch.float64)",tensor([-255]),['s']
11.0,11.117962424915167,10.38422061400804,11.682574868184876,"tensor([[0.5000]], dtype=torch.float64)",tensor([-255]),['n']
4.0,2.3879663083224765,4.608322779805934,4.432335827915939,"tensor([[0.5000]], dtype=torch.float64)",tensor([-255]),['s']
24.0,29.682203801349498,23.739769772467472,23.69292812815941,"tensor([[0.5000]], dtype=torch.float64)",tensor([-255]),['n']
6.0,69.97770859751328,5.2970251103974775,6.609421572542732,"tensor([[0.5000]], dtype=torch.float64)",tensor([-255]),['s']
53.0,52.19512007137648,53.041963736025096,53.04264903108875,"tensor([[0.5000]], dtype=torch.float64)",tensor([-255]),['s']
44.0,45.707567297028774,45.03463701625014,44.91548237106157,"tensor([[0.5000]], dtype=torch.float64)",tensor([-255]),['s']
31.0,30.211328629529817,31.15167134860703,30.890576654528797,"tensor([[0.5000]], dtype=torch.float64)",tensor([-255]),['n']
63.0,63.018497326535595,61.59467360887579,61.19332609918146,"tensor([[0.5000]], dtype=torch.float64)",tensor([-255]),['s']
39.0,43.76365854286726,39.17836009352397,39.02787174437319,"tensor([[0.5000]], dtype=torch.float64)",tensor([-255]),['n']
43.0,36.40437523756565,43.42972446260096,47.230943559057394,"tensor([[0.5000]], dtype=torch.float64)",tensor([-255]),['n']
16.0,15.916769822308632,16.142893829690465,16.044751890535533,"tensor([[0.5000]], dtype=torch.float64)",tensor([-255]),['s']
37.0,33.73826681048351,36.85168655550094,37.087689690028306,"tensor([[0.5000]], dtype=torch.float64)",tensor([-255]),['s']
35.0,35.632707134365546,35.216272029286365,35.612833443836585,"tensor([[0.5000]], dtype=torch.float64)",tensor([-255]),['s']
41.0,30.06722435671211,40.90505225738268,42.18225736667534,"tensor([[0.5000]], dtype=torch.float64)",tensor([-255]),['s']
46.0,42.069471136020546,46.69569759856797,46.83643732585848,"tensor([[0.5000]], dtype=torch.float64)",tensor([-255]),['s']
33.0,37.32163608201539,33.12632662101206,32.83517952818512,"tensor([[0.5000]], dtype=torch.float64)",tensor([-255]),['s']
65.0,61.53698992180948,64.37615995207626,63.67252837759854,"tensor([[0.5000]], dtype=torch.float64)",tensor([-255]),['n']
28.0,27.026830128414602,27.51848886044161,26.388766316680456,"tensor([[0.5000]], dtype=torch.float64)",tensor([-255]),['n']
2.0,1.9516142960429477,1.6834923159393436,1.408278787779857,"tensor([[0.5000]], dtype=torch.float64)",tensor([-255]),['n']
61.0,60.42056673863446,60.71348445574763,60.54716785546327,"tensor([[0.5000]], dtype=torch.float64)",tensor([-255]),['s']
37.0,36.08322517321541,37.04116596963451,39.22522331763025,"tensor([[0.5000]], dtype=torch.float64)",tensor([-255]),['s']
66.0,63.877076715741886,65.59459494013231,61.78160590999673,"tensor([[0.5000]], dtype=torch.float64)",tensor([-255]),['s']
38.0,33.81292927975058,37.98860499838111,38.608504988094545,"tensor([[0.5000]], dtype=torch.float64)",tensor([-255]),['s']
59.0,59.12136947600938,58.76618923695556,58.81239059700112,"tensor([[0.5000]], dtype=torch.float64)",tensor([-255]),['n']
41.0,37.306842476065704,41.11169284459197,42.577097763383165,"tensor([[0.5000]], dtype=torch.float64)",tensor([-255]),['s']
64.0,64.10786294843808,62.44975069758349,60.91187929608451,"tensor([[0.5000]], dtype=torch.float64)",tensor([-255]),['n']
16.0,15.128756012696803,15.791328562224313,15.962566696960307,"tensor([[0.5000]], dtype=torch.float64)",tensor([-255]),['s']
54.0,53.87180781361985,54.06550760348841,54.04879014843392,"tensor([[0.5000]], dtype=torch.float64)",tensor([-255]),['s']
10.0,9.989333755348959,9.668743412665627,9.885270811323846,"tensor([[0.5000]], dtype=torch.float64)",tensor([-255]),['s']
39.0,40.569550645154706,39.57239498455894,39.065109883361394,"tensor([[0.5000]], dtype=torch.float64)",tensor([-255]),['n']
18.0,17.57138934973425,18.207249430180596,18.086253094223196,"tensor([[0.5000]], dtype=torch.float64)",tensor([-255]),['s']
32.0,33.039912510751265,31.955201109600033,32.1079836209937,"tensor([[0.5000]], dtype=torch.float64)",tensor([-255]),['s']
60.0,61.28308148265231,59.63022432785514,59.86202156058935,"tensor([[0.5000]], dtype=torch.float64)",tensor([-255]),['n']
40.0,35.9880328921485,40.00752976755667,40.31066189938087,"tensor([[0.5000]], dtype=torch.float64)",tensor([-255]),['s']
40.0,36.25300719628512,40.17492064424968,40.33191985339696,"tensor([[0.5000]], dtype=torch.float64)",tensor([-255]),['s']
42.0,33.02832516582065,50.16737307328396,46.92588373282984,"tensor([[0.5000]], dtype=torch.float64)",tensor([-255]),['s']
42.0,42.53980490727512,42.8143322542457,42.86328665231487,"tensor([[0.5000]], dtype=torch.float64)",tensor([-255]),['s']
15.0,16.066755661013527,15.042411510709973,15.00777291139664,"tensor([[0.5000]], dtype=torch.float64)",tensor([-255]),['s']
48.0,47.09328486530775,48.59471427596008,48.91660269443521,"tensor([[0.5000]], dtype=torch.float64)",tensor([-255]),['n']
25.0,28.063876688486538,25.318906487602852,25.00391761701729,"tensor([[0.5000]], dtype=torch.float64)",tensor([-255]),['s']
58.0,7.971152524176526,57.34642114082547,57.0876680125828,"tensor([[0.5000]], dtype=torch.float64)",tensor([-255]),['n']
25.0,24.969994663833113,24.519034849666728,24.275286395945443,"tensor([[0.5000]], dtype=torch.float64)",tensor([-255]),['s']
18.0,17.943110231961846,17.67340222293631,17.804795565632627,"tensor([[0.5000]], dtype=torch.float64)",tensor([-255]),['n']
1.0,1.3011235487491293,0.9958069236094395,1.4723453623488751,"tensor([[0.5000]], dtype=torch.float64)",tensor([-255]),['n']
42.0,45.030534273915734,42.51543290720085,42.71290100991599,"tensor([[0.5000]], dtype=torch.float64)",tensor([-255]),['s']
68.0,64.16080081790517,67.62741325581757,67.60171218336153,"tensor([[0.5000]], dtype=torch.float64)",tensor([-255]),['n']
58.0,56.163785646560825,57.821746675020066,57.927496624268294,"tensor([[0.5000]], dtype=torch.float64)",tensor([-255]),['n']
37.0,42.112305370243845,36.95787038305211,36.65316212161493,"tensor([[0.5000]], dtype=torch.float64)",tensor([-255]),['n']
24.0,21.441684889265833,23.985243420833736,23.367775160200342,"tensor([[0.5000]], dtype=torch.float64)",tensor([-255]),['s']
29.0,27.211365425982216,28.42430966134756,28.28145498496056,"tensor([[0.5000]], dtype=torch.float64)",tensor([-255]),['n']
6.0,7.907012976247763,5.076704105431188,5.773805683364521,"tensor([[0.5000]], dtype=torch.float64)",tensor([-255]),['s']
21.0,20.179096656144285,21.046070248216342,21.033096154284454,"tensor([[0.5000]], dtype=torch.float64)",tensor([-255]),['s']
14.0,10.934446153008317,14.08513916379723,14.129950736446947,"tensor([[0.5000]], dtype=torch.float64)",tensor([-255]),['s']
4.0,6.0193113315444515,4.958627088077547,3.9545896047908613,"tensor([[0.5000]], dtype=torch.float64)",tensor([-255]),['s']
52.0,38.02568694941073,52.02745700914541,52.03323577177395,"tensor([[0.5000]], dtype=torch.float64)",tensor([-255]),['s']
49.0,51.96308405067112,49.25453177754232,49.60945285463343,"tensor([[0.5000]], dtype=torch.float64)",tensor([-255]),['n']
8.0,68.71984499300225,7.921768429607198,8.318485016571797,"tensor([[0.5000]], dtype=torch.float64)",tensor([-255]),['n']
26.0,34.85143526607082,26.12839540577226,25.986041247313445,"tensor([[0.5000]], dtype=torch.float64)",tensor([-255]),['n']
6.0,6.792383309042082,5.657326968497972,5.844508980469021,"tensor([[0.5000]], dtype=torch.float64)",tensor([-255]),['s']
45.0,47.82334894178577,45.410589256299275,45.682416881796684,"tensor([[0.5000]], dtype=torch.float64)",tensor([-255]),['s']
24.0,24.219166312575872,24.22059657523217,24.131068900185063,"tensor([[0.5000]], dtype=torch.float64)",tensor([-255]),['n']
60.0,57.569215623969534,59.966338748138966,60.111788334404984,"tensor([[0.5000]], dtype=torch.float64)",tensor([-255]),['n']
13.0,14.182781930896887,12.599748984864947,12.431136928175016,"tensor([[0.5000]], dtype=torch.float64)",tensor([-255]),['n']
36.0,34.96987952341848,35.81675115790809,34.52177792818997,"tensor([[0.5000]], dtype=torch.float64)",tensor([-255]),['s']
62.0,61.25518103566314,61.157316278960806,61.114842107309784,"tensor([[0.5000]], dtype=torch.float64)",tensor([-255]),['n']
34.0,34.586011034374415,33.93668537434263,34.105893911903244,"tensor([[0.5000]], dtype=torch.float64)",tensor([-255]),['n']
22.0,20.484894450419784,21.716853047724474,21.667540108857132,"tensor([[0.5000]], dtype=torch.float64)",tensor([-255]),['n']
3.0,4.829966535788668,3.1931969395627378,3.092589094872298,"tensor([[0.5000]], dtype=torch.float64)",tensor([-255]),['n']
11.0,10.040631662151679,10.440353155868312,10.67397210667062,"tensor([[0.5000]], dtype=torch.float64)",tensor([-255]),['n']
65.0,65.91673621976557,64.77716167265815,64.56547022121867,"tensor([[0.5000]], dtype=torch.float64)",tensor([-255]),['n']
42.0,37.050540799492296,42.08199862909489,41.942836358723845,"tensor([[0.5000]], dtype=torch.float64)",tensor([-255]),['s']
56.0,55.8355920100251,55.38349292316586,55.35830749313295,"tensor([[0.5000]], dtype=torch.float64)",tensor([-255]),['n']
57.0,56.32448625486187,56.59725597786985,56.59659480800929,"tensor([[0.5000]], dtype=torch.float64)",tensor([-255]),['s']
34.0,31.817946827670077,33.119816176126406,33.81393392849979,"tensor([[0.5000]], dtype=torch.float64)",tensor([-255]),['n']
30.0,29.31849307944424,29.8816848529311,29.401708867417998,"tensor([[0.5000]], dtype=torch.float64)",tensor([-255]),['s']
42.0,42.875088050456924,41.93638208600518,42.00129848676673,"tensor([[0.5000]], dtype=torch.float64)",tensor([-255]),['s']
60.0,60.375621490535224,59.227661051834176,59.04761434065991,"tensor([[0.5000]], dtype=torch.float64)",tensor([-255]),['n']
27.0,28.559458238616923,26.402653597924818,26.634165586723533,"tensor([[0.5000]], dtype=torch.float64)",tensor([-255]),['s']
68.0,64.24222182724829,68.12882866082064,68.2871549936315,"tensor([[0.5000]], dtype=torch.float64)",tensor([-255]),['n']
31.0,27.457501124525557,30.70198508394258,30.154702995316534,"tensor([[0.5000]], dtype=torch.float64)",tensor([-255]),['n']
63.0,58.97182745192965,62.573295910228076,62.57597448130301,"tensor([[0.5000]], dtype=torch.float64)",tensor([-255]),['n']
64.0,39.99005133627845,61.80780402527117,61.61636648461319,"tensor([[0.5000]], dtype=torch.float64)",tensor([-255]),['s']
51.0,39.18690739721669,51.204786588546234,51.767564775245816,"tensor([[0.5000]], dtype=torch.float64)",tensor([-255]),['s']
4.0,3.1603293166393644,9.914997481566562,4.563686988684203,"tensor([[0.5000]], dtype=torch.float64)",tensor([-255]),['s']
22.0,61.81790610841432,21.803876377427983,21.698422354231585,"tensor([[0.5000]], dtype=torch.float64)",tensor([-255]),['s']
67.0,44.98680520881063,66.33386824684803,66.41731412448556,"tensor([[0.5000]], dtype=torch.float64)",tensor([-255]),['s']
2.0,5.710885553904957,1.746745445652194,1.9437444041172982,"tensor([[0.5000]], dtype=torch.float64)",tensor([-255]),['s']
44.0,36.184444278063914,44.2743308655039,44.300652615007735,"tensor([[0.5000]], dtype=torch.float64)",tensor([-255]),['n']
55.0,56.873325805924395,55.017705652664745,54.87323131660628,"tensor([[0.5000]], dtype=torch.float64)",tensor([-255]),['s']
50.0,36.14934148086758,50.525440672661645,51.05107661957273,"tensor([[0.5000]], dtype=torch.float64)",tensor([-255]),['s']
16.0,55.90158085548964,15.807430367948172,16.007923545919564,"tensor([[0.5000]], dtype=torch.float64)",tensor([-255]),['n']
56.0,8.25766400183587,55.553334750977044,55.10922167491046,"tensor([[0.5000]], dtype=torch.float64)",tensor([-255]),['n']
19.0,20.08682859463871,19.006959278244313,19.004421296834497,"tensor([[0.5000]], dtype=torch.float64)",tensor([-255]),['n']
54.0,53.815560631501334,53.894755623236975,53.98255417281919,"tensor([[0.5000]], dtype=torch.float64)",tensor([-255]),['s']
2.0,4.303935505668465,1.5086599427603011,1.986032790526626,"tensor([[0.5000]], dtype=torch.float64)",tensor([-255]),['s']
27.0,25.957040546668715,27.319107623090062,27.50558511857459,"tensor([[0.5000]], dtype=torch.float64)",tensor([-255]),['s']
36.0,34.02227469306585,35.91583814616063,36.20826674689536,"tensor([[0.5000]], dtype=torch.float64)",tensor([-255]),['s']
6.0,9.61598017242073,5.800530449810847,5.862127162920554,"tensor([[0.5000]], dtype=torch.float64)",tensor([-255]),['n']
18.0,19.945989274497798,18.163400224690573,18.09551637271334,"tensor([[0.5000]], dtype=torch.float64)",tensor([-255]),['n']
51.0,29.283053689671505,51.27933197190491,51.144109433953794,"tensor([[0.5000]], dtype=torch.float64)",tensor([-255]),['n']
19.0,21.905506530161958,19.029491532184103,18.996792226669253,"tensor([[0.5000]], dtype=torch.float64)",tensor([-255]),['n']
48.0,46.98218209904839,48.19324605775321,48.15780114234916,"tensor([[0.5000]], dtype=torch.float64)",tensor([-255]),['s']
46.0,45.86177475957142,46.742234907266806,46.95556406994518,"tensor([[0.5000]], dtype=torch.float64)",tensor([-255]),['n']
0.0,70.71255510771525,1.3331315298517534,1.9365769803104222,"tensor([[0.5000]], dtype=torch.float64)",tensor([-255]),['n']
5.0,6.909302257595833,4.436032890614641,5.133056292973232,"tensor([[0.5000]], dtype=torch.float64)",tensor([-255]),['n']
42.0,43.19472807151021,42.6072182595986,42.531700448026015,"tensor([[0.5000]], dtype=torch.float64)",tensor([-255]),['s']
23.0,37.25170053949448,22.59231221650249,22.495469631602717,"tensor([[0.5000]], dtype=torch.float64)",tensor([-255]),['n']
59.0,59.040946387106324,58.533537458039135,58.0370501675579,"tensor([[0.5000]], dtype=torch.float64)",tensor([-255]),['n']
60.0,61.90142594450502,59.176640941224164,59.11245459924162,"tensor([[0.5000]], dtype=torch.float64)",tensor([-255]),['n']
32.0,34.35659927088848,31.790333998426966,31.798432123765032,"tensor([[0.5000]], dtype=torch.float64)",tensor([-255]),['n']
8.0,7.3038923845434,7.613851455691614,7.81755100264181,"tensor([[0.5000]], dtype=torch.float64)",tensor([-255]),['s']
17.0,16.510187072701946,16.95686517193498,16.95553412996911,"tensor([[0.5000]], dtype=torch.float64)",tensor([-255]),['n']
9.0,9.948734480391906,9.023706780479674,9.20478917646348,"tensor([[0.5000]], dtype=torch.float64)",tensor([-255]),['s']
17.0,60.838701022266484,17.560178090686968,17.201728787946962,"tensor([[0.5000]], dtype=torch.float64)",tensor([-255]),['s']
43.0,42.95366717819273,43.916693888142305,43.78618789693814,"tensor([[0.5000]], dtype=torch.float64)",tensor([-255]),['s']
18.0,19.725614994802246,17.782650212676227,17.93454571553403,"tensor([[0.5000]], dtype=torch.float64)",tensor([-255]),['s']
57.0,57.74919311107232,56.485265705668425,56.70030077049971,"tensor([[0.5000]], dtype=torch.float64)",tensor([-255]),['s']
70.0,70.39447280767686,70.10961093994193,69.70287131600377,"tensor([[0.5000]], dtype=torch.float64)",tensor([-255]),['s']
70.0,3.1167061091644643,70.0445770831863,70.09361930707156,"tensor([[0.5000]], dtype=torch.float64)",tensor([-255]),['n']
29.0,27.113210209351564,29.20724390209916,28.184829550365727,"tensor([[0.5000]], dtype=torch.float64)",tensor([-255]),['n']
28.0,32.017483617375305,27.225242016054416,26.95614250418609,"tensor([[0.5000]], dtype=torch.float64)",tensor([-255]),['s']
69.0,67.92294310177861,68.99902059116354,68.32124577409905,"tensor([[0.5000]], dtype=torch.float64)",tensor([-255]),['s']
11.0,10.670548454603804,10.766951356916913,10.89638965768398,"tensor([[0.5000]], dtype=torch.float64)",tensor([-255]),['n']
44.0,45.37913631706591,44.57211414839733,44.66485859885113,"tensor([[0.5000]], dtype=torch.float64)",tensor([-255]),['s']
26.0,27.061290221222663,25.854472647576614,25.873488900264,"tensor([[0.5000]], dtype=torch.float64)",tensor([-255]),['n']
18.0,17.80385817178295,17.763044320674684,17.83161266850128,"tensor([[0.5000]], dtype=torch.float64)",tensor([-255]),['n']
40.0,40.5528197701795,40.6403738072969,40.88778496746012,"tensor([[0.5000]], dtype=torch.float64)",tensor([-255]),['n']
28.0,33.27975123376612,27.897273623628536,27.60967764111114,"tensor([[0.5000]], dtype=torch.float64)",tensor([-255]),['n']
56.0,56.376307641977206,55.71552672040383,55.94009768949834,"tensor([[0.5000]], dtype=torch.float64)",tensor([-255]),['s']
13.0,9.20718961665327,12.797485327866916,12.967572318116373,"tensor([[0.5000]], dtype=torch.float64)",tensor([-255]),['n']
46.0,47.589957465855036,46.50612644749048,46.89902862584431,"tensor([[0.5000]], dtype=torch.float64)",tensor([-255]),['n']
22.0,41.27497157054785,22.069488886840155,22.0352164263762,"tensor([[0.5000]], dtype=torch.float64)",tensor([-255]),['n']
62.0,62.08963404991074,60.970106780254135,61.60545353542038,"tensor([[0.5000]], dtype=torch.float64)",tensor([-255]),['n']
13.0,9.179636039528264,13.621953788866131,13.147617689774133,"tensor([[0.5000]], dtype=torch.float64)",tensor([-255]),['s']
15.0,10.650456295730315,15.289370781203555,14.866170113602562,"tensor([[0.5000]], dtype=torch.float64)",tensor([-255]),['n']
29.0,29.721082464328816,29.467872142222074,29.35984092022619,"tensor([[0.5000]], dtype=torch.float64)",tensor([-255]),['n']
63.0,61.99086217153638,62.657917241634415,62.18870976346014,"tensor([[0.5000]], dtype=torch.float64)",tensor([-255]),['n']
4.0,6.849449884102373,3.951644254582262,4.12688806233931,"tensor([[0.5000]], dtype=torch.float64)",tensor([-255]),['n']
19.0,21.708315061734208,19.04300181401347,18.97800941153496,"tensor([[0.5000]], dtype=torch.float64)",tensor([-255]),['n']
12.0,12.191498226125923,11.540550273384362,12.276616379779465,"tensor([[0.5000]], dtype=torch.float64)",tensor([-255]),['s']
8.0,7.196762950307482,7.947762929966932,8.219970464970528,"tensor([[0.5000]], dtype=torch.float64)",tensor([-255]),['s']
51.0,32.12251268823732,51.405678792667864,51.72233735260454,"tensor([[0.5000]], dtype=torch.float64)",tensor([-255]),['s']
60.0,58.995327384643794,59.65787289892311,58.71620917068477,"tensor([[0.5000]], dtype=torch.float64)",tensor([-255]),['s']
42.0,43.61450303011928,42.56869196950661,42.76264104706519,"tensor([[0.5000]], dtype=torch.float64)",tensor([-255]),['n']
38.0,34.94974156162127,38.19833879712034,38.104104469123065,"tensor([[0.5000]], dtype=torch.float64)",tensor([-255]),['n']
54.0,9.233683192936411,54.03164527976337,53.99330577074521,"tensor([[0.5000]], dtype=torch.float64)",tensor([-255]),['s']
48.0,45.2411340292691,48.58203085402461,14.007285171966252,"tensor([[0.5000]], dtype=torch.float64)",tensor([-255]),['n']
54.0,53.97949527270587,53.863637908017076,53.97361561436232,"tensor([[0.5000]], dtype=torch.float64)",tensor([-255]),['s']
70.0,69.01886963675148,70.05092762919813,69.36038442363291,"tensor([[0.5000]], dtype=torch.float64)",tensor([-255]),['n']
27.0,29.35400061759347,26.964880837394745,26.291318990585676,"tensor([[0.5000]], dtype=torch.float64)",tensor([-255]),['n']
1.0,0.08718798364403352,0.7229683944612706,0.8772395823667829,"tensor([[0.5000]], dtype=torch.float64)",tensor([-255]),['s']
5.0,6.3588018836158975,8.907749511658997,5.437471513888512,"tensor([[0.5000]], dtype=torch.float64)",tensor([-255]),['s']
43.0,44.197692182841365,44.30011655106204,44.129937272107924,"tensor([[0.5000]], dtype=torch.float64)",tensor([-255]),['s']
60.0,28.341281022762747,59.819898496518746,59.63187824870057,"tensor([[0.5000]], dtype=torch.float64)",tensor([-255]),['s']
66.0,69.60298015986804,65.57742459948277,65.45966604188457,"tensor([[0.5000]], dtype=torch.float64)",tensor([-255]),['s']
66.0,63.82714067141018,65.51927436994227,65.17720428967891,"tensor([[0.5000]], dtype=torch.float64)",tensor([-255]),['n']
58.0,58.88703160933383,57.71193660947754,57.23292310691598,"tensor([[0.5000]], dtype=torch.float64)",tensor([-255]),['s']
42.0,40.58167084798824,42.52254756337801,43.037034903758226,"tensor([[0.5000]], dtype=torch.float64)",tensor([-255]),['s']
55.0,29.34402848423718,54.94036491759369,54.962637416186666,"tensor([[0.5000]], dtype=torch.float64)",tensor([-255]),['s']
34.0,35.96228966245304,34.018542616814614,33.220461936386904,"tensor([[0.5000]], dtype=torch.float64)",tensor([-255]),['n']
8.0,4.612062985871012,7.876634055491396,8.520501218339945,"tensor([[0.5000]], dtype=torch.float64)",tensor([-255]),['s']
69.0,68.02845478303502,69.0571038767733,68.99369275270347,"tensor([[0.5000]], dtype=torch.float64)",tensor([-255]),['s']
59.0,61.50325141312031,58.49885057007645,58.41955510884862,"tensor([[0.5000]], dtype=torch.float64)",tensor([-255]),['n']
55.0,51.44481498320451,55.11501880849984,55.02760094066834,"tensor([[0.5000]], dtype=torch.float64)",tensor([-255]),['n']
55.0,31.298882980110108,54.923930729880105,55.00255720378618,"tensor([[0.5000]], dtype=torch.float64)",tensor([-255]),['n']
14.0,56.081285129929206,14.456875900517245,14.442412460302739,"tensor([[0.5000]], dtype=torch.float64)",tensor([-255]),['n']
57.0,56.15035072767655,55.58410346657251,56.20445439198299,"tensor([[0.5000]], dtype=torch.float64)",tensor([-255]),['s']
67.0,67.30754211902095,66.57227716098129,66.54257186217116,"tensor([[0.5000]], dtype=torch.float64)",tensor([-255]),['s']
7.0,4.024341070673987,6.752982099489272,7.0996002394160955,"tensor([[0.5000]], dtype=torch.float64)",tensor([-255]),['n']
24.0,44.139805738071956,24.05440037081902,23.925466929232662,"tensor([[0.5000]], dtype=torch.float64)",tensor([-255]),['s']
51.0,48.9419330551165,51.48173367262795,51.88248045273681,"tensor([[0.5000]], dtype=torch.float64)",tensor([-255]),['s']
7.0,8.144618668136053,5.614108855064097,8.55874854532106,"tensor([[0.5000]], dtype=torch.float64)",tensor([-255]),['s']
31.0,29.3586195587234,30.78140318431967,30.255630385721727,"tensor([[0.5000]], dtype=torch.float64)",tensor([-255]),['s']
51.0,52.226164030518845,51.419108468009014,51.687505986302284,"tensor([[0.5000]], dtype=torch.float64)",tensor([-255]),['n']
23.0,24.371525669758363,23.035924698818533,22.911365611580905,"tensor([[0.5000]], dtype=torch.float64)",tensor([-255]),['s']
7.0,9.550463709424871,10.729675288063877,10.044732563690735,"tensor([[0.5000]], dtype=torch.float64)",tensor([-255]),['s']
59.0,59.10994799754528,58.303405892454144,58.01970042259818,"tensor([[0.5000]], dtype=torch.float64)",tensor([-255]),['s']
44.0,47.062878737141006,44.66912586479869,44.78570203788678,"tensor([[0.5000]], dtype=torch.float64)",tensor([-255]),['s']
33.0,36.1617700676952,32.69598622031348,31.825178612353177,"tensor([[0.5000]], dtype=torch.float64)",tensor([-255]),['s']
52.0,8.793100513870277,52.151502593650356,52.46026167579019,"tensor([[0.5000]], dtype=torch.float64)",tensor([-255]),['s']
16.0,58.974121345708,16.011540535153838,15.981093767722232,"tensor([[0.5000]], dtype=torch.float64)",tensor([-255]),['n']
34.0,35.859704159746066,34.053104158165304,33.881412585556006,"tensor([[0.5000]], dtype=torch.float64)",tensor([-255]),['s']
45.0,47.005197488144255,45.942121183068934,45.989726695358144,"tensor([[0.5000]], dtype=torch.float64)",tensor([-255]),['n']
19.0,16.046733470356664,18.90910089745639,18.942520350176885,"tensor([[0.5000]], dtype=torch.float64)",tensor([-255]),['s']
71.0,70.68365971773463,71.0,71.0,"tensor([[0.5000]], dtype=torch.float64)",tensor([-255]),['n']
52.0,30.42984813574926,52.598586765002565,52.79527100315528,"tensor([[0.5000]], dtype=torch.float64)",tensor([-255]),['s']
66.0,67.35533273613399,65.3700175890343,64.19872676701996,"tensor([[0.5000]], dtype=torch.float64)",tensor([-255]),['s']
29.0,27.149856597399843,28.64309482814435,28.213891970620658,"tensor([[0.5000]], dtype=torch.float64)",tensor([-255]),['s']
50.0,47.18099287372351,50.81414767782361,50.913618563016875,"tensor([[0.5000]], dtype=torch.float64)",tensor([-255]),['s']
28.0,26.2071675306611,27.759129087733548,27.436375950485164,"tensor([[0.5000]], dtype=torch.float64)",tensor([-255]),['n']
19.0,20.78547441103236,18.99539888975152,18.98142422772981,"tensor([[0.5000]], dtype=torch.float64)",tensor([-255]),['s']
1.0,0.0,0.8623683179270818,1.7279158140169737,"tensor([[0.5000]], dtype=torch.float64)",tensor([-255]),['s']
14.0,12.97042299459158,13.933401583716536,14.20340082734924,"tensor([[0.5000]], dtype=torch.float64)",tensor([-255]),['n']
8.0,7.941627585526131,9.043343456133535,9.019271776637861,"tensor([[0.5000]], dtype=torch.float64)",tensor([-255]),['n']
24.0,34.4219657222987,23.995842674191532,23.88694671471121,"tensor([[0.5000]], dtype=torch.float64)",tensor([-255]),['n']
63.0,63.39630481702094,62.04059691093878,61.53269302488206,"tensor([[0.5000]], dtype=torch.float64)",tensor([-255]),['n']
44.0,44.98958389982309,45.18534267034351,45.080534320951564,"tensor([[0.5000]], dtype=torch.float64)",tensor([-255]),['s']
1.0,2.9604223181195253,0.9529059875967931,5.21304906273204,"tensor([[0.5000]], dtype=torch.float64)",tensor([-255]),['n']
60.0,61.26044492088114,59.35046438903073,59.12257820836535,"tensor([[0.5000]], dtype=torch.float64)",tensor([-255]),['n']
2.0,1.9644299322185939,1.7815445522229305,1.9073095086114562,"tensor([[0.5000]], dtype=torch.float64)",tensor([-255]),['n']
53.0,29.227488825328805,52.97500195214143,52.971550833670605,"tensor([[0.5000]], dtype=torch.float64)",tensor([-255]),['n']
47.0,47.48198253589334,47.32954289091055,47.06002806659268,"tensor([[0.5000]], dtype=torch.float64)",tensor([-255]),['n']
13.0,11.927600019961426,13.256138547814798,13.352485269598231,"tensor([[0.5000]], dtype=torch.float64)",tensor([-255]),['n']
56.0,54.76490613732605,55.74090093966896,55.888272245121485,"tensor([[0.5000]], dtype=torch.float64)",tensor([-255]),['s']
15.0,18.446531111243026,14.927023307032954,15.008972187737388,"tensor([[0.5000]], dtype=torch.float64)",tensor([-255]),['s']
54.0,53.28115617809263,54.12395123428903,54.05396602046316,"tensor([[0.5000]], dtype=torch.float64)",tensor([-255]),['n']
59.0,59.302231870742546,58.728514558984834,58.12007865283517,"tensor([[0.5000]], dtype=torch.float64)",tensor([-255]),['n']
41.0,41.607558708033395,41.56969693352437,41.7641838600008,"tensor([[0.5000]], dtype=torch.float64)",tensor([-255]),['n']
70.0,68.2878795232105,69.48610359191132,67.89940854179821,"tensor([[0.5000]], dtype=torch.float64)",tensor([-255]),['n']
18.0,19.01549315320795,17.84498061772178,17.96443329500862,"tensor([[0.5000]], dtype=torch.float64)",tensor([-255]),['s']
1.0,9.389231329162332,1.7333251627597313,1.7587522263046127,"tensor([[0.5000]], dtype=torch.float64)",tensor([-255]),['s']
27.0,29.642209867616295,26.83263009248384,27.04020149041539,"tensor([[0.5000]], dtype=torch.float64)",tensor([-255]),['n']
71.0,6.331361519470718,71.0,71.0,"tensor([[0.5000]], dtype=torch.float64)",tensor([-255]),['s']
71.0,1.314645728943748,70.34190602859925,69.01623732949402,"tensor([[0.5000]], dtype=torch.float64)",tensor([-255]),['s']
46.0,42.161618760841286,47.15420102400501,46.99053807627782,"tensor([[0.5000]], dtype=torch.float64)",tensor([-255]),['s']
61.0,62.018666147383485,60.55026554850256,60.31802322021858,"tensor([[0.5000]], dtype=torch.float64)",tensor([-255]),['n']
29.0,29.20054305900795,28.697293389646376,28.416493947899674,"tensor([[0.5000]], dtype=torch.float64)",tensor([-255]),['n']
36.0,38.937308430643135,36.14892737969532,35.84347083473388,"tensor([[0.5000]], dtype=torch.float64)",tensor([-255]),['s']
43.0,40.36794869382739,43.47675042615342,43.824108998537774,"tensor([[0.5000]], dtype=torch.float64)",tensor([-255]),['s']
6.0,4.515829672816778,5.867000906417626,6.096884669986651,"tensor([[0.5000]], dtype=torch.float64)",tensor([-255]),['n']
43.0,44.05332815058672,43.73661800948542,43.94032564556919,"tensor([[0.5000]], dtype=torch.float64)",tensor([-255]),['s']
30.0,27.196227397874672,29.47733722660093,28.654012267766046,"tensor([[0.5000]], dtype=torch.float64)",tensor([-255]),['n']
67.0,0.08229482300712447,66.81265856912698,66.83694847761927,"tensor([[0.5000]], dtype=torch.float64)",tensor([-255]),['n']
29.0,38.711710188750814,29.280669244032573,29.109930364910817,"tensor([[0.5000]], dtype=torch.float64)",tensor([-255]),['n']
31.0,32.480725935343955,25.797076374772338,29.18443900608656,"tensor([[0.5000]], dtype=torch.float64)",tensor([-255]),['s']
39.0,43.86564389739835,38.882383391219626,38.072882181657995,"tensor([[0.5000]], dtype=torch.float64)",tensor([-255]),['n']
7.0,7.656583779804517,6.852898618009438,6.877376221376917,"tensor([[0.5000]], dtype=torch.float64)",tensor([-255]),['s']
45.0,46.849992385083596,45.3029115181589,45.80484106954522,"tensor([[0.5000]], dtype=torch.float64)",tensor([-255]),['s']
59.0,59.13214759524388,58.39884877590567,57.43909543137633,"tensor([[0.5000]], dtype=torch.float64)",tensor([-255]),['n']
66.0,62.76540844654359,65.657710274711,65.2333561303271,"tensor([[0.5000]], dtype=torch.float64)",tensor([-255]),['s']
31.0,30.701595000557102,31.321634582422945,31.12206960821892,"tensor([[0.5000]], dtype=torch.float64)",tensor([-255]),['n']
13.0,13.496038629213391,13.103836585440394,13.044504534981165,"tensor([[0.5000]], dtype=torch.float64)",tensor([-255]),['n']
0.0,68.05411603924219,0.0,71.0,"tensor([[0.5000]], dtype=torch.float64)",tensor([-255]),['s']
6.0,2.8448367929749043,5.721762627424157,5.799797244668398,"tensor([[0.5000]], dtype=torch.float64)",tensor([-255]),['s']
59.0,58.93446655145093,58.32211489665088,57.98330687105619,"tensor([[0.5000]], dtype=torch.float64)",tensor([-255]),['n']
23.0,23.706424538860833,23.701846005004384,22.616224270956696,"tensor([[0.5000]], dtype=torch.float64)",tensor([-255]),['s']
58.0,37.372214691006135,57.453312635839026,57.34129465652572,"tensor([[0.5000]], dtype=torch.float64)",tensor([-255]),['n']
54.0,52.591431214988944,53.969179858170655,54.051909815933065,"tensor([[0.5000]], dtype=torch.float64)",tensor([-255]),['n']
26.0,29.67264467937361,26.083345090239366,25.934936109052256,"tensor([[0.5000]], dtype=torch.float64)",tensor([-255]),['s']
52.0,49.19847215982165,52.459059274956616,52.550260020094015,"tensor([[0.5000]], dtype=torch.float64)",tensor([-255]),['s']
32.0,30.696421937961,31.498854453374804,31.1336617384107,"tensor([[0.5000]], dtype=torch.float64)",tensor([-255]),['s']
45.0,46.96171818895672,44.88707865854777,46.26194400649686,"tensor([[0.5000]], dtype=torch.float64)",tensor([-255]),['s']
62.0,59.498569440306746,61.76056937732367,60.245905156464076,"tensor([[0.5000]], dtype=torch.float64)",tensor([-255]),['n']
13.0,13.143082609743228,13.337799470542647,13.762865511501587,"tensor([[0.5000]], dtype=torch.float64)",tensor([-255]),['s']
28.0,25.029641717191346,28.170719263217748,27.999787054939148,"tensor([[0.5000]], dtype=torch.float64)",tensor([-255]),['n']
21.0,20.986635478347885,21.08290864872795,20.97696551320616,"tensor([[0.5000]], dtype=torch.float64)",tensor([-255]),['n']
4.0,71.0,4.480341136753242,4.677589754235595,"tensor([[0.5000]], dtype=torch.float64)",tensor([-255]),['n']
57.0,55.959858346524555,56.4871202115648,56.93925554111988,"tensor([[0.5000]], dtype=torch.float64)",tensor([-255]),['s']
63.0,66.1228542603317,62.62703503437405,62.58570030664492,"tensor([[0.5000]], dtype=torch.float64)",tensor([-255]),['n']
51.0,50.20820234573123,51.33786174448602,51.20629828880057,"tensor([[0.5000]], dtype=torch.float64)",tensor([-255]),['s']
0.0,1.8080519474791021,0.0,0.0,"tensor([[0.5000]], dtype=torch.float64)",tensor([-255]),['n']
59.0,59.51323235598353,58.35704941403251,58.234589133752685,"tensor([[0.5000]], dtype=torch.float64)",tensor([-255]),['s']
19.0,18.787262431746875,18.985945127475226,18.989082747360598,"tensor([[0.5000]], dtype=torch.float64)",tensor([-255]),['n']
6.0,4.84657532717293,5.871134068160194,7.810877601563285,"tensor([[0.5000]], dtype=torch.float64)",tensor([-255]),['n']
69.0,66.39282793948779,69.14683067443022,69.00699529806127,"tensor([[0.5000]], dtype=torch.float64)",tensor([-255]),['s']
51.0,52.81155372695571,51.3926230517053,51.184201696924674,"tensor([[0.5000]], dtype=torch.float64)",tensor([-255]),['s']
7.0,5.044031318566702,7.076874423649126,7.418131342368012,"tensor([[0.5000]], dtype=torch.float64)",tensor([-255]),['n']
31.0,30.837378257299868,30.908993853883402,30.951666106518058,"tensor([[0.5000]], dtype=torch.float64)",tensor([-255]),['n']
68.0,65.91779484660546,67.41895685684466,67.79180309139694,"tensor([[0.5000]], dtype=torch.float64)",tensor([-255]),['s']
14.0,12.067281741949591,14.096313472157796,14.238129532937117,"tensor([[0.5000]], dtype=torch.float64)",tensor([-255]),['s']
50.0,46.830208326988085,49.99739806174593,50.31409315642363,"tensor([[0.5000]], dtype=torch.float64)",tensor([-255]),['n']
40.0,38.168267184272246,40.03124574887923,41.785943372559274,"tensor([[0.5000]], dtype=torch.float64)",tensor([-255]),['n']
0.0,70.13122021212811,0.0,0.41851947025397107,"tensor([[0.5000]], dtype=torch.float64)",tensor([-255]),['s']
57.0,29.66580702114807,56.943663544757655,56.819639185191555,"tensor([[0.5000]], dtype=torch.float64)",tensor([-255]),['s']
29.0,27.73776116811252,29.036827317745658,28.528161392417655,"tensor([[0.5000]], dtype=torch.float64)",tensor([-255]),['s']
32.0,34.05332659812014,33.00935429524273,32.99433438105936,"tensor([[0.5000]], dtype=torch.float64)",tensor([-255]),['s']
71.0,4.330347363798916,71.0,0.0,"tensor([[0.5000]], dtype=torch.float64)",tensor([-255]),['s']
37.0,36.158813936074466,36.678273725853906,37.595017191124526,"tensor([[0.5000]], dtype=torch.float64)",tensor([-255]),['s']
11.0,11.117144179002945,10.339732835673244,10.722338472331453,"tensor([[0.5000]], dtype=torch.float64)",tensor([-255]),['n']
50.0,45.80864605825141,50.49616390339648,50.62918313797581,"tensor([[0.5000]], dtype=torch.float64)",tensor([-255]),['n']
25.0,28.090566233929195,25.108040667350316,24.9351525562691,"tensor([[0.5000]], dtype=torch.float64)",tensor([-255]),['n']
29.0,30.164174209346477,28.670703034454718,28.37425595506542,"tensor([[0.5000]], dtype=torch.float64)",tensor([-255]),['s']
66.0,66.62485696770972,65.53046372094722,65.36726018160934,"tensor([[0.5000]], dtype=torch.float64)",tensor([-255]),['s']
50.0,59.40927072912265,50.36588361374807,50.75200389728058,"tensor([[0.5000]], dtype=torch.float64)",tensor([-255]),['s']
56.0,56.08564373747406,55.30353653015981,55.80022177165272,"tensor([[0.5000]], dtype=torch.float64)",tensor([-255]),['s']
32.0,28.9795863052572,32.34389228361853,32.291735289593326,"tensor([[0.5000]], dtype=torch.float64)",tensor([-255]),['s']
11.0,10.836661814294267,11.214863939177121,11.265970596094247,"tensor([[0.5000]], dtype=torch.float64)",tensor([-255]),['s']
39.0,38.79891631009764,40.31636152653999,39.94562229631386,"tensor([[0.5000]], dtype=torch.float64)",tensor([-255]),['s']
17.0,18.293023884265814,17.1080876879137,17.118334793750567,"tensor([[0.5000]], dtype=torch.float64)",tensor([-255]),['s']
26.0,59.99628195445683,25.176230768945015,24.80471602546554,"tensor([[0.5000]], dtype=torch.float64)",tensor([-255]),['n']
7.0,4.371014355255964,6.152633328985317,9.600436999284666,"tensor([[0.5000]], dtype=torch.float64)",tensor([-255]),['s']
69.0,67.46136006386097,59.65160597228083,67.95211555349937,"tensor([[0.5000]], dtype=torch.float64)",tensor([-255]),['s']
0.0,70.03259267674972,0.2753985420155947,0.30162929170845304,"tensor([[0.5000]], dtype=torch.float64)",tensor([-255]),['n']
69.0,70.27306187162688,69.1412803942817,69.17880179364217,"tensor([[0.5000]], dtype=torch.float64)",tensor([-255]),['n']
57.0,56.27663513045037,56.786376423093415,56.68558524718372,"tensor([[0.5000]], dtype=torch.float64)",tensor([-255]),['s']
37.0,31.947296364543245,36.95586870916816,36.94678362949771,"tensor([[0.5000]], dtype=torch.float64)",tensor([-255]),['n']
18.0,15.156796175179743,17.97309868095399,17.980159526327686,"tensor([[0.5000]], dtype=torch.float64)",tensor([-255]),['n']
59.0,59.79713155812105,58.51402770209627,58.15458021001184,"tensor([[0.5000]], dtype=torch.float64)",tensor([-255]),['n']
11.0,11.63394356417696,10.63947337848062,10.703623461790711,"tensor([[0.5000]], dtype=torch.float64)",tensor([-255]),['n']
30.0,29.09828115499026,25.60514626073212,29.2489212440918,"tensor([[0.5000]], dtype=torch.float64)",tensor([-255]),['s']
71.0,69.78382812983918,70.85821647067637,70.84763231789918,"tensor([[0.5000]], dtype=torch.float64)",tensor([-255]),['n']
36.0,25.852629977286643,36.07623402415567,35.740262697363725,"tensor([[0.5000]], dtype=torch.float64)",tensor([-255]),['s']
66.0,69.56030727049495,65.74438393132392,65.9842310387916,"tensor([[0.5000]], dtype=torch.float64)",tensor([-255]),['s']
63.0,61.895160630682696,62.761258578238376,62.421598914301136,"tensor([[0.5000]], dtype=torch.float64)",tensor([-255]),['n']
53.0,19.32039671423221,53.052657310554395,53.00648133338501,"tensor([[0.5000]], dtype=torch.float64)",tensor([-255]),['s']
51.0,46.14970708877064,51.31006280814821,51.33833852999961,"tensor([[0.5000]], dtype=torch.float64)",tensor([-255]),['n']
63.0,60.74632084667391,62.719250898708644,62.74718718656363,"tensor([[0.5000]], dtype=torch.float64)",tensor([-255]),['n']
49.0,50.97541632751185,49.61762342451535,49.58724121352664,"tensor([[0.5000]], dtype=torch.float64)",tensor([-255]),['n']
18.0,41.4802578187909,18.47372702717519,18.33919497669154,"tensor([[0.5000]], dtype=torch.float64)",tensor([-255]),['s']
47.0,45.10055462391077,48.69108805433078,48.68495202778992,"tensor([[0.5000]], dtype=torch.float64)",tensor([-255]),['s']
66.0,67.00822699537432,65.74809340016789,65.22715708177829,"tensor([[0.5000]], dtype=torch.float64)",tensor([-255]),['s']
2.0,69.57668695059985,2.0080776791690638,3.4941046570116336,"tensor([[0.5000]], dtype=torch.float64)",tensor([-255]),['n']
60.0,60.862553733044216,59.53749164231672,58.97666993936303,"tensor([[0.5000]], dtype=torch.float64)",tensor([-255]),['n']
22.0,22.69950337158491,22.364188586412393,22.04153204334007,"tensor([[0.5000]], dtype=torch.float64)",tensor([-255]),['s']
4.0,4.484807095054743,3.8638718401850385,4.674767780748767,"tensor([[0.5000]], dtype=torch.float64)",tensor([-255]),['s']
50.0,50.53574912282605,50.5194371338229,50.60245821612999,"tensor([[0.5000]], dtype=torch.float64)",tensor([-255]),['n']
43.0,45.152918055386074,43.1226849730206,43.10882965706586,"tensor([[0.5000]], dtype=torch.float64)",tensor([-255]),['n']
3.0,5.868497780383544,3.2373688523585034,3.111135486280754,"tensor([[0.5000]], dtype=torch.float64)",tensor([-255]),['s']
2.0,3.7431337139311127,2.077285990195916,1.9895457382564694,"tensor([[0.5000]], dtype=torch.float64)",tensor([-255]),['n']
1.0,70.59225279577245,0.9303115459447165,1.040388388656665,"tensor([[0.5000]], dtype=torch.float64)",tensor([-255]),['n']
52.0,50.06555692476067,52.156853732905496,52.21411242081289,"tensor([[0.5000]], dtype=torch.float64)",tensor([-255]),['n']
30.0,27.553316257394563,30.126351803470374,28.031501830098197,"tensor([[0.5000]], dtype=torch.float64)",tensor([-255]),['n']
57.0,10.70161598913482,56.672827106245066,56.83150657036428,"tensor([[0.5000]], dtype=torch.float64)",tensor([-255]),['s']
19.0,58.36661422004786,18.87452914385083,18.896833735507087,"tensor([[0.5000]], dtype=torch.float64)",tensor([-255]),['s']
30.0,27.42451417185292,30.41773369549159,30.521965248335096,"tensor([[0.5000]], dtype=torch.float64)",tensor([-255]),['s']
42.0,36.96981286636079,41.84444718690398,41.99928821667713,"tensor([[0.5000]], dtype=torch.float64)",tensor([-255]),['s']
70.0,70.2894834462178,70.07554421887497,69.73991524337207,"tensor([[0.5000]], dtype=torch.float64)",tensor([-255]),['s']
10.0,9.32101860454564,10.205756460993067,10.090924704957025,"tensor([[0.5000]], dtype=torch.float64)",tensor([-255]),['s']
55.0,55.12378987498565,54.88678581127409,54.951188318672344,"tensor([[0.5000]], dtype=torch.float64)",tensor([-255]),['n']
29.0,27.053543601507997,29.351160927176988,29.182665409254454,"tensor([[0.5000]], dtype=torch.float64)",tensor([-255]),['n']
30.0,29.907919044636774,29.79974897687828,29.41033366024062,"tensor([[0.5000]], dtype=torch.float64)",tensor([-255]),['s']
54.0,54.155359398280794,53.84894424382871,53.94787668683239,"tensor([[0.5000]], dtype=torch.float64)",tensor([-255]),['n']
60.0,60.03314384729771,59.25534288610333,58.9860069584673,"tensor([[0.5000]], dtype=torch.float64)",tensor([-255]),['s']
46.0,35.998182622225215,47.176323060631184,48.120587767730676,"tensor([[0.5000]], dtype=torch.float64)",tensor([-255]),['n']
46.0,41.7584294375232,49.1175266367457,47.36270125135873,"tensor([[0.5000]], dtype=torch.float64)",tensor([-255]),['s']
38.0,36.25592979695544,38.103527705582664,38.131018996608034,"tensor([[0.5000]], dtype=torch.float64)",tensor([-255]),['n']
67.0,64.35931264598688,66.72159618866816,66.77957514067086,"tensor([[0.5000]], dtype=torch.float64)",tensor([-255]),['n']
45.0,34.90361724835151,45.64527898251403,46.02906283746757,"tensor([[0.5000]], dtype=torch.float64)",tensor([-255]),['n']
32.0,27.667754462676523,32.26921584149997,32.86660633608529,"tensor([[0.5000]], dtype=torch.float64)",tensor([-255]),['s']
44.0,45.12353213095667,44.152627308419234,46.35313066055444,"tensor([[0.5000]], dtype=torch.float64)",tensor([-255]),['s']
9.0,10.016199907234423,8.570968062941159,8.678114375888363,"tensor([[0.5000]], dtype=torch.float64)",tensor([-255]),['n']
0.0,30.210275496949244,0.0,0.15446436314231257,"tensor([[0.5000]], dtype=torch.float64)",tensor([-255]),['s']
48.0,47.537722528844554,48.61309898000771,48.92986372579463,"tensor([[0.5000]], dtype=torch.float64)",tensor([-255]),['s']
27.0,25.024704555306766,27.546107517757857,27.08336655098229,"tensor([[0.5000]], dtype=torch.float64)",tensor([-255]),['n']
36.0,26.85846453796394,36.10182628669139,36.343772603686844,"tensor([[0.5000]], dtype=torch.float64)",tensor([-255]),['n']
34.0,39.45893720343615,34.19867450471003,33.88251212457213,"tensor([[0.5000]], dtype=torch.float64)",tensor([-255]),['n']
29.0,29.818904017740742,29.15091751252077,28.540637491557842,"tensor([[0.5000]], dtype=torch.float64)",tensor([-255]),['n']
